ICD1	ICD2	val11	occ1	occ2	NN	pval	bonf_thresh	fdr_thresh
J32	J34	622	1153	2698	54467	0.0	3.459010722933241e-06	3.459010722933241e-06
F10	K70	339	2775	398	54467	0.0	3.459010722933241e-06	6.918021445866482e-06
N20	N23	379	1653	617	54467	0.0	3.459010722933241e-06	1.0377032168799722e-05
E66	I10	494	1334	2354	54467	0.0	3.459010722933241e-06	1.3836042891732964e-05
N13	N20	494	674	1653	54467	0.0	3.459010722933241e-06	1.7295053614666204e-05
K21	K44	405	1158	870	54467	0.0	3.459010722933241e-06	2.0754064337599445e-05
E78	I10	620	2357	2354	54467	5.054e-321	3.459010722933241e-06	2.4213075060532686e-05
M51	M54	559	2359	2158	54467	2.1417254254496727e-282	3.459010722933241e-06	2.7672085783465928e-05
I21	I25	162	290	447	54467	2.90103062861274e-268	3.459010722933241e-06	3.113109650639917e-05
K21	K29	388	1158	2030	54467	6.940013145884169e-263	3.459010722933241e-06	3.459010722933241e-05
H91	H93	200	532	595	54467	6.403268615099113e-259	3.459010722933241e-06	3.804911795226565e-05
K29	K44	339	2030	870	54467	7.531280860698789e-254	3.459010722933241e-06	4.150812867519889e-05
E78	E79	285	2357	612	54467	2.8215892061559615e-220	3.459010722933241e-06	4.4967139398132135e-05
N13	N23	190	674	617	54467	1.6522698311203373e-213	3.459010722933241e-06	4.842615012106537e-05
E78	F17	429	2357	1675	54467	1.046450737907486e-210	3.459010722933241e-06	5.188516084399862e-05
F10	F32	392	2775	1248	54467	1.1411026639839022e-200	3.459010722933241e-06	5.5344171566931856e-05
E66	E78	374	1334	2357	54467	2.2732152622434972e-197	3.459010722933241e-06	5.8803182289865094e-05
E78	I25	231	2357	447	54467	2.533216935433978e-191	3.459010722933241e-06	6.226219301279834e-05
F10	F60	242	2775	471	54467	1.5174725368421345e-182	3.459010722933241e-06	6.572120373573158e-05
M23	M94	218	3184	339	54467	5.080313355788799e-181	3.459010722933241e-06	6.918021445866481e-05
J34	M95	176	2698	248	54467	1.1082770822896229e-170	3.459010722933241e-06	7.263922518159807e-05
E78	K76	330	2357	1207	54467	1.5409837999932678e-169	3.459010722933241e-06	7.60982359045313e-05
I20	I25	108	273	447	54467	2.990693554673179e-154	3.459010722933241e-06	7.955724662746454e-05
F10	F43	293	2775	987	54467	3.5561210480917e-141	3.459010722933241e-06	8.301625735039778e-05
E66	G47	227	1334	1106	54467	1.0628509508923746e-140	3.459010722933241e-06	8.647526807333102e-05
F10	F17	368	2775	1675	54467	1.0216150039885981e-131	3.459010722933241e-06	8.993427879626427e-05
F11	F13	77	229	242	54467	1.0767764005007795e-125	3.459010722933241e-06	9.339328951919751e-05
I10	I25	179	2354	447	54467	2.6615241374453066e-123	3.459010722933241e-06	9.685230024213075e-05
B18	F11	86	412	229	54467	4.366331627251605e-123	3.459010722933241e-06	0.00010031131096506398
E78	I21	148	2357	290	54467	3.955043077172899e-121	3.459010722933241e-06	0.00010377032168799724
M22	M23	158	273	3184	54467	1.216408909700943e-120	3.459010722933241e-06	0.00010722933241093047
M23	M24	198	3184	457	54467	1.9903357181171495e-119	3.459010722933241e-06	0.00011068834313386371
F10	G40	268	2775	991	54467	5.801858329524157e-118	3.459010722933241e-06	0.00011414735385679695
B18	F19	93	412	431	54467	1.982493214810687e-107	3.459010722933241e-06	0.00011760636457973019
K60	K61	115	577	657	54467	3.786433017332372e-104	3.459010722933241e-06	0.00012106537530266344
F10	F13	131	2775	242	54467	1.448038009738623e-102	3.459010722933241e-06	0.00012452438602559668
M17	M23	147	297	3184	54467	4.598516776949783e-99	3.459010722933241e-06	0.00012798339674852991
C62	C77	54	318	94	54467	9.89732166676921e-97	3.459010722933241e-06	0.00013144240747146315
J33	J34	135	297	2698	54467	3.670992607313e-94	3.459010722933241e-06	0.0001349014181943964
I84	K62	107	1340	302	54467	1.0108550220342655e-92	3.459010722933241e-06	0.00013836042891732963
F32	F60	123	1248	471	54467	3.892322891351453e-92	3.459010722933241e-06	0.00014181943964026287
E66	K76	186	1334	1207	54467	7.571539514540754e-92	3.459010722933241e-06	0.00014527845036319613
F32	F43	165	1248	987	54467	2.536013231162842e-91	3.459010722933241e-06	0.00014873746108612937
I10	K76	241	2354	1207	54467	4.7439605684811776e-91	3.459010722933241e-06	0.0001521964718090626
J32	J33	100	1153	297	54467	1.3112541986080149e-90	3.459010722933241e-06	0.00015565548253199585
E11	E66	117	403	1334	54467	3.786706398311736e-90	3.459010722933241e-06	0.00015911449325492908
E11	I10	143	403	2354	54467	7.103548535334079e-90	3.459010722933241e-06	0.00016257350397786232
E66	F17	213	1334	1675	54467	3.0841935043286827e-89	3.459010722933241e-06	0.00016603251470079556
F17	I21	110	1675	290	54467	1.3671666186817153e-88	3.459010722933241e-06	0.0001694915254237288
E79	I10	171	612	2354	54467	1.7077121123055676e-88	3.459010722933241e-06	0.00017295053614666204
I42	I50	44	159	101	54467	3.2480888253024495e-86	3.459010722933241e-06	0.0001764095468695953
F17	I25	127	1675	447	54467	2.3900098320940795e-84	3.459010722933241e-06	0.00017986855759252854
I26	I80	57	179	320	54467	5.412676310084511e-83	3.459010722933241e-06	0.00018332756831546178
F10	F33	141	2775	376	54467	6.687550576543053e-83	3.459010722933241e-06	0.00018678657903839501
E11	E78	136	403	2357	54467	3.822836477623534e-82	3.459010722933241e-06	0.00019024558976132825
M23	M65	161	3184	461	54467	2.9179812778714268e-80	3.459010722933241e-06	0.0001937046004842615
F43	F60	103	987	471	54467	5.2787265059952346e-79	3.459010722933241e-06	0.00019716361120719473
F11	F14	38	229	57	54467	1.1736253225947636e-77	3.459010722933241e-06	0.00020062262193012797
F17	I10	263	1675	2354	54467	1.3989882372395734e-75	3.459010722933241e-06	0.0002040816326530612
E79	K76	119	612	1207	54467	6.206494229850254e-75	3.459010722933241e-06	0.00020754064337599447
K85	K86	47	372	102	54467	1.7144943648618034e-74	3.459010722933241e-06	0.0002109996540989277
E66	E79	123	1334	612	54467	3.871249554046176e-74	3.459010722933241e-06	0.00021445866482186095
B35	A46	49	120	409	54467	3.3342704992626903e-72	3.459010722933241e-06	0.00021791767554479418
E78	I20	104	2357	273	54467	4.098676565575294e-69	3.459010722933241e-06	0.00022137668626772742
K02	K04	44	163	232	54467	5.781347526948006e-67	3.459010722933241e-06	0.00022483569699066066
F33	F60	66	376	471	54467	2.359307232798748e-65	3.459010722933241e-06	0.0002282947077135939
N18	I10	83	176	2354	54467	1.2217480456212586e-64	3.459010722933241e-06	0.00023175371843652714
I20	I21	51	273	290	54467	3.082650064913766e-63	3.459010722933241e-06	0.00023521272915946037
M22	M94	53	273	339	54467	7.497155504568708e-63	3.459010722933241e-06	0.00023867173988239364
I10	I21	101	2354	290	54467	8.977061517152406e-63	3.459010722933241e-06	0.00024213075060532688
F11	F19	53	229	431	54467	1.7849288785081367e-61	3.459010722933241e-06	0.0002455897613282601
C62	D40	37	318	81	54467	3.2750677297643284e-61	3.459010722933241e-06	0.00024904877205119335
F10	K71	79	2775	151	54467	1.0673949276077261e-60	3.459010722933241e-06	0.00025250778277412656
M23	M67	173	3184	713	54467	2.9804411778114267e-59	3.459010722933241e-06	0.00025596679349705983
F32	F41	96	1248	495	54467	4.906738262261785e-59	3.459010722933241e-06	0.0002594258042199931
F10	F12	74	2775	135	54467	6.254642452863534e-59	3.459010722933241e-06	0.0002628848149429263
K80	K81	51	923	120	54467	1.0186364465499285e-57	3.459010722933241e-06	0.00026634382566585957
N47	N48	53	620	194	54467	3.829687995189612e-57	3.459010722933241e-06	0.0002698028363887928
F32	F33	84	1248	376	54467	5.610164857526474e-57	3.459010722933241e-06	0.00027326184711172605
B18	F13	50	412	242	54467	2.495126271194129e-56	3.459010722933241e-06	0.00027672085783465926
F10	F19	119	2775	431	54467	1.8593542166585977e-53	3.459010722933241e-06	0.0002801798685575925
C83	C85	21	39	67	54467	1.421817045365077e-52	3.459010722933241e-06	0.00028363887928052573
H83	H93	40	97	595	54467	1.4974980063445482e-52	3.459010722933241e-06	0.000287097890003459
J18	J90	45	817	111	54467	2.677072744679045e-52	3.459010722933241e-06	0.00029055690072639226
I84	K60	98	1340	577	54467	6.6154561888931495e-52	3.459010722933241e-06	0.0002940159114493255
I10	I11	53	2354	82	54467	1.026079086122496e-51	3.459010722933241e-06	0.00029747492217225874
I10	I20	87	2354	273	54467	1.4114712876039106e-50	3.459010722933241e-06	0.00030093393289519195
F32	K70	79	1248	398	54467	1.6897506401662633e-49	3.459010722933241e-06	0.0003043929436181252
M23	M25	118	3184	412	54467	1.054519120434686e-48	3.459010722933241e-06	0.0003078519543410584
M42	M51	65	148	2359	54467	2.3687240891013883e-48	3.459010722933241e-06	0.0003113109650639917
K29	K76	165	2030	1207	54467	1.5432623185621318e-47	3.459010722933241e-06	0.0003147699757869249
F13	F60	46	242	471	54467	2.47258342477495e-47	3.459010722933241e-06	0.00031822898650985817
N18	I12	21	176	29	54467	6.057405504107079e-47	3.459010722933241e-06	0.00032168799723279143
C77	C78	22	94	58	54467	6.114504866157259e-47	3.459010722933241e-06	0.00032514700795572464
F19	B17	39	431	158	54467	1.315325905610919e-46	3.459010722933241e-06	0.0003286060186786579
F13	F19	44	242	431	54467	3.984867235457721e-46	3.459010722933241e-06	0.0003320650294015911
F17	J44	69	1675	249	54467	2.1379979483357153e-45	3.459010722933241e-06	0.0003355240401245244
F11	F12	31	229	135	54467	5.715864694480592e-45	3.459010722933241e-06	0.0003389830508474576
H33	H35	31	195	160	54467	9.509109920409985e-45	3.459010722933241e-06	0.00034244206157039086
F17	I20	71	1675	273	54467	1.27684343927727e-44	3.459010722933241e-06	0.00034590107229332407
F10	K76	191	2775	1207	54467	1.3812142014362414e-44	3.459010722933241e-06	0.00034936008301625734
F13	F14	25	242	57	54467	3.805937860095467e-44	3.459010722933241e-06	0.0003528190937391906
F17	K76	143	1675	1207	54467	1.530921259766561e-43	3.459010722933241e-06	0.0003562781044621238
F19	F60	52	431	471	54467	7.951312573953989e-43	3.459010722933241e-06	0.0003597371151850571
K01	K04	33	200	232	54467	1.8104070092528527e-42	3.459010722933241e-06	0.0003631961259079903
D53	F10	38	45	2775	54467	1.862741127248607e-42	3.459010722933241e-06	0.00036665513663092355
G40	K70	65	991	398	54467	1.5953964029069705e-41	3.459010722933241e-06	0.00037011414735385676
I35	I71	18	82	40	54467	2.3351680132075826e-41	3.459010722933241e-06	0.00037357315807679003
I85	K74	17	40	70	54467	7.467760048953651e-40	3.459010722933241e-06	0.00037703216879972324
D53	K70	24	45	398	54467	8.736290321757014e-40	3.459010722933241e-06	0.0003804911795226565
C82	C85	14	20	67	54467	1.628911421977861e-37	3.459010722933241e-06	0.00038395019024558977
K02	K08	23	163	98	54467	2.1413066211769463e-37	3.459010722933241e-06	0.000387409200968523
M24	M65	48	457	461	54467	3.736795407434411e-37	3.459010722933241e-06	0.00039086821169145625
M24	M67	56	457	713	54467	1.2332547513200617e-36	3.459010722933241e-06	0.00039432722241438946
N18	E21	17	176	27	54467	1.6907874758894997e-36	3.459010722933241e-06	0.0003977862331373227
K26	K29	61	214	2030	54467	2.441956469296689e-36	3.459010722933241e-06	0.00040124524386025593
E10	H36	19	314	29	54467	3.122218930672444e-36	3.459010722933241e-06	0.0004047042545831892
K21	K22	43	1158	150	54467	4.97658087014677e-36	3.459010722933241e-06	0.0004081632653061224
E10	E14	32	314	209	54467	9.759705574830965e-36	3.459010722933241e-06	0.0004116222760290557
G55	M51	30	36	2359	54467	1.5858045493457596e-35	3.459010722933241e-06	0.00041508128675198894
K01	K07	27	200	187	54467	4.890102530352889e-35	3.459010722933241e-06	0.00041854029747492215
F10	F61	46	2775	91	54467	5.041611155484984e-35	3.459010722933241e-06	0.0004219993081978554
N18	D64	24	176	140	54467	1.5283858127817146e-34	3.459010722933241e-06	0.0004254583189207886
J34	J35	168	2698	1189	54467	1.538278211470895e-34	3.459010722933241e-06	0.0004289173296437219
B18	B17	31	412	158	54467	1.7422851339931887e-34	3.459010722933241e-06	0.0004323763403666551
M42	M54	51	148	2158	54467	7.047478043993855e-34	3.459010722933241e-06	0.00043583535108958837
H90	H93	32	130	595	54467	7.089299187480633e-34	3.459010722933241e-06	0.0004392943618125216
B20	B24	15	24	140	54467	8.34048598622917e-34	3.459010722933241e-06	0.00044275337253545484
I34	I42	21	96	159	54467	9.69881871507731e-34	3.459010722933241e-06	0.0004462123832583881
E11	E14	33	403	209	54467	1.1552616931645993e-33	3.459010722933241e-06	0.0004496713939813213
K25	K26	28	225	214	54467	1.489980605581065e-33	3.459010722933241e-06	0.0004531304047042546
E66	I25	68	1334	447	54467	2.4067114563578003e-33	3.459010722933241e-06	0.0004565894154271878
E88	I10	44	100	2354	54467	2.91276516019726e-33	3.459010722933241e-06	0.00046004842615012106
E10	E11	37	314	403	54467	8.339844986196607e-33	3.459010722933241e-06	0.00046350743687305427
I10	I42	53	2354	159	54467	1.874904371122518e-32	3.459010722933241e-06	0.00046696644759598754
F10	G62	46	2775	101	54467	2.0024708356999314e-32	3.459010722933241e-06	0.00047042545831892075
K76	K85	59	1207	372	54467	2.1380508828981284e-32	3.459010722933241e-06	0.000473884469041854
E66	E88	36	1334	100	54467	2.7953355821494564e-32	3.459010722933241e-06	0.0004773434797647873
B18	F14	22	412	57	54467	3.349842773393876e-32	3.459010722933241e-06	0.0004808024904877205
F11	B17	25	229	158	54467	5.021046572683516e-32	3.459010722933241e-06	0.00048426150121065375
K25	K29	58	225	2030	54467	5.179247785922458e-32	3.459010722933241e-06	0.00048772051193358697
H50	H52	22	102	220	54467	6.681586653086064e-32	3.459010722933241e-06	0.0004911795226565202
J30	J34	60	190	2698	54467	8.261396508982792e-32	3.459010722933241e-06	0.0004946385333794535
K04	K08	22	232	98	54467	8.459317786110913e-32	3.459010722933241e-06	0.0004980975441023867
C71	D43	14	48	55	54467	8.852421184761283e-32	3.459010722933241e-06	0.0005015565548253199
F13	F32	49	242	1248	54467	1.4548011862935611e-31	3.459010722933241e-06	0.0005050155655482531
F20	F25	29	464	145	54467	4.305739284209442e-31	3.459010722933241e-06	0.0005084745762711864
K21	K76	100	1158	1207	54467	6.543231521219854e-31	3.459010722933241e-06	0.0005119335869941197
E78	K70	80	2357	398	54467	8.399133711351352e-31	3.459010722933241e-06	0.0005153925977170529
F17	K70	68	1675	398	54467	1.2918387190352874e-30	3.459010722933241e-06	0.0005188516084399862
C62	C78	20	318	58	54467	1.7486385155437465e-30	3.459010722933241e-06	0.0005223106191629194
F60	K70	40	471	398	54467	5.4418267031023916e-30	3.459010722933241e-06	0.0005257696298858526
M65	M94	37	461	339	54467	1.8759796209223718e-29	3.459010722933241e-06	0.0005292286406087858
C43	D22	20	116	170	54467	2.637800306955429e-29	3.459010722933241e-06	0.0005326876513317191
C78	C79	12	58	29	54467	3.2129229532567826e-29	3.459010722933241e-06	0.0005361466620546524
H50	H53	17	102	97	54467	3.515577370998908e-29	3.459010722933241e-06	0.0005396056727775856
A15	A16	16	65	122	54467	8.52392603023982e-29	3.459010722933241e-06	0.0005430646835005189
M53	M54	68	336	2158	54467	8.867493968793301e-29	3.459010722933241e-06	0.0005465236942234521
E78	I11	37	2357	82	54467	1.1341046755424448e-28	3.459010722933241e-06	0.0005499827049463853
E11	K76	57	403	1207	54467	1.134786955084939e-28	3.459010722933241e-06	0.0005534417156693185
C73	E89	10	49	14	54467	1.2967216382881796e-28	3.459010722933241e-06	0.0005569007263922518
B18	B24	26	412	140	54467	1.902253695885224e-28	3.459010722933241e-06	0.000560359737115185
K50	K56	26	254	225	54467	2.304227437018331e-28	3.459010722933241e-06	0.0005638187478381183
F10	K85	80	2775	372	54467	3.3774144954466066e-28	3.459010722933241e-06	0.0005672777585610515
E14	I10	55	209	2354	54467	9.358534607715714e-28	3.459010722933241e-06	0.0005707367692839848
C81	C83	13	85	39	54467	9.761258838788003e-28	3.459010722933241e-06	0.000574195780006918
B96	K29	24	33	2030	54467	1.2621363377370384e-27	3.459010722933241e-06	0.0005776547907298512
C73	E04	16	49	200	54467	1.7818110085001124e-27	3.459010722933241e-06	0.0005811138014527845
I26	I82	19	179	110	54467	1.8339264960326015e-27	3.459010722933241e-06	0.0005845728121757177
I70	I73	13	57	60	54467	2.0508445434005504e-27	3.459010722933241e-06	0.000588031822898651
K44	K76	81	870	1207	54467	2.350009473450948e-27	3.459010722933241e-06	0.0005914908336215842
J18	J96	26	817	83	54467	2.755959438993803e-27	3.459010722933241e-06	0.0005949498443445175
K29	K31	38	2030	106	54467	2.756117376974665e-27	3.459010722933241e-06	0.0005984088550674507
K04	K12	22	232	159	54467	7.936174604332704e-27	3.459010722933241e-06	0.0006018678657903839
L40	M07	12	226	15	54467	8.718980220438688e-27	3.459010722933241e-06	0.0006053268765133172
K02	K12	20	163	159	54467	8.786108459520592e-27	3.459010722933241e-06	0.0006087858872362504
I47	I49	19	155	139	54467	1.2031376538499706e-26	3.459010722933241e-06	0.0006122448979591836
N31	N39	20	77	362	54467	1.7392617947485935e-26	3.459010722933241e-06	0.0006157039086821169
K01	K09	17	200	71	54467	1.7427510668729377e-26	3.459010722933241e-06	0.0006191629194050502
H66	H90	20	208	130	54467	1.979688469497617e-26	3.459010722933241e-06	0.0006226219301279834
F12	F13	21	135	242	54467	2.1814794043326677e-26	3.459010722933241e-06	0.0006260809408509166
K35	K37	27	1006	85	54467	4.4212934827119154e-26	3.459010722933241e-06	0.0006295399515738498
N20	N39	59	1653	362	54467	6.33298717120123e-26	3.459010722933241e-06	0.0006329989622967831
B18	F12	24	412	135	54467	7.173316915049582e-26	3.459010722933241e-06	0.0006364579730197163
I42	I48	22	159	258	54467	8.580956645137744e-26	3.459010722933241e-06	0.0006399169837426495
M47	M51	55	228	2359	54467	1.1323574137061841e-25	3.459010722933241e-06	0.0006433759944655829
I42	I51	19	159	155	54467	1.7469784849780147e-25	3.459010722933241e-06	0.0006468350051885161
E78	K29	195	2357	2030	54467	1.777161641329851e-25	3.459010722933241e-06	0.0006502940159114493
E78	K21	135	2357	1158	54467	2.1954926262477813e-25	3.459010722933241e-06	0.0006537530266343825
H33	H52	22	195	220	54467	2.5235496420544584e-25	3.459010722933241e-06	0.0006572120373573158
M54	M99	32	2158	76	54467	5.373209008765482e-25	3.459010722933241e-06	0.000660671048080249
E78	E88	37	2357	100	54467	6.267593343179854e-25	3.459010722933241e-06	0.0006641300588031822
D35	D44	10	43	30	54467	9.004732410072586e-25	3.459010722933241e-06	0.0006675890695261156
F17	K29	154	1675	2030	54467	9.78501601069247e-25	3.459010722933241e-06	0.0006710480802490488
F12	F14	14	135	57	54467	1.1585587496530556e-24	3.459010722933241e-06	0.000674507090971982
C81	C85	13	85	67	54467	2.945948640010781e-24	3.459010722933241e-06	0.0006779661016949152
J43	J93	14	53	161	54467	4.7422195830081284e-24	3.459010722933241e-06	0.0006814251124178485
F10	F41	87	2775	495	54467	4.746351534189349e-24	3.459010722933241e-06	0.0006848841231407817
F19	F32	54	431	1248	54467	5.897431889423188e-24	3.459010722933241e-06	0.0006883431338637149
F12	F19	23	135	431	54467	5.965312033706148e-24	3.459010722933241e-06	0.0006918021445866481
N39	N41	21	362	119	54467	6.716579213415893e-24	3.459010722933241e-06	0.0006952611553095815
F32	F45	43	1248	264	54467	7.038066436163036e-24	3.459010722933241e-06	0.0006987201660325147
K80	K85	44	923	372	54467	7.804231779630819e-24	3.459010722933241e-06	0.0007021791767554479
K70	K76	51	398	1207	54467	8.712595823364202e-24	3.459010722933241e-06	0.0007056381874783812
H25	H33	17	102	195	54467	9.407092811250912e-24	3.459010722933241e-06	0.0007090971982013144
H25	H26	14	102	86	54467	1.0451022599650307e-23	3.459010722933241e-06	0.0007125562089242476
M19	M75	29	286	418	54467	1.2974843349839556e-23	3.459010722933241e-06	0.0007160152196471808
F10	F31	54	2775	208	54467	1.3587873652779543e-23	3.459010722933241e-06	0.0007194742303701142
M65	M67	43	461	713	54467	1.420615078825411e-23	3.459010722933241e-06	0.0007229332410930474
D69	D70	12	129	35	54467	1.4671037404868604e-23	3.459010722933241e-06	0.0007263922518159806
K29	K63	61	2030	353	54467	1.534237126373058e-23	3.459010722933241e-06	0.0007298512625389139
J01	J32	38	218	1153	54467	1.5559732538287067e-23	3.459010722933241e-06	0.0007333102732618471
E79	F17	74	612	1675	54467	1.6112460246876465e-23	3.459010722933241e-06	0.0007367692839847803
B16	B17	17	129	158	54467	1.6124214603337334e-23	3.459010722933241e-06	0.0007402282947077135
M24	M25	34	457	412	54467	2.8059126659198364e-23	3.459010722933241e-06	0.0007436873054306468
I25	I42	24	447	159	54467	2.999821745603791e-23	3.459010722933241e-06	0.0007471463161535801
K80	K83	19	923	41	54467	3.2311705118374115e-23	3.459010722933241e-06	0.0007506053268765133
M47	M54	50	228	2158	54467	3.5816192033125417e-23	3.459010722933241e-06	0.0007540643375994465
J35	J36	44	1189	303	54467	3.704518485772998e-23	3.459010722933241e-06	0.0007575233483223798
E88	K76	28	100	1207	54467	3.804608961796596e-23	3.459010722933241e-06	0.000760982359045313
H60	H66	17	106	208	54467	5.812120833829398e-23	3.459010722933241e-06	0.0007644413697682462
E78	F32	136	2357	1248	54467	7.909624444317405e-23	3.459010722933241e-06	0.0007679003804911795
F17	F32	110	1675	1248	54467	8.413634780951e-23	3.459010722933241e-06	0.0007713593912141128
F32	F61	27	1248	91	54467	9.661496260300256e-23	3.459010722933241e-06	0.000774818401937046
M43	M54	34	101	2158	54467	1.092938915409706e-22	3.459010722933241e-06	0.0007782774126599792
I26	J18	30	179	817	54467	1.525479893661011e-22	3.459010722933241e-06	0.0007817364233829125
H40	H52	17	106	220	54467	1.5371172525804088e-22	3.459010722933241e-06	0.0007851954341058457
H65	H90	15	109	130	54467	1.694703109441697e-22	3.459010722933241e-06	0.0007886544448287789
N18	D63	12	176	32	54467	1.888332985028911e-22	3.459010722933241e-06	0.0007921134555517122
E14	H36	12	209	29	54467	3.625648871617217e-22	3.459010722933241e-06	0.0007955724662746454
M17	M21	18	297	103	54467	3.9096058407351255e-22	3.459010722933241e-06	0.0007990314769975787
I25	I50	20	447	101	54467	4.55940682680403e-22	3.459010722933241e-06	0.0008024904877205119
I83	I87	21	1213	50	54467	6.175024510981017e-22	3.459010722933241e-06	0.0008059494984434452
K29	K80	101	2030	923	54467	7.089310917374304e-22	3.459010722933241e-06	0.0008094085091663784
F79	G40	18	38	991	54467	9.783353310074906e-22	3.459010722933241e-06	0.0008128675198893116
F07	G40	27	121	991	54467	9.951257219191016e-22	3.459010722933241e-06	0.0008163265306122448
F33	F43	43	376	987	54467	1.2511461111465767e-21	3.459010722933241e-06	0.0008197855413351781
I07	I34	9	16	96	54467	1.2638276344598914e-21	3.459010722933241e-06	0.0008232445520581114
G62	K70	19	101	398	54467	1.5811589755177984e-21	3.459010722933241e-06	0.0008267035627810446
H52	H53	16	220	97	54467	1.713777295242585e-21	3.459010722933241e-06	0.0008301625735039779
K35	K65	21	1006	61	54467	1.9461128556527476e-21	3.459010722933241e-06	0.0008336215842269111
K29	K92	58	2030	352	54467	2.1206959910770447e-21	3.459010722933241e-06	0.0008370805949498443
I10	I48	53	2354	258	54467	2.2946403793931667e-21	3.459010722933241e-06	0.0008405396056727775
F33	F41	32	376	495	54467	2.438907028507133e-21	3.459010722933241e-06	0.0008439986163957108
B24	B37	13	140	67	54467	2.7198550261525267e-21	3.459010722933241e-06	0.000847457627118644
F13	F43	35	242	987	54467	3.394097922227164e-21	3.459010722933241e-06	0.0008509166378415773
M25	M65	32	412	461	54467	4.561828600319908e-21	3.459010722933241e-06	0.0008543756485645106
N18	N19	12	176	40	54467	4.569445135425898e-21	3.459010722933241e-06	0.0008578346592874438
K29	K52	93	2030	827	54467	4.754106113273161e-21	3.459010722933241e-06	0.000861293670010377
I34	I50	13	96	101	54467	4.883613503237529e-21	3.459010722933241e-06	0.0008647526807333102
M25	M66	16	412	58	54467	5.136618863241321e-21	3.459010722933241e-06	0.0008682116914562435
I27	I50	10	29	101	54467	5.908919093781022e-21	3.459010722933241e-06	0.0008716707021791767
M50	M53	23	231	336	54467	6.329995600049377e-21	3.459010722933241e-06	0.00087512971290211
M22	M24	27	273	457	54467	8.895611589497922e-21	3.459010722933241e-06	0.0008785887236250432
E11	H36	13	403	29	54467	1.0004411010028761e-20	3.459010722933241e-06	0.0008820477343479765
N17	N18	14	80	176	54467	1.0005645973036311e-20	3.459010722933241e-06	0.0008855067450709097
F41	I10	74	495	2354	54467	1.602635808637729e-20	3.459010722933241e-06	0.0008889657557938429
M16	M87	17	178	170	54467	1.6701224090146847e-20	3.459010722933241e-06	0.0008924247665167762
C34	C79	8	31	29	54467	1.7495747292361866e-20	3.459010722933241e-06	0.0008958837772397094
I10	I50	33	2354	101	54467	1.894431248160809e-20	3.459010722933241e-06	0.0008993427879626426
I85	K70	14	40	398	54467	1.9224000117664887e-20	3.459010722933241e-06	0.0009028017986855759
M43	M51	33	101	2359	54467	2.0200196131975202e-20	3.459010722933241e-06	0.0009062608094085092
F10	F40	28	2775	61	54467	2.0449002134047568e-20	3.459010722933241e-06	0.0009097198201314424
M48	M51	27	64	2359	54467	2.3786410891313574e-20	3.459010722933241e-06	0.0009131788308543756
M53	M99	16	336	76	54467	2.3813035712817567e-20	3.459010722933241e-06	0.0009166378415773088
F12	F60	21	135	471	54467	2.533282968953377e-20	3.459010722933241e-06	0.0009200968523002421
I34	I35	12	96	82	54467	3.295073270381619e-20	3.459010722933241e-06	0.0009235558630231753
I84	K92	46	1340	352	54467	3.855396604922988e-20	3.459010722933241e-06	0.0009270148737461085
E14	E66	36	209	1334	54467	4.0150911528644836e-20	3.459010722933241e-06	0.0009304738844690419
F10	K86	35	2775	102	54467	4.061229103756212e-20	3.459010722933241e-06	0.0009339328951919751
B23	B24	9	16	140	54467	4.24686884680238e-20	3.459010722933241e-06	0.0009373919059149083
I84	K63	46	1340	353	54467	4.329746987702171e-20	3.459010722933241e-06	0.0009408509166378415
N18	I15	11	176	33	54467	5.3125195249594326e-20	3.459010722933241e-06	0.0009443099273607748
E14	E78	46	209	2357	54467	5.475440496699268e-20	3.459010722933241e-06	0.000947768938083708
K01	K02	17	200	163	54467	6.021697677351569e-20	3.459010722933241e-06	0.0009512279488066412
F10	F34	34	2775	97	54467	6.359140863742318e-20	3.459010722933241e-06	0.0009546869595295746
F17	J20	38	1675	194	54467	7.562089626515618e-20	3.459010722933241e-06	0.0009581459702525078
K04	K09	14	232	71	54467	8.448446705985581e-20	3.459010722933241e-06	0.000961604980975441
K70	K74	16	398	70	54467	8.460665469455518e-20	3.459010722933241e-06	0.0009650639916983742
N13	N39	34	674	362	54467	9.44993812855e-20	3.459010722933241e-06	0.0009685230024213075
K57	K63	27	387	353	54467	9.885900284806103e-20	3.459010722933241e-06	0.0009719820131442407
J03	J35	43	352	1189	54467	1.0419189525739291e-19	3.459010722933241e-06	0.0009754410238671739
F60	F61	18	471	91	54467	1.3990357543817518e-19	3.459010722933241e-06	0.0009789000345901073
E66	I11	24	1334	82	54467	1.4900084368249433e-19	3.459010722933241e-06	0.0009823590453130404
E66	I50	26	1334	101	54467	1.670305041754011e-19	3.459010722933241e-06	0.0009858180560359737
E78	F10	224	2357	2775	54467	1.6837431790408716e-19	3.459010722933241e-06	0.000989277066758907
F10	F30	27	2775	60	54467	1.8626798833697665e-19	3.459010722933241e-06	0.00099273607748184
K22	K44	26	150	870	54467	1.9515218119257514e-19	3.459010722933241e-06	0.0009961950882047734
J43	J44	13	53	249	54467	1.9863314147232116e-19	3.459010722933241e-06	0.0009996540989277067
K22	K29	36	150	2030	54467	2.6526109916699095e-19	3.459010722933241e-06	0.0010031131096506398
E78	F41	72	2357	495	54467	2.6967825160688407e-19	3.459010722933241e-06	0.0010065721203735732
N18	I50	14	176	101	54467	3.210168438200747e-19	3.459010722933241e-06	0.0010100311310965063
H66	H70	10	208	22	54467	3.2934330700205934e-19	3.459010722933241e-06	0.0010134901418194396
M62	M99	11	85	76	54467	3.5972237656932274e-19	3.459010722933241e-06	0.001016949152542373
E66	I42	31	1334	159	54467	3.76156124158089e-19	3.459010722933241e-06	0.001020408163265306
K21	K25	34	1158	225	54467	4.0909785029788067e-19	3.459010722933241e-06	0.0010238671739882393
D16	L05	24	171	627	54467	4.540466751317084e-19	3.459010722933241e-06	0.0010273261847111726
H35	H36	10	160	29	54467	6.864053112611816e-19	3.459010722933241e-06	0.0010307851954341057
K21	K26	33	1158	214	54467	7.182630092265434e-19	3.459010722933241e-06	0.001034244206157039
N19	I10	21	40	2354	54467	1.2183826693137926e-18	3.459010722933241e-06	0.0010377032168799724
F20	F23	22	464	188	54467	1.3003083997186927e-18	3.459010722933241e-06	0.0010411622276029055
C19	C20	6	10	26	54467	1.3319430896141208e-18	3.459010722933241e-06	0.0010446212383258388
F10	F63	27	2775	64	54467	1.4682603773649416e-18	3.459010722933241e-06	0.0010480802490487721
F10	F11	50	2775	229	54467	1.814976817303115e-18	3.459010722933241e-06	0.0010515392597717052
K40	K42	60	1929	451	54467	1.8367431905696754e-18	3.459010722933241e-06	0.0010549982704946385
I47	I48	17	155	258	54467	1.9430062991351136e-18	3.459010722933241e-06	0.0010584572812175716
M22	M65	25	273	461	54467	1.9582248405148555e-18	3.459010722933241e-06	0.001061916291940505
N46	I86	20	304	220	54467	2.003214473138203e-18	3.459010722933241e-06	0.0010653753026634383
J30	J45	21	190	411	54467	2.24591194653613e-18	3.459010722933241e-06	0.0010688343133863714
N04	N18	10	30	176	54467	2.720988861688998e-18	3.459010722933241e-06	0.0010722933241093047
F17	F33	50	1675	376	54467	4.653613940838846e-18	3.459010722933241e-06	0.001075752334832238
M19	M24	25	286	457	54467	4.866025451196652e-18	3.459010722933241e-06	0.0010792113455551711
E21	I12	7	27	29	54467	4.879351090802772e-18	3.459010722933241e-06	0.0010826703562781044
M67	M94	32	713	339	54467	5.026720130466337e-18	3.459010722933241e-06	0.0010861293670010378
F17	K71	32	1675	151	54467	5.273987910198632e-18	3.459010722933241e-06	0.0010895883777239709
N17	A41	10	80	70	54467	9.623653610655913e-18	3.459010722933241e-06	0.0010930473884469042
F60	F63	15	471	64	54467	9.805317071196081e-18	3.459010722933241e-06	0.0010965063991698373
E11	I25	28	403	447	54467	1.1367156947818828e-17	3.459010722933241e-06	0.0010999654098927706
L02	L73	20	669	113	54467	1.2619525613771717e-17	3.459010722933241e-06	0.001103424420615704
N18	N25	8	176	13	54467	1.2846298597274479e-17	3.459010722933241e-06	0.001106883431338637
K29	K85	54	2030	372	54467	1.6904476749265912e-17	3.459010722933241e-06	0.0011103424420615703
F05	F10	20	35	2775	54467	2.0155426700799345e-17	3.459010722933241e-06	0.0011138014527845037
M51	M53	55	2359	336	54467	2.378620117398023e-17	3.459010722933241e-06	0.0011172604635074368
M25	M94	25	412	339	54467	2.4148716544662716e-17	3.459010722933241e-06	0.00112071947423037
C79	C80	7	29	34	54467	2.948564830585743e-17	3.459010722933241e-06	0.0011241784849533034
M17	M94	22	297	339	54467	3.198434858786747e-17	3.459010722933241e-06	0.0011276374956762365
K31	K44	21	106	870	54467	3.2734732303612476e-17	3.459010722933241e-06	0.0011310965063991698
M21	M23	34	103	3184	54467	3.6377692851381963e-17	3.459010722933241e-06	0.001134555517122103
E78	K71	36	2357	151	54467	3.779485453040227e-17	3.459010722933241e-06	0.0011380145278450363
E79	G40	48	612	991	54467	4.2336837653806063e-17	3.459010722933241e-06	0.0011414735385679696
I63	I64	10	81	80	54467	4.498532269860321e-17	3.459010722933241e-06	0.0011449325492909027
H33	H44	10	195	35	54467	4.6529116354575716e-17	3.459010722933241e-06	0.001148391560013836
B15	B16	9	32	129	54467	4.726370413873257e-17	3.459010722933241e-06	0.0011518505707367693
F41	F45	24	495	264	54467	5.590577196698063e-17	3.459010722933241e-06	0.0011553095814597024
D86	L52	8	140	18	54467	6.659138644002963e-17	3.459010722933241e-06	0.0011587685921826357
I21	I24	10	290	26	54467	7.718827785352836e-17	3.459010722933241e-06	0.001162227602905569
F13	F41	23	242	495	54467	9.423493676055514e-17	3.459010722933241e-06	0.0011656866136285022
D68	I80	13	65	320	54467	9.715559118572555e-17	3.459010722933241e-06	0.0011691456243514355
G47	I10	112	1106	2354	54467	1.0280246322276691e-16	3.459010722933241e-06	0.0011726046350743688
E10	E16	11	314	36	54467	1.0363132413654946e-16	3.459010722933241e-06	0.001176063645797302
I27	I42	9	29	159	54467	1.1657968770701413e-16	3.459010722933241e-06	0.0011795226565202352
H40	H47	9	106	42	54467	1.195282779852779e-16	3.459010722933241e-06	0.0011829816672431683
H43	H36	7	42	29	54467	1.4745032520828033e-16	3.459010722933241e-06	0.0011864406779661016
F17	F60	54	1675	471	54467	1.6073975033060785e-16	3.459010722933241e-06	0.001189899688689035
M17	M65	24	297	461	54467	1.660912919063035e-16	3.459010722933241e-06	0.001193358699411968
C71	G40	16	48	991	54467	1.6757416888446663e-16	3.459010722933241e-06	0.0011968177101349014
K26	K44	27	214	870	54467	1.7227329628502193e-16	3.459010722933241e-06	0.0012002767208578347
G47	J34	122	1106	2698	54467	1.7432657980545585e-16	3.459010722933241e-06	0.0012037357315807678
I10	I12	17	2354	29	54467	1.9142327878943534e-16	3.459010722933241e-06	0.0012071947423037011
B22	B24	7	11	140	54467	2.0832967567401278e-16	3.459010722933241e-06	0.0012106537530266344
J02	J03	15	102	352	54467	2.230537457637737e-16	3.459010722933241e-06	0.0012141127637495675
M53	M62	14	336	85	54467	2.256854609395942e-16	3.459010722933241e-06	0.0012175717744725009
F43	F61	20	987	91	54467	2.347593850516883e-16	3.459010722933241e-06	0.001221030785195434
N03	N18	9	29	176	54467	2.9583510803801126e-16	3.459010722933241e-06	0.0012244897959183673
A15	B90	8	65	42	54467	3.006007903516615e-16	3.459010722933241e-06	0.0012279488066413006
A41	J18	17	70	817	54467	3.139170082266756e-16	3.459010722933241e-06	0.0012314078173642337
N23	N39	29	617	362	54467	3.3093392411524094e-16	3.459010722933241e-06	0.001234866828087167
E78	M47	43	2357	228	54467	3.6478662488107185e-16	3.459010722933241e-06	0.0012383258388101003
H43	H33	10	42	195	54467	3.649584675390919e-16	3.459010722933241e-06	0.0012417848495330334
H66	H71	11	208	58	54467	3.75322698900763e-16	3.459010722933241e-06	0.0012452438602559668
G43	G44	20	265	332	54467	4.2163152901680615e-16	3.459010722933241e-06	0.0012487028709789
H65	H66	13	109	208	54467	4.2608332546430327e-16	3.459010722933241e-06	0.0012521618817018332
E79	K70	30	612	398	54467	4.267958454510575e-16	3.459010722933241e-06	0.0012556208924247665
N18	A41	11	176	70	54467	5.358888551343797e-16	3.459010722933241e-06	0.0012590799031476996
H66	H72	10	208	41	54467	5.36182952925806e-16	3.459010722933241e-06	0.001262538913870633
K50	K63	20	254	353	54467	6.015411737263736e-16	3.459010722933241e-06	0.0012659979245935662
G40	K71	24	991	151	54467	6.842109171589497e-16	3.459010722933241e-06	0.0012694569353164994
F14	F19	13	57	431	54467	7.111368288277412e-16	3.459010722933241e-06	0.0012729159460394327
I63	I66	6	81	9	54467	7.493079851862046e-16	3.459010722933241e-06	0.001276374956762366
F43	K70	37	987	398	54467	7.565517192136304e-16	3.459010722933241e-06	0.001279833967485299
I06	I35	6	9	82	54467	8.084256631254617e-16	3.459010722933241e-06	0.0012832929782082324
E78	I49	33	2357	139	54467	8.731309095043945e-16	3.459010722933241e-06	0.0012867519889311657
F32	I10	119	1248	2354	54467	9.545526496068055e-16	3.459010722933241e-06	0.0012902109996540988
H20	H40	9	52	106	54467	9.705370597349018e-16	3.459010722933241e-06	0.0012936700103770322
I25	I51	18	447	155	54467	1.0811919295482118e-15	3.459010722933241e-06	0.0012971290210999655
F32	G62	22	1248	101	54467	1.170574863254127e-15	3.459010722933241e-06	0.0013005880318228986
D62	K26	10	43	214	54467	1.2141524832317635e-15	3.459010722933241e-06	0.001304047042545832
F22	F23	11	71	188	54467	1.3176725571327548e-15	3.459010722933241e-06	0.001307506053268765
F43	F63	17	987	64	54467	1.3294124912187183e-15	3.459010722933241e-06	0.0013109650639916983
E78	G45	32	2357	133	54467	1.5714044837071799e-15	3.459010722933241e-06	0.0013144240747146316
A41	J96	9	70	83	54467	1.7074771271386972e-15	3.459010722933241e-06	0.0013178830854375647
D43	G40	16	55	991	54467	1.963252226521121e-15	3.459010722933241e-06	0.001321342096160498
C64	D41	7	33	52	54467	1.9885591725144313e-15	3.459010722933241e-06	0.0013248011068834314
F13	K70	20	242	398	54467	2.3208964543107633e-15	3.459010722933241e-06	0.0013282601176063645
F17	J18	72	1675	817	54467	2.4255700734959034e-15	3.459010722933241e-06	0.0013317191283292978
N17	I10	25	80	2354	54467	2.4953431530987958e-15	3.459010722933241e-06	0.0013351781390522311
F10	K74	25	2775	70	54467	2.963571951325445e-15	3.459010722933241e-06	0.0013386371497751642
K42	K43	18	451	163	54467	3.0946303045997362e-15	3.459010722933241e-06	0.0013420961604980975
C82	C83	6	20	39	54467	3.4629262152401986e-15	3.459010722933241e-06	0.0013455551712210306
F32	F63	18	1248	64	54467	3.580608133863215e-15	3.459010722933241e-06	0.001349014181943964
E78	F45	45	2357	264	54467	3.850557075341481e-15	3.459010722933241e-06	0.0013524731926668973
M22	M25	21	273	412	54467	3.853410461818172e-15	3.459010722933241e-06	0.0013559322033898304
I10	I51	34	2354	155	54467	3.945362569188027e-15	3.459010722933241e-06	0.0013593912141127637
K26	K92	18	214	352	54467	5.275285728901614e-15	3.459010722933241e-06	0.001362850224835697
H43	H35	9	42	160	54467	5.322268900880862e-15	3.459010722933241e-06	0.0013663092355586301
C78	C80	7	58	34	54467	5.609167165009167e-15	3.459010722933241e-06	0.0013697682462815634
F17	K86	24	1675	102	54467	5.972384045097571e-15	3.459010722933241e-06	0.0013732272570044968
C62	D70	10	318	35	54467	6.443031055512638e-15	3.459010722933241e-06	0.0013766862677274299
C18	C20	6	33	26	54467	6.9741556148365856e-15	3.459010722933241e-06	0.0013801452784503632
F19	F33	24	431	376	54467	7.298190645695802e-15	3.459010722933241e-06	0.0013836042891732963
D63	E21	6	32	27	54467	7.335756518195448e-15	3.459010722933241e-06	0.0013870632998962296
E78	I48	44	2357	258	54467	7.597215532755209e-15	3.459010722933241e-06	0.001390522310619163
E78	I42	34	2357	159	54467	9.146303497569417e-15	3.459010722933241e-06	0.001393981321342096
M19	M25	21	286	412	54467	9.710276397398679e-15	3.459010722933241e-06	0.0013974403320650293
N18	I25	18	176	447	54467	1.0326727830760707e-14	3.459010722933241e-06	0.0014008993427879627
E66	I20	34	1334	273	54467	1.0956945256209052e-14	3.459010722933241e-06	0.0014043583535108958
G35	H46	9	200	37	54467	1.151985958496163e-14	3.459010722933241e-06	0.001407817364233829
D63	I12	6	32	29	54467	1.1762370617040005e-14	3.459010722933241e-06	0.0014112763749567624
I50	J90	10	101	111	54467	1.3422264576365218e-14	3.459010722933241e-06	0.0014147353856796955
I63	I65	7	81	28	54467	1.423679867755629e-14	3.459010722933241e-06	0.0014181943964026288
I33	I35	6	13	82	54467	1.6436109446506118e-14	3.459010722933241e-06	0.001421653407125562
M23	M93	36	3184	138	54467	1.7782649061508807e-14	3.459010722933241e-06	0.0014251124178484953
D12	I84	24	131	1340	54467	1.7882095393455105e-14	3.459010722933241e-06	0.0014285714285714286
M48	M54	21	64	2158	54467	2.6145399187492834e-14	3.459010722933241e-06	0.0014320304392943617
E11	E88	14	403	100	54467	2.9209462086329724e-14	3.459010722933241e-06	0.001435489450017295
K70	K71	16	398	151	54467	3.058169532026906e-14	3.459010722933241e-06	0.0014389484607402283
B24	F19	16	140	431	54467	3.127570231908336e-14	3.459010722933241e-06	0.0014424074714631614
N39	N45	18	362	232	54467	3.480112334385812e-14	3.459010722933241e-06	0.0014458664821860947
I45	I47	11	115	155	54467	3.814929230312023e-14	3.459010722933241e-06	0.001449325492909028
I34	I48	12	96	258	54467	4.3334527489246285e-14	3.459010722933241e-06	0.0014527845036319612
K25	K44	25	225	870	54467	4.3980860615676233e-14	3.459010722933241e-06	0.0014562435143548945
K81	K82	9	120	69	54467	4.568419305476644e-14	3.459010722933241e-06	0.0014597025250778278
H44	H57	6	35	33	54467	4.8981203918613303e-14	3.459010722933241e-06	0.001463161535800761
E03	E78	31	140	2357	54467	4.9794101081279225e-14	3.459010722933241e-06	0.0014666205465236942
K56	K66	11	225	82	54467	5.059302783362744e-14	3.459010722933241e-06	0.0014700795572466273
G25	G47	17	71	1106	54467	5.566354580840948e-14	3.459010722933241e-06	0.0014735385679695606
F10	F20	66	2775	464	54467	6.220917843806407e-14	3.459010722933241e-06	0.001476997578692494
N18	E87	11	176	106	54467	6.228869429371579e-14	3.459010722933241e-06	0.001480456589415427
E66	I21	34	1334	290	54467	6.538748304630663e-14	3.459010722933241e-06	0.0014839156001383604
G00	G03	6	17	75	54467	6.792244826403504e-14	3.459010722933241e-06	0.0014873746108612937
M50	M51	40	231	2359	54467	7.631641437480126e-14	3.459010722933241e-06	0.0014908336215842268
B18	B16	15	412	129	54467	8.048852876315894e-14	3.459010722933241e-06	0.0014942926323071601
N31	G82	8	77	69	54467	8.55443823516525e-14	3.459010722933241e-06	0.0014977516430300934
J44	J45	19	249	411	54467	8.823591699970242e-14	3.459010722933241e-06	0.0015012106537530265
K56	K65	10	225	61	54467	8.876176671869823e-14	3.459010722933241e-06	0.0015046696644759599
F19	F20	25	431	464	54467	9.233281606987327e-14	3.459010722933241e-06	0.001508128675198893
K76	K86	20	1207	102	54467	1.0419554477540662e-13	3.459010722933241e-06	0.0015115876859218263
K01	K08	11	200	98	54467	1.0513458105391304e-13	3.459010722933241e-06	0.0015150466966447596
F06	F07	8	46	121	54467	1.1398915917062378e-13	3.459010722933241e-06	0.0015185057073676927
N35	N39	15	151	362	54467	1.3002468272008967e-13	3.459010722933241e-06	0.001521964718090626
E66	J44	31	1334	249	54467	1.6308060862223696e-13	3.459010722933241e-06	0.0015254237288135593
N18	N28	10	176	82	54467	1.6771502792777616e-13	3.459010722933241e-06	0.0015288827395364924
J44	J96	11	249	83	54467	1.76334379597033e-13	3.459010722933241e-06	0.0015323417502594258
J45	L20	13	411	89	54467	1.7821073415700027e-13	3.459010722933241e-06	0.001535800760982359
F13	F17	34	242	1675	54467	1.9348628251672693e-13	3.459010722933241e-06	0.0015392597717052922
A63	B07	12	252	111	54467	1.944956755234315e-13	3.459010722933241e-06	0.0015427187824282255
I34	I36	6	96	16	54467	2.018934008386716e-13	3.459010722933241e-06	0.0015461777931511586
N18	I42	12	176	159	54467	2.0915427203458006e-13	3.459010722933241e-06	0.001549636803874092
K63	K65	11	353	61	54467	2.2705009777123574e-13	3.459010722933241e-06	0.0015530958145970252
E78	I64	23	2357	80	54467	2.4337553175563613e-13	3.459010722933241e-06	0.0015565548253199583
E10	G63	6	314	7	54467	2.4378989086304404e-13	3.459010722933241e-06	0.0015600138360428917
C62	C63	6	318	7	54467	2.6317042411068423e-13	3.459010722933241e-06	0.001563472846765825
J86	J90	7	31	111	54467	3.0418286860037327e-13	3.459010722933241e-06	0.001566931857488758
B20	B37	6	24	67	54467	3.641555423823921e-13	3.459010722933241e-06	0.0015703908682116914
N05	N18	7	21	176	54467	3.65030331475065e-13	3.459010722933241e-06	0.0015738498789346247
K21	K63	34	1158	353	54467	3.6634843250020984e-13	3.459010722933241e-06	0.0015773088896575578
F32	F40	16	1248	61	54467	4.0485197462376547e-13	3.459010722933241e-06	0.0015807679003804912
B24	B17	11	140	158	54467	4.226339155555137e-13	3.459010722933241e-06	0.0015842269111034245
I24	I25	9	26	447	54467	4.3035640585635694e-13	3.459010722933241e-06	0.0015876859218263576
F19	F61	13	431	91	54467	4.3679816698337917e-13	3.459010722933241e-06	0.001591144932549291
G82	L89	6	69	24	54467	4.37186187715379e-13	3.459010722933241e-06	0.001594603943272224
K20	K29	17	47	2030	54467	4.577634259557324e-13	3.459010722933241e-06	0.0015980629539951573
I10	K70	53	2354	398	54467	4.816750434194537e-13	3.459010722933241e-06	0.0016015219647180906
D64	E21	7	140	27	54467	5.417555379249988e-13	3.459010722933241e-06	0.0016049809754410237
E10	I10	46	314	2354	54467	5.475957920628666e-13	3.459010722933241e-06	0.001608439986163957
F12	F17	25	135	1675	54467	5.611111387161429e-13	3.459010722933241e-06	0.0016118989968868904
K80	K82	15	923	69	54467	5.910543323940424e-13	3.459010722933241e-06	0.0016153580076098235
M42	M53	14	148	336	54467	6.168670280377822e-13	3.459010722933241e-06	0.0016188170183327568
J01	J34	40	218	2698	54467	7.544125006885841e-13	3.459010722933241e-06	0.0016222760290556901
M42	M99	9	148	76	54467	7.700669012129788e-13	3.459010722933241e-06	0.0016257350397786232
M87	M93	11	170	138	54467	8.062650010303671e-13	3.459010722933241e-06	0.0016291940505015565
I60	I61	7	61	63	54467	8.151664342615953e-13	3.459010722933241e-06	0.0016326530612244896
F12	F20	15	135	464	54467	8.732335520553685e-13	3.459010722933241e-06	0.001636112071947423
I10	J44	40	2354	249	54467	8.826294630777568e-13	3.459010722933241e-06	0.0016395710826703563
E21	I10	14	27	2354	54467	9.010649015576e-13	3.459010722933241e-06	0.0016430300933932894
K44	K92	29	870	352	54467	9.427367654128834e-13	3.459010722933241e-06	0.0016464891041162227
B18	F10	59	412	2775	54467	9.761557033501434e-13	3.459010722933241e-06	0.001649948114839156
D68	I82	8	65	110	54467	9.794262226761954e-13	3.459010722933241e-06	0.0016534071255620891
K73	B17	8	46	158	54467	9.960613039270923e-13	3.459010722933241e-06	0.0016568661362850224
D86	J84	7	140	30	54467	1.2340273335622826e-12	3.459010722933241e-06	0.0016603251470079558
N39	G82	11	362	69	54467	1.2415137748122625e-12	3.459010722933241e-06	0.0016637841577308889
H71	H90	8	58	130	54467	1.4676121272056285e-12	3.459010722933241e-06	0.0016672431684538222
N18	N26	7	176	25	54467	1.4927142176892845e-12	3.459010722933241e-06	0.0016707021791767553
F17	K21	83	1675	1158	54467	1.627832392880891e-12	3.459010722933241e-06	0.0016741611898996886
C77	D40	8	94	81	54467	1.682952165793627e-12	3.459010722933241e-06	0.001677620200622622
A41	K65	7	70	61	54467	1.7555253406431864e-12	3.459010722933241e-06	0.001681079211345555
B18	K73	10	412	46	54467	1.7589868937679328e-12	3.459010722933241e-06	0.0016845382220684883
F33	F61	12	376	91	54467	1.9009900678963106e-12	3.459010722933241e-06	0.0016879972327914217
J37	J38	9	59	214	54467	1.9965924374338577e-12	3.459010722933241e-06	0.0016914562435143548
F70	G40	15	70	991	54467	2.0309915385890112e-12	3.459010722933241e-06	0.001694915254237288
J03	J36	18	352	303	54467	2.0472624227790355e-12	3.459010722933241e-06	0.0016983742649602214
N18	E79	18	176	612	54467	2.054771889322532e-12	3.459010722933241e-06	0.0017018332756831545
H35	I10	31	160	2354	54467	2.1103806645303472e-12	3.459010722933241e-06	0.0017052922864060878
I10	I64	22	2354	80	54467	2.113811475077916e-12	3.459010722933241e-06	0.0017087512971290211
H27	H33	7	24	195	54467	2.223589643552981e-12	3.459010722933241e-06	0.0017122103078519542
K76	K80	58	1207	923	54467	2.2468078250393765e-12	3.459010722933241e-06	0.0017156693185748876
G55	M54	15	36	2158	54467	2.247683824043177e-12	3.459010722933241e-06	0.0017191283292978207
I48	I50	11	258	101	54467	2.3735433712638654e-12	3.459010722933241e-06	0.001722587340020754
I61	I62	6	63	34	54467	2.4580459212872253e-12	3.459010722933241e-06	0.0017260463507436873
F10	F14	20	2775	57	54467	2.5413043567190187e-12	3.459010722933241e-06	0.0017295053614666204
D50	K25	11	117	225	54467	2.7631761954077753e-12	3.459010722933241e-06	0.0017329643721895537
E79	F10	75	612	2775	54467	2.767070615447902e-12	3.459010722933241e-06	0.001736423382912487
I11	K76	17	82	1207	54467	2.8087156323503407e-12	3.459010722933241e-06	0.0017398823936354202
E78	I63	22	2357	81	54467	2.8538466671520477e-12	3.459010722933241e-06	0.0017433414043583535
I80	I82	12	320	110	54467	2.894954306306991e-12	3.459010722933241e-06	0.0017468004150812868
F17	J43	16	1675	53	54467	3.0245136885763523e-12	3.459010722933241e-06	0.00175025942580422
J30	J33	14	190	297	54467	3.5962814884500223e-12	3.459010722933241e-06	0.0017537184365271532
G04	G35	8	43	200	54467	3.728392880845711e-12	3.459010722933241e-06	0.0017571774472500863
F17	F41	48	1675	495	54467	3.822516104652436e-12	3.459010722933241e-06	0.0017606364579730196
F17	G40	74	1675	991	54467	3.912231538306118e-12	3.459010722933241e-06	0.001764095468695953
I30	I31	6	36	64	54467	3.919300691732659e-12	3.459010722933241e-06	0.001767554479418886
I11	I25	12	82	447	54467	3.975947390949064e-12	3.459010722933241e-06	0.0017710134901418194
F43	F45	26	987	264	54467	4.0196516653618526e-12	3.459010722933241e-06	0.0017744725008647527
N30	N41	7	41	119	54467	4.199825906573974e-12	3.459010722933241e-06	0.0017779315115876858
I70	I74	6	57	41	54467	4.375982706183851e-12	3.459010722933241e-06	0.0017813905223106191
G40	G62	17	991	101	54467	4.389628370963632e-12	3.459010722933241e-06	0.0017848495330335524
K81	K83	7	120	41	54467	4.45755367186631e-12	3.459010722933241e-06	0.0017883085437564855
E78	M54	163	2357	2158	54467	4.4580061326426215e-12	3.459010722933241e-06	0.0017917675544794189
D86	J82	8	140	62	54467	4.679690433258039e-12	3.459010722933241e-06	0.001795226565202352
M25	M87	15	412	170	54467	4.7098748084351205e-12	3.459010722933241e-06	0.0017986855759252853
E66	K80	61	1334	923	54467	4.716581870971042e-12	3.459010722933241e-06	0.0018021445866482186
H27	H50	6	24	102	54467	4.865046136703817e-12	3.459010722933241e-06	0.0018056035973711517
H16	H20	6	46	52	54467	5.109849750847741e-12	3.459010722933241e-06	0.001809062608094085
F31	F60	17	208	471	54467	5.131487715059462e-12	3.459010722933241e-06	0.0018125216188170183
E04	E05	11	200	139	54467	5.144179368310501e-12	3.459010722933241e-06	0.0018159806295399514
F51	G25	6	34	71	54467	5.162947792300991e-12	3.459010722933241e-06	0.0018194396402628848
F12	F32	21	135	1248	54467	5.385249734070955e-12	3.459010722933241e-06	0.001822898650985818
K50	K60	20	254	577	54467	5.502008499005948e-12	3.459010722933241e-06	0.0018263576617087512
F19	F43	33	431	987	54467	5.97893944898186e-12	3.459010722933241e-06	0.0018298166724316845
F70	F71	6	70	36	54467	6.8347136381024255e-12	3.459010722933241e-06	0.0018332756831546176
E14	E88	10	209	100	54467	7.14226871619167e-12	3.459010722933241e-06	0.001836734693877551
F32	F34	18	1248	97	54467	8.19395553681157e-12	3.459010722933241e-06	0.0018401937046004842
J15	J96	9	176	83	54467	8.363918708575504e-12	3.459010722933241e-06	0.0018436527153234173
I21	I50	11	290	101	54467	8.381861219121993e-12	3.459010722933241e-06	0.0018471117260463507
D50	K29	24	117	2030	54467	8.852797975624784e-12	3.459010722933241e-06	0.001850570736769284
J31	J35	14	55	1189	54467	9.79893777662779e-12	3.459010722933241e-06	0.001854029747492217
H53	H54	6	97	28	54467	9.950248058418252e-12	3.459010722933241e-06	0.0018574887582151504
C77	C79	6	94	29	54467	1.0333827740981435e-11	3.459010722933241e-06	0.0018609477689380837
M42	M43	9	148	101	54467	1.0657511993980894e-11	3.459010722933241e-06	0.0018644067796610168
I84	K29	102	1340	2030	54467	1.2137927847491556e-11	3.459010722933241e-06	0.0018678657903839501
F07	F10	28	121	2775	54467	1.234540472514075e-11	3.459010722933241e-06	0.0018713248011068835
D18	I61	8	156	63	54467	1.2799955207230084e-11	3.459010722933241e-06	0.0018747838118298166
F41	K76	39	495	1207	54467	1.3699241915743084e-11	3.459010722933241e-06	0.0018782428225527499
F33	F40	10	376	61	54467	1.4386510766412837e-11	3.459010722933241e-06	0.001881701833275683
E79	I25	26	612	447	54467	1.4437226863724843e-11	3.459010722933241e-06	0.0018851608439986163
H35	H53	9	160	97	54467	1.4869381591045015e-11	3.459010722933241e-06	0.0018886198547215496
D62	E86	6	43	67	54467	1.6195975768857858e-11	3.459010722933241e-06	0.0018920788654444827
M45	M81	7	83	70	54467	1.6338932991296037e-11	3.459010722933241e-06	0.001895537876167416
K60	K62	21	577	302	54467	1.7205906475010205e-11	3.459010722933241e-06	0.0018989968868903494
M22	M67	22	273	713	54467	1.8616106404687378e-11	3.459010722933241e-06	0.0019024558976132825
F13	F33	16	242	376	54467	1.8764309886239138e-11	3.459010722933241e-06	0.0019059149083362158
K57	K65	10	387	61	54467	1.9081198129205257e-11	3.459010722933241e-06	0.0019093739190591491
K29	K62	39	2030	302	54467	1.9199958878709364e-11	3.459010722933241e-06	0.0019128329297820822
G82	G83	6	69	43	54467	1.9432416463382155e-11	3.459010722933241e-06	0.0019162919405050155
K44	K80	46	870	923	54467	1.9544963784159498e-11	3.459010722933241e-06	0.0019197509512279486
C77	D63	6	94	32	54467	1.9631991669081495e-11	3.459010722933241e-06	0.001923209961950882
F20	F70	11	464	70	54467	2.0994287056169515e-11	3.459010722933241e-06	0.0019266689726738153
F10	F70	21	2775	70	54467	2.2580914461079923e-11	3.459010722933241e-06	0.0019301279833967484
I10	I63	21	2354	81	54467	2.295884830005989e-11	3.459010722933241e-06	0.0019335869941196817
M47	M50	13	228	231	54467	2.335236378872675e-11	3.459010722933241e-06	0.001937046004842615
F31	F33	15	208	376	54467	2.3526441473234635e-11	3.459010722933241e-06	0.0019405050155655481
G54	M51	20	73	2359	54467	2.3564068505115392e-11	3.459010722933241e-06	0.0019439640262884814
F11	F60	17	229	471	54467	2.3759454265151313e-11	3.459010722933241e-06	0.0019474230370114148
F40	K70	10	61	398	54467	2.5099295838346956e-11	3.459010722933241e-06	0.0019508820477343479
F41	K70	22	495	398	54467	2.5691569829539872e-11	3.459010722933241e-06	0.001954341058457281
F19	G40	32	431	991	54467	3.072940162958767e-11	3.459010722933241e-06	0.0019578000691802145
K44	K63	27	870	353	54467	3.1513270817331965e-11	3.459010722933241e-06	0.001961259079903148
C77	D70	6	94	35	54467	3.5018726996836584e-11	3.459010722933241e-06	0.0019647180906260807
F17	K85	39	1675	372	54467	3.858334537637084e-11	3.459010722933241e-06	0.001968177101349014
C18	D37	6	33	102	54467	3.9492729306645064e-11	3.459010722933241e-06	0.0019716361120719473
K21	K92	31	1158	352	54467	3.9566048084870655e-11	3.459010722933241e-06	0.0019750951227948807
N35	N36	6	151	23	54467	3.9878141268310244e-11	3.459010722933241e-06	0.001978554133517814
M17	M22	15	297	273	54467	4.025385000916509e-11	3.459010722933241e-06	0.001982013144240747
F19	B16	13	431	129	54467	4.0893678034815816e-11	3.459010722933241e-06	0.00198547215496368
K58	K63	14	192	353	54467	4.1226198969474333e-11	3.459010722933241e-06	0.0019889311656866135
N18	E10	13	176	314	54467	4.147988640688181e-11	3.459010722933241e-06	0.001992390176409547
I20	I24	7	273	26	54467	4.461343103292445e-11	3.459010722933241e-06	0.00199584918713248
F07	F32	19	121	1248	54467	4.624383742295701e-11	3.459010722933241e-06	0.0019993081978554135
F32	G40	59	1248	991	54467	4.785975112253411e-11	3.459010722933241e-06	0.0020027672085783464
I42	J90	9	159	111	54467	4.799323099065142e-11	3.459010722933241e-06	0.0020062262193012797
D68	I26	8	65	179	54467	5.0002256461965656e-11	3.459010722933241e-06	0.002009685230024213
K29	K82	18	2030	69	54467	5.032227590041108e-11	3.459010722933241e-06	0.0020131442407471463
I10	I49	27	2354	139	54467	5.119296572441779e-11	3.459010722933241e-06	0.0020166032514700796
N31	N35	8	77	151	54467	5.1780567916292456e-11	3.459010722933241e-06	0.0020200622621930125
M51	M99	20	2359	76	54467	5.275388935602565e-11	3.459010722933241e-06	0.002023521272915946
F42	F60	9	40	471	54467	5.4031373833222234e-11	3.459010722933241e-06	0.002026980283638879
F41	F43	34	495	987	54467	5.500539495698718e-11	3.459010722933241e-06	0.0020304392943618125
D64	D69	9	140	129	54467	5.955405660701423e-11	3.459010722933241e-06	0.002033898305084746
H52	H57	7	220	33	54467	6.226845006636378e-11	3.459010722933241e-06	0.002037357315807679
N32	N35	7	47	151	54467	6.268411816408588e-11	3.459010722933241e-06	0.002040816326530612
F14	F60	10	57	471	54467	6.386403848099952e-11	3.459010722933241e-06	0.0020442753372535453
I64	I69	6	80	45	54467	6.451424652588214e-11	3.459010722933241e-06	0.0020477343479764786
H35	H52	11	160	220	54467	6.650555775397732e-11	3.459010722933241e-06	0.002051193358699412
E66	J45	36	1334	411	54467	6.662440155584633e-11	3.459010722933241e-06	0.0020546523694223453
K36	K57	12	122	387	54467	8.987878538932488e-11	3.459010722933241e-06	0.0020581113801452786
K56	K57	15	225	387	54467	1.0685892083168323e-10	3.459010722933241e-06	0.0020615703908682115
K21	K31	17	1158	106	54467	1.0919211916278192e-10	3.459010722933241e-06	0.002065029401591145
F31	F32	24	208	1248	54467	1.1192423328255665e-10	3.459010722933241e-06	0.002068488412314078
J18	J98	17	817	148	54467	1.1400366297310601e-10	3.459010722933241e-06	0.0020719474230370114
K25	K28	6	225	19	54467	1.205638577983504e-10	3.459010722933241e-06	0.0020754064337599448
A41	J90	7	70	111	54467	1.2991943911688338e-10	3.459010722933241e-06	0.0020788654444828776
F17	I42	24	1675	159	54467	1.4397009885355368e-10	3.459010722933241e-06	0.002082324455205811
E79	I11	12	612	82	54467	1.4750670529819938e-10	3.459010722933241e-06	0.0020857834659287443
F05	K70	8	35	398	54467	1.5010093134772107e-10	3.459010722933241e-06	0.0020892424766516776
M41	M54	19	78	2158	54467	1.5208497243345867e-10	3.459010722933241e-06	0.002092701487374611
K20	K44	11	47	870	54467	1.673879075450272e-10	3.459010722933241e-06	0.0020961604980975442
N19	E87	6	40	106	54467	1.7119953679914946e-10	3.459010722933241e-06	0.002099619508820477
D13	K29	14	42	2030	54467	1.8908935629885488e-10	3.459010722933241e-06	0.0021030785195434104
H33	H40	9	195	106	54467	1.953505094283534e-10	3.459010722933241e-06	0.0021065375302663438
H26	H35	8	86	160	54467	2.030342826969784e-10	3.459010722933241e-06	0.002109996540989277
E78	I24	12	2357	26	54467	2.2998180599495046e-10	3.459010722933241e-06	0.0021134555517122104
F17	F19	41	1675	431	54467	2.48837665017218e-10	3.459010722933241e-06	0.0021169145624351433
E83	K76	12	46	1207	54467	2.5824230071388927e-10	3.459010722933241e-06	0.0021203735731580766
F25	F31	10	145	208	54467	2.7948861837185594e-10	3.459010722933241e-06	0.00212383258388101
F17	I73	15	1675	60	54467	2.8329563416649635e-10	3.459010722933241e-06	0.0021272915946039432
I49	I51	9	139	155	54467	2.8941020185411443e-10	3.459010722933241e-06	0.0021307506053268766
F60	G40	32	471	991	54467	2.927243986582219e-10	3.459010722933241e-06	0.00213420961604981
K25	K92	14	225	352	54467	3.2488975493248407e-10	3.459010722933241e-06	0.0021376686267727428
E03	I10	26	140	2354	54467	3.250292102897177e-10	3.459010722933241e-06	0.002141127637495676
K22	K92	12	150	352	54467	3.4176290503384847e-10	3.459010722933241e-06	0.0021445866482186094
F17	J40	21	1675	127	54467	3.57089404394567e-10	3.459010722933241e-06	0.0021480456589415427
D69	A41	7	129	70	54467	3.754250467825421e-10	3.459010722933241e-06	0.002151504669664476
K76	M47	24	1207	228	54467	3.84815261379324e-10	3.459010722933241e-06	0.002154963680387409
H25	H52	9	102	220	54467	4.01645181204274e-10	3.459010722933241e-06	0.0021584226911103423
E78	I73	17	2357	60	54467	4.0551812913637154e-10	3.459010722933241e-06	0.0021618817018332756
G47	J44	24	1106	249	54467	4.1314334532987207e-10	3.459010722933241e-06	0.002165340712556209
B24	J18	16	140	817	54467	4.3211764750804487e-10	3.459010722933241e-06	0.002168799723279142
K70	K85	18	398	372	54467	4.3834330323138073e-10	3.459010722933241e-06	0.0021722587340020755
J90	J96	7	111	83	54467	4.4030183433467493e-10	3.459010722933241e-06	0.0021757177447250084
F10	I85	15	2775	40	54467	4.660584518043345e-10	3.459010722933241e-06	0.0021791767554479417
K71	K86	8	151	102	54467	5.090529473686035e-10	3.459010722933241e-06	0.002182635766170875
F20	F22	10	464	71	54467	5.308075360936115e-10	3.459010722933241e-06	0.0021860947768938084
D62	K25	7	43	225	54467	5.308143442363517e-10	3.459010722933241e-06	0.0021895537876167417
J18	J86	9	817	31	54467	5.521976196873358e-10	3.459010722933241e-06	0.0021930127983396746
H90	H91	13	130	532	54467	5.892423254449608e-10	3.459010722933241e-06	0.002196471809062608
H80	H90	6	40	130	54467	5.908273561062096e-10	3.459010722933241e-06	0.002199930819785541
E79	K21	40	612	1158	54467	5.926540192525097e-10	3.459010722933241e-06	0.0022033898305084745
F17	M47	28	1675	228	54467	6.073076728708368e-10	3.459010722933241e-06	0.002206848841231408
A16	B16	8	122	129	54467	6.102011733936779e-10	3.459010722933241e-06	0.002210307851954341
F22	F60	10	71	471	54467	6.130448940215371e-10	3.459010722933241e-06	0.002213766862677274
F41	F60	22	495	471	54467	6.234263221874498e-10	3.459010722933241e-06	0.0022172258734002074
I10	I47	27	2354	155	54467	6.683785115535088e-10	3.459010722933241e-06	0.0022206848841231407
E78	K85	45	2357	372	54467	6.696950837733907e-10	3.459010722933241e-06	0.002224143894846074
E78	I51	27	2357	155	54467	6.870406009256835e-10	3.459010722933241e-06	0.0022276029055690073
D50	K51	9	117	204	54467	7.074368823680549e-10	3.459010722933241e-06	0.0022310619162919402
K36	K66	7	122	82	54467	7.859736091352638e-10	3.459010722933241e-06	0.0022345209270148735
B35	L30	8	120	136	54467	8.149023785609627e-10	3.459010722933241e-06	0.002237979937737807
K02	K05	6	163	34	54467	8.215663258762181e-10	3.459010722933241e-06	0.00224143894846074
K52	K76	49	827	1207	54467	8.257545167830148e-10	3.459010722933241e-06	0.0022448979591836735
M42	M47	10	148	228	54467	8.337505853488133e-10	3.459010722933241e-06	0.002248356969906607
B18	F60	20	412	471	54467	8.359816274078371e-10	3.459010722933241e-06	0.0022518159806295397
I21	I51	11	290	155	54467	8.845403693537012e-10	3.459010722933241e-06	0.002255274991352473
E10	E13	6	314	19	54467	8.914341129041439e-10	3.459010722933241e-06	0.0022587340020754063
I21	I40	8	290	58	54467	8.923613995939459e-10	3.459010722933241e-06	0.0022621930127983397
I10	I61	17	2354	63	54467	9.19627894676221e-10	3.459010722933241e-06	0.002265652023521273
I42	I47	9	159	155	54467	9.565540453287618e-10	3.459010722933241e-06	0.002269111034244206
H40	H53	7	106	97	54467	9.618359418704793e-10	3.459010722933241e-06	0.002272570044967139
E79	K29	56	612	2030	54467	9.630072671534033e-10	3.459010722933241e-06	0.0022760290556900725
F32	F42	11	1248	40	54467	1.1004659033509994e-09	3.459010722933241e-06	0.002279488066413006
F20	F60	21	464	471	54467	1.1097096217540942e-09	3.459010722933241e-06	0.002282947077135939
K44	K57	26	870	387	54467	1.1833206817112735e-09	3.459010722933241e-06	0.0022864060878588725
K61	L02	30	657	669	54467	1.2371181213044813e-09	3.459010722933241e-06	0.0022898650985818053
G43	G45	10	265	133	54467	1.2514525587675756e-09	3.459010722933241e-06	0.0022933241093047387
H93	M53	20	595	336	54467	1.3602205533534264e-09	3.459010722933241e-06	0.002296783120027672
M24	M66	9	457	58	54467	1.41024697373366e-09	3.459010722933241e-06	0.0023002421307506053
C43	C77	7	116	94	54467	1.4529027246343986e-09	3.459010722933241e-06	0.0023037011414735386
L73	L74	6	113	53	54467	1.4781465486054004e-09	3.459010722933241e-06	0.0023071601521964715
I25	I73	9	447	60	54467	1.591272376623464e-09	3.459010722933241e-06	0.002310619162919405
E05	E06	6	139	44	54467	1.6147068239254979e-09	3.459010722933241e-06	0.002314078173642338
E03	E06	6	140	44	54467	1.6859977174365283e-09	3.459010722933241e-06	0.0023175371843652715
H81	H93	21	377	595	54467	1.7335914470132378e-09	3.459010722933241e-06	0.002320996195088205
I31	I34	6	64	96	54467	1.7659376966340456e-09	3.459010722933241e-06	0.002324455205811138
K62	K63	15	302	353	54467	1.7697063775499705e-09	3.459010722933241e-06	0.002327914216534071
M25	M67	24	412	713	54467	1.7762979983962024e-09	3.459010722933241e-06	0.0023313732272570043
K63	K92	16	353	352	54467	1.81689262046561e-09	3.459010722933241e-06	0.0023348322379799376
I10	I67	17	2354	66	54467	2.018963735746738e-09	3.459010722933241e-06	0.002338291248702871
M12	M24	8	42	457	54467	2.124456199707462e-09	3.459010722933241e-06	0.0023417502594258043
E79	K71	14	612	151	54467	2.128277566491316e-09	3.459010722933241e-06	0.0023452092701487376
A46	L97	8	409	47	54467	2.2988339954896662e-09	3.459010722933241e-06	0.0023486682808716705
M47	M53	13	228	336	54467	2.3104898412695325e-09	3.459010722933241e-06	0.002352127291594604
I44	I45	6	56	115	54467	2.3127539363194298e-09	3.459010722933241e-06	0.002355586302317537
K36	K56	9	122	225	54467	2.4282316296889276e-09	3.459010722933241e-06	0.0023590453130404704
M24	M93	12	457	138	54467	2.4750970160045425e-09	3.459010722933241e-06	0.0023625043237634038
H26	H52	8	86	220	54467	2.5240533763892453e-09	3.459010722933241e-06	0.0023659633344863366
F31	F61	8	208	91	54467	2.559138193023615e-09	3.459010722933241e-06	0.00236942234520927
D22	D23	9	170	163	54467	2.6905282707880977e-09	3.459010722933241e-06	0.0023728813559322033
M65	M93	12	461	138	54467	2.7279883228891435e-09	3.459010722933241e-06	0.0023763403666551366
G45	I10	24	133	2354	54467	2.805307265471519e-09	3.459010722933241e-06	0.00237979937737807
N17	J96	6	80	83	54467	2.860190777396882e-09	3.459010722933241e-06	0.0023832583881010032
F12	F33	11	135	376	54467	3.057680257242189e-09	3.459010722933241e-06	0.002386717398823936
A41	J15	7	70	176	54467	3.294280584362009e-09	3.459010722933241e-06	0.0023901764095468694
N17	M62	6	80	85	54467	3.306434969111796e-09	3.459010722933241e-06	0.0023936354202698028
F30	F31	7	60	208	54467	3.481774754373906e-09	3.459010722933241e-06	0.002397094430992736
J01	J33	12	218	297	54467	3.6044081657902283e-09	3.459010722933241e-06	0.0024005534417156694
K40	K66	17	1929	82	54467	3.6924668697905393e-09	3.459010722933241e-06	0.0024040124524386023
F12	F43	16	135	987	54467	3.7108160446102063e-09	3.459010722933241e-06	0.0024074714631615356
D17	L72	22	510	505	54467	3.875013061214234e-09	3.459010722933241e-06	0.002410930473884469
F11	F32	23	229	1248	54467	4.1465515203424996e-09	3.459010722933241e-06	0.0024143894846074022
N43	N50	8	210	96	54467	4.234225144323724e-09	3.459010722933241e-06	0.0024178484953303356
I31	J90	6	64	111	54467	4.254500358101543e-09	3.459010722933241e-06	0.002421307506053269
E10	H43	7	314	42	54467	4.491875981886772e-09	3.459010722933241e-06	0.0024247665167762018
C18	K56	6	33	225	54467	4.689601507945351e-09	3.459010722933241e-06	0.002428225527499135
E11	F17	37	403	1675	54467	4.784768809004127e-09	3.459010722933241e-06	0.0024316845382220684
J90	K85	10	111	372	54467	5.472823113342128e-09	3.459010722933241e-06	0.0024351435489450017
F10	J44	37	2775	249	54467	5.640208646993162e-09	3.459010722933241e-06	0.002438602559667935
F45	K29	32	264	2030	54467	5.752222740738738e-09	3.459010722933241e-06	0.002442061570390868
F33	F45	14	376	264	54467	5.971896390960369e-09	3.459010722933241e-06	0.0024455205811138012
K29	K70	41	2030	398	54467	5.973660216575151e-09	3.459010722933241e-06	0.0024489795918367346
M12	M23	15	42	3184	54467	6.719500951304998e-09	3.459010722933241e-06	0.002452438602559668
I10	I71	13	2354	40	54467	7.14400267787942e-09	3.459010722933241e-06	0.002455897613282601
I44	I49	6	56	139	54467	7.242718219072742e-09	3.459010722933241e-06	0.0024593566240055345
I20	I51	10	273	155	54467	7.3513176946202864e-09	3.459010722933241e-06	0.0024628156347284674
K29	K59	31	2030	253	54467	7.635873842128301e-09	3.459010722933241e-06	0.0024662746454514007
E78	K44	76	2357	870	54467	7.676637631434445e-09	3.459010722933241e-06	0.002469733656174334
K29	K57	40	2030	387	54467	8.286821587293888e-09	3.459010722933241e-06	0.0024731926668972674
F13	F61	8	242	91	54467	8.365627102854063e-09	3.459010722933241e-06	0.0024766516776202007
E78	F33	43	2357	376	54467	8.672872293246502e-09	3.459010722933241e-06	0.0024801106883431336
N18	E11	12	176	403	54467	9.668898968411186e-09	3.459010722933241e-06	0.002483569699066067
F43	F44	11	987	60	54467	9.987373993791403e-09	3.459010722933241e-06	0.002487028709789
N30	N39	7	41	362	54467	1.0007475113960333e-08	3.459010722933241e-06	0.0024904877205119335
E03	E10	10	140	314	54467	1.0407644473987865e-08	3.459010722933241e-06	0.002493946731234867
F43	F54	7	987	17	54467	1.0428374040864778e-08	3.459010722933241e-06	0.0024974057419578
E78	I65	11	2357	28	54467	1.0565677171560892e-08	3.459010722933241e-06	0.002500864752680733
J33	J45	15	297	411	54467	1.0875833272600596e-08	3.459010722933241e-06	0.0025043237634036664
F45	G44	13	264	332	54467	1.1611234842727617e-08	3.459010722933241e-06	0.0025077827741265997
D62	K92	7	43	352	54467	1.1704405887350685e-08	3.459010722933241e-06	0.002511241784849533
K83	K85	7	41	372	54467	1.2063435993170574e-08	3.459010722933241e-06	0.0025147007955724663
D64	K29	22	140	2030	54467	1.247356502680737e-08	3.459010722933241e-06	0.0025181598062953992
F23	F60	13	188	471	54467	1.2545293846486351e-08	3.459010722933241e-06	0.0025216188170183325
E66	M47	23	1334	228	54467	1.3055676429749856e-08	3.459010722933241e-06	0.002525077827741266
J32	J40	16	1153	127	54467	1.3335901274320502e-08	3.459010722933241e-06	0.002528536838464199
D10	K04	7	66	232	54467	1.4611735137919227e-08	3.459010722933241e-06	0.0025319958491871325
I89	L03	7	43	364	54467	1.4726599947156414e-08	3.459010722933241e-06	0.002535454859910066
F19	F31	13	431	208	54467	1.4775174604728554e-08	3.459010722933241e-06	0.0025389138706329987
K21	K52	45	1158	827	54467	1.4962865428299887e-08	3.459010722933241e-06	0.002542372881355932
G62	K71	7	101	151	54467	1.512999548615368e-08	3.459010722933241e-06	0.0025458318920788653
M84	M86	6	114	77	54467	1.5458301503861524e-08	3.459010722933241e-06	0.0025492909028017987
N31	G35	7	77	200	54467	1.5671660679927376e-08	3.459010722933241e-06	0.002552749913524732
F34	F61	6	97	91	54467	1.6086033085397127e-08	3.459010722933241e-06	0.002556208924247665
I10	I27	11	2354	29	54467	1.614068803899499e-08	3.459010722933241e-06	0.002559667934970598
E87	F10	22	106	2775	54467	1.618097793025379e-08	3.459010722933241e-06	0.0025631269456935315
H65	J35	15	109	1189	54467	1.6742275815798985e-08	3.459010722933241e-06	0.002566585956416465
I40	I51	6	58	155	54467	1.72579388665767e-08	3.459010722933241e-06	0.002570044967139398
A46	L98	9	409	85	54467	1.730737221096589e-08	3.459010722933241e-06	0.0025735039778623315
G40	I61	11	991	63	54467	1.779860319042739e-08	3.459010722933241e-06	0.0025769629885852643
A41	K56	7	70	225	54467	1.7965438064847482e-08	3.459010722933241e-06	0.0025804219993081977
D13	K44	9	42	870	54467	1.8071846399557295e-08	3.459010722933241e-06	0.002583881010031131
I50	I51	7	101	155	54467	1.812607924988175e-08	3.459010722933241e-06	0.0025907990314769976
I47	I50	7	155	101	54467	1.812607924988175e-08	3.459010722933241e-06	0.0025873400207540643
D69	K74	6	129	70	54467	1.81745303111049e-08	3.459010722933241e-06	0.002594258042199931
M21	M24	10	103	457	54467	1.8451223659719e-08	3.459010722933241e-06	0.002597717052922864
E79	E88	11	612	100	54467	1.8928284476590672e-08	3.459010722933241e-06	0.002601176063645797
M21	M94	9	103	339	54467	1.893060784870297e-08	3.459010722933241e-06	0.0026046350743687305
E66	I27	9	1334	29	54467	1.9882756403798256e-08	3.459010722933241e-06	0.002608094085091664
B18	B20	6	412	24	54467	2.1666591256318387e-08	3.459010722933241e-06	0.002611553095814597
K04	K10	6	232	41	54467	2.221764831966169e-08	3.459010722933241e-06	0.00261501210653753
H66	H91	14	208	532	54467	2.24595742643623e-08	3.459010722933241e-06	0.0026184711172604633
J18	J45	24	817	411	54467	2.2887321626245202e-08	3.459010722933241e-06	0.0026219301279833966
I50	J44	8	101	249	54467	2.387981821193436e-08	3.459010722933241e-06	0.00262538913870633
F34	F43	13	97	987	54467	2.409516331848633e-08	3.459010722933241e-06	0.0026288481494292633
H25	H35	7	102	160	54467	2.416823492472596e-08	3.459010722933241e-06	0.0026323071601521966
J90	J98	7	111	148	54467	2.5421661323596555e-08	3.459010722933241e-06	0.0026357661708751295
I10	I34	19	2354	96	54467	2.5783795837549416e-08	3.459010722933241e-06	0.002639225181598063
E03	I25	11	140	447	54467	2.6423567791217238e-08	3.459010722933241e-06	0.002642684192320996
J36	J39	7	303	56	54467	2.8252001087753034e-08	3.459010722933241e-06	0.0026461432030439294
M51	M96	15	2359	60	54467	2.8448753493538827e-08	3.459010722933241e-06	0.0026496022137668628
H26	H33	7	86	195	54467	2.862540336612436e-08	3.459010722933241e-06	0.0026530612244897956
M19	M65	15	286	461	54467	2.991253618059085e-08	3.459010722933241e-06	0.002656520235212729
M41	M53	8	78	336	54467	3.1088094661780036e-08	3.459010722933241e-06	0.0026599792459356623
D50	I84	16	117	1340	54467	3.231827557027165e-08	3.459010722933241e-06	0.0026634382566585956
N17	J18	11	80	817	54467	3.312322596039751e-08	3.459010722933241e-06	0.002666897267381529
F17	J96	15	1675	83	54467	3.339470078842143e-08	3.459010722933241e-06	0.0026703562781044622
K31	K63	9	106	353	54467	3.444376186925613e-08	3.459010722933241e-06	0.002673815288827395
E11	I42	11	403	159	54467	3.447940337709222e-08	3.459010722933241e-06	0.0026772742995503284
N47	L90	11	620	105	54467	3.60980518399801e-08	3.459010722933241e-06	0.0026807333102732618
E79	I42	13	612	159	54467	3.620842084469395e-08	3.459010722933241e-06	0.002684192320996195
F25	F70	6	145	70	54467	3.6547832298811654e-08	3.459010722933241e-06	0.0026876513317191284
B18	F32	30	412	1248	54467	3.820586119086034e-08	3.459010722933241e-06	0.0026911103424420613
G40	K76	51	991	1207	54467	3.8385172939138765e-08	3.459010722933241e-06	0.0026945693531649946
M50	M99	7	231	76	54467	3.841137157228535e-08	3.459010722933241e-06	0.002698028363887928
A46	E66	31	409	1334	54467	4.063972432951678e-08	3.459010722933241e-06	0.0027014873746108612
G40	G41	7	991	20	54467	4.074725901937738e-08	3.459010722933241e-06	0.0027049463853337946
M41	M47	7	78	228	54467	4.214860748766419e-08	3.459010722933241e-06	0.002708405396056728
K75	K76	14	99	1207	54467	4.223620592785211e-08	3.459010722933241e-06	0.0027118644067796608
E78	J44	32	2357	249	54467	4.4934399317091246e-08	3.459010722933241e-06	0.002715323417502594
F20	F42	7	464	40	54467	4.551921415480039e-08	3.459010722933241e-06	0.0027187824282255274
E11	E79	20	403	612	54467	4.583181457389608e-08	3.459010722933241e-06	0.0027222414389484607
F17	I24	9	1675	26	54467	4.688018831567939e-08	3.459010722933241e-06	0.002725700449671394
B24	B16	7	140	129	54467	4.903622114333527e-08	3.459010722933241e-06	0.002729159460394327
M50	M54	29	231	2158	54467	4.9353432059123824e-08	3.459010722933241e-06	0.0027326184711172602
I34	J90	6	96	111	54467	4.989818812861753e-08	3.459010722933241e-06	0.0027360774818401936
N41	N45	8	119	232	54467	5.014688083972198e-08	3.459010722933241e-06	0.002739536492563127
J44	K76	22	249	1207	54467	5.059860031897138e-08	3.459010722933241e-06	0.00274299550328606
K35	K56	19	1006	225	54467	5.102644598015467e-08	3.459010722933241e-06	0.0027464545140089935
F05	K76	9	35	1207	54467	5.260942870665595e-08	3.459010722933241e-06	0.0027499135247319264
K21	K80	47	1158	923	54467	5.310861588021391e-08	3.459010722933241e-06	0.0027533725354548597
F17	J90	17	1675	111	54467	5.3941922166091987e-08	3.459010722933241e-06	0.002756831546177793
E14	K76	20	209	1207	54467	5.460119009909061e-08	3.459010722933241e-06	0.0027602905569007264
J18	J44	18	817	249	54467	5.503199197798096e-08	3.459010722933241e-06	0.0027637495676236597
E66	I51	18	1334	155	54467	5.680976847643742e-08	3.459010722933241e-06	0.0027672085783465926
B18	K74	8	412	70	54467	6.278479265575166e-08	3.459010722933241e-06	0.002770667589069526
I48	I51	9	258	155	54467	6.425160129944032e-08	3.459010722933241e-06	0.002774126599792459
G47	J98	16	1106	148	54467	6.724471469587323e-08	3.459010722933241e-06	0.0027775856105153925
K70	K86	9	398	102	54467	6.831232336742974e-08	3.459010722933241e-06	0.002781044621238326
M23	M71	28	3184	153	54467	7.119228617811215e-08	3.459010722933241e-06	0.002784503631961259
G40	G93	12	991	88	54467	7.125720040304714e-08	3.459010722933241e-06	0.002787962642684192
F32	G44	26	1248	332	54467	7.286690397704634e-08	3.459010722933241e-06	0.0027914216534071254
F32	F48	11	1248	58	54467	7.436213825576411e-08	3.459010722933241e-06	0.0027948806641300587
F41	F44	8	495	60	54467	7.438390044750054e-08	3.459010722933241e-06	0.002798339674852992
N46	N50	8	304	96	54467	7.441045356377403e-08	3.459010722933241e-06	0.0028017986855759253
F19	K73	7	431	46	54467	7.59084159003959e-08	3.459010722933241e-06	0.0028052576962988582
A16	B17	7	122	158	54467	7.657983455030916e-08	3.459010722933241e-06	0.0028087167070217915
I07	J18	6	16	817	54467	7.878759155476509e-08	3.459010722933241e-06	0.002812175717744725
F17	J45	35	1675	411	54467	8.020091065672584e-08	3.459010722933241e-06	0.002815634728467658
F45	M54	31	264	2158	54467	8.172693339786262e-08	3.459010722933241e-06	0.0028190937391905915
J15	J18	15	176	817	54467	8.256798947054324e-08	3.459010722933241e-06	0.002822552749913525
F12	F25	7	135	145	54467	8.530028100465344e-08	3.459010722933241e-06	0.0028260117606364577
F10	F78	7	2775	10	54467	9.262732318337418e-08	3.459010722933241e-06	0.002829470771359391
C43	D48	8	116	258	54467	9.291418777143527e-08	3.459010722933241e-06	0.0028329297820823243
E87	K70	9	106	398	54467	9.546002273093568e-08	3.459010722933241e-06	0.0028363887928052577
D53	G40	9	45	991	54467	1.0383023969549454e-07	3.459010722933241e-06	0.002839847803528191
K50	K61	16	254	657	54467	1.0545248746789539e-07	3.459010722933241e-06	0.002843306814251124
G44	H81	14	332	377	54467	1.0769964265150753e-07	3.459010722933241e-06	0.002846765824974057
E78	M42	23	2357	148	54467	1.0996355837500278e-07	3.459010722933241e-06	0.0028502248356969905
K62	K92	13	302	352	54467	1.1079616815594384e-07	3.459010722933241e-06	0.002853683846419924
E78	M51	156	2357	2359	54467	1.1303334485041997e-07	3.459010722933241e-06	0.002857142857142857
J96	J98	6	83	148	54467	1.154628772115e-07	3.459010722933241e-06	0.0028606018678657905
F45	M53	12	264	336	54467	1.1589263546374657e-07	3.459010722933241e-06	0.0028640608785887233
F12	F61	6	135	91	54467	1.1622508810167275e-07	3.459010722933241e-06	0.0028675198893116567
I25	I27	6	447	29	54467	1.196110898731047e-07	3.459010722933241e-06	0.00287097890003459
M87	M89	6	170	73	54467	1.2111636622383826e-07	3.459010722933241e-06	0.0028744379107575233
J18	B00	12	817	111	54467	1.2177275501974378e-07	3.459010722933241e-06	0.0028778969214804566
F44	G40	10	60	991	54467	1.2585946848078757e-07	3.459010722933241e-06	0.00288135593220339
F06	G40	9	46	991	54467	1.2700318580650075e-07	3.459010722933241e-06	0.002884814942926323
E10	E78	36	314	2357	54467	1.2742787818425031e-07	3.459010722933241e-06	0.002888273953649256
H83	H90	6	97	130	54467	1.3610142494305415e-07	3.459010722933241e-06	0.0028917329643721895
M23	M66	16	3184	58	54467	1.3614902151509504e-07	3.459010722933241e-06	0.002895191975095123
I35	I48	7	82	258	54467	1.385236270882559e-07	3.459010722933241e-06	0.002898650985818056
I42	I64	6	159	80	54467	1.414854092794433e-07	3.459010722933241e-06	0.002902109996540989
I10	I65	10	2354	28	54467	1.431120637365497e-07	3.459010722933241e-06	0.0029055690072639223
F17	I64	14	1675	80	54467	1.4498977886569347e-07	3.459010722933241e-06	0.0029090280179868556
I84	K57	29	1340	387	54467	1.5350686873930745e-07	3.459010722933241e-06	0.002912487028709789
F17	G45	18	1675	133	54467	1.5431846861669766e-07	3.459010722933241e-06	0.0029159460394327223
I10	K71	23	2354	151	54467	1.56399762652308e-07	3.459010722933241e-06	0.0029194050501556556
D75	K70	7	55	398	54467	1.583470436713593e-07	3.459010722933241e-06	0.0029228640608785885
I85	K29	11	40	2030	54467	1.5980679614736602e-07	3.459010722933241e-06	0.002926323071601522
F19	K70	16	431	398	54467	1.6031430442203208e-07	3.459010722933241e-06	0.002929782082324455
F17	G47	67	1675	1106	54467	1.6244389233270144e-07	3.459010722933241e-06	0.0029332410930473884
E78	G44	37	2357	332	54467	1.7649623079542742e-07	3.459010722933241e-06	0.0029367001037703218
F34	F60	9	97	471	54467	1.8274612136079784e-07	3.459010722933241e-06	0.0029401591144932546
I85	K76	9	40	1207	54467	1.8445498185180466e-07	3.459010722933241e-06	0.002943618125216188
K21	K58	18	1158	192	54467	1.8534224980555422e-07	3.459010722933241e-06	0.0029470771359391213
I85	K44	8	40	870	54467	2.0083264664247075e-07	3.459010722933241e-06	0.0029505361466620546
I11	I20	7	82	273	54467	2.029791648519455e-07	3.459010722933241e-06	0.002953995157384988
N23	E79	24	617	612	54467	2.0591575579114882e-07	3.459010722933241e-06	0.0029574541681079212
M54	M62	16	2158	85	54467	2.0597828806659855e-07	3.459010722933241e-06	0.002960913178830854
I85	K92	6	40	352	54467	2.2264974701648848e-07	3.459010722933241e-06	0.0029643721895537874
H81	H91	17	377	532	54467	2.5322701891304845e-07	3.459010722933241e-06	0.0029678312002767208
E78	I47	23	2357	155	54467	2.5933081448046834e-07	3.459010722933241e-06	0.002971290210999654
L03	L60	9	364	130	54467	2.606689841765139e-07	3.459010722933241e-06	0.0029747492217225874
I84	K44	48	1340	870	54467	2.624437216315323e-07	3.459010722933241e-06	0.0029782082324455203
E79	K44	29	612	870	54467	2.929964807220094e-07	3.459010722933241e-06	0.0029816672431684536
N19	E79	7	40	612	54467	2.9538959508287144e-07	3.459010722933241e-06	0.002985126253891387
N04	I10	10	30	2354	54467	3.0266600995761704e-07	3.459010722933241e-06	0.0029885852646143202
K56	K63	11	225	353	54467	3.0906389312462806e-07	3.459010722933241e-06	0.0029920442753372536
N62	L90	6	138	105	54467	3.10530129725359e-07	3.459010722933241e-06	0.002995503286060187
F33	F63	7	376	64	54467	3.1298718152241614e-07	3.459010722933241e-06	0.0029989622967831198
I85	K80	8	40	923	54467	3.140304797924958e-07	3.459010722933241e-06	0.003002421307506053
E66	I87	10	1334	50	54467	3.167173321074282e-07	3.459010722933241e-06	0.0030058803182289864
E78	I50	18	2357	101	54467	3.209327217449196e-07	3.459010722933241e-06	0.0030093393289519197
J31	J34	14	55	2698	54467	3.3013876656851437e-07	3.459010722933241e-06	0.003012798339674853
M71	M75	10	153	418	54467	3.4453189279363716e-07	3.459010722933241e-06	0.003016257350397786
N43	N45	9	210	232	54467	3.462564906995777e-07	3.459010722933241e-06	0.0030197163611207192
K52	K90	7	827	31	54467	3.472840572318574e-07	3.459010722933241e-06	0.0030231753718436526
N13	N18	13	674	176	54467	3.5780023430758746e-07	3.459010722933241e-06	0.003026634382566586
I34	I47	6	96	155	54467	3.616151717905964e-07	3.459010722933241e-06	0.003030093393289519
J18	J85	6	817	20	54467	3.6229949367605603e-07	3.459010722933241e-06	0.0030335524040124525
H61	H66	7	117	208	54467	3.720316040408794e-07	3.459010722933241e-06	0.0030370114147353854
F72	G40	6	17	991	54467	3.725926093538325e-07	3.459010722933241e-06	0.0030404704254583187
E79	M47	14	612	228	54467	3.8373497851705105e-07	3.459010722933241e-06	0.003043929436181252
I10	K85	39	2354	372	54467	3.957972624176926e-07	3.459010722933241e-06	0.0030473884469041854
K74	K76	11	70	1207	54467	3.963321173151904e-07	3.459010722933241e-06	0.0030508474576271187
M76	M77	6	64	238	54467	3.963941176234282e-07	3.459010722933241e-06	0.0030543064683500516
B24	J15	7	140	176	54467	4.082068862843127e-07	3.459010722933241e-06	0.003057765479072985
D23	L72	11	163	505	54467	4.220120650656133e-07	3.459010722933241e-06	0.003061224489795918
M06	M65	7	55	461	54467	4.2496948162557194e-07	3.459010722933241e-06	0.0030646835005188515
K50	K65	6	254	61	54467	4.3424236796251055e-07	3.459010722933241e-06	0.003068142511241785
H90	J34	22	130	2698	54467	4.394941623520991e-07	3.459010722933241e-06	0.003071601521964718
E10	H35	9	314	160	54467	4.4111602962068474e-07	3.459010722933241e-06	0.003075060532687651
I25	I70	7	447	57	54467	4.440596536209405e-07	3.459010722933241e-06	0.0030785195434105844
N13	N35	12	674	151	54467	4.591896904472333e-07	3.459010722933241e-06	0.0030819785541335177
D75	F10	14	55	2775	54467	4.6322430816203587e-07	3.459010722933241e-06	0.003085437564856451
D12	K57	9	131	387	54467	4.6389100379300235e-07	3.459010722933241e-06	0.0030888965755793843
N13	N26	6	674	25	54467	5.090464479109058e-07	3.459010722933241e-06	0.003092355586302317
K29	K81	18	2030	120	54467	5.227478051105552e-07	3.459010722933241e-06	0.0030958145970252505
D53	K76	9	45	1207	54467	5.412605313112721e-07	3.459010722933241e-06	0.003099273607748184
M22	M93	8	273	138	54467	5.434349631627863e-07	3.459010722933241e-06	0.003102732618471117
F32	F70	11	1248	70	54467	5.500473613276218e-07	3.459010722933241e-06	0.0031061916291940505
I45	I49	6	115	139	54467	5.548190171570402e-07	3.459010722933241e-06	0.003109650639916984
M71	M94	9	153	339	54467	5.724087449546647e-07	3.459010722933241e-06	0.0031131096506399167
I42	K76	16	159	1207	54467	5.802617622039491e-07	3.459010722933241e-06	0.00311656866136285
I10	I44	13	2354	56	54467	5.875799823838716e-07	3.459010722933241e-06	0.0031200276720857833
E78	I44	13	2357	56	54467	5.96061141650848e-07	3.459010722933241e-06	0.0031234866828087167
F17	J93	19	1675	161	54467	6.191680439500626e-07	3.459010722933241e-06	0.00312694569353165
D69	J18	12	129	817	54467	6.320186016487072e-07	3.459010722933241e-06	0.003130404704254583
M24	M62	8	457	85	54467	6.322039336969185e-07	3.459010722933241e-06	0.003133863714977516
E79	M10	9	612	87	54467	6.340554239527105e-07	3.459010722933241e-06	0.0031373227257004495
F22	F32	11	71	1248	54467	6.37452034819548e-07	3.459010722933241e-06	0.003140781736423383
E80	M22	6	61	273	54467	6.612637554818765e-07	3.459010722933241e-06	0.003144240747146316
J03	B00	8	352	111	54467	6.958501971417259e-07	3.459010722933241e-06	0.0031476997578692495
H61	H93	10	117	595	54467	7.033434118560603e-07	3.459010722933241e-06	0.0031511587685921823
N32	N39	6	47	362	54467	7.055836358284555e-07	3.459010722933241e-06	0.0031546177793151157
I10	I70	13	2354	57	54467	7.310843402520879e-07	3.459010722933241e-06	0.003158076790038049
E78	I70	13	2357	57	54467	7.415981850714942e-07	3.459010722933241e-06	0.0031615358007609823
K57	K76	26	387	1207	54467	7.458596468354153e-07	3.459010722933241e-06	0.0031649948114839156
M13	M25	9	131	412	54467	7.793110431054128e-07	3.459010722933241e-06	0.003168453822206849
K52	A09	29	827	676	54467	7.897269550915354e-07	3.459010722933241e-06	0.003171912832929782
A46	I89	6	409	43	54467	8.331277430750433e-07	3.459010722933241e-06	0.003175371843652715
I84	K21	57	1340	1158	54467	8.481431223287977e-07	3.459010722933241e-06	0.0031788308543756485
G82	K59	6	69	253	54467	8.881630364610304e-07	3.459010722933241e-06	0.003182289865098582
I21	I49	8	290	139	54467	9.032491946810656e-07	3.459010722933241e-06	0.003185748875821515
F33	K70	14	376	398	54467	9.190638353173673e-07	3.459010722933241e-06	0.003189207886544448
E11	I50	8	403	101	54467	9.29733233104405e-07	3.459010722933241e-06	0.0031926668972673813
F12	F31	7	135	208	54467	9.799576681885257e-07	3.459010722933241e-06	0.0031961259079903146
K50	M81	6	254	70	54467	9.900823691083878e-07	3.459010722933241e-06	0.003199584918713248
A46	L30	9	409	136	54467	1.0050226449312307e-06	3.459010722933241e-06	0.0032030439294361813
E79	F32	35	612	1248	54467	1.0198183868292753e-06	3.459010722933241e-06	0.0032065029401591146
D50	K92	8	117	352	54467	1.0392351451424852e-06	3.459010722933241e-06	0.0032099619508820475
F17	I70	11	1675	57	54467	1.131986767998715e-06	3.459010722933241e-06	0.003213420961604981
I25	J44	12	447	249	54467	1.2707726090607048e-06	3.459010722933241e-06	0.003216879972327914
F17	I11	13	1675	82	54467	1.3031800027000718e-06	3.459010722933241e-06	0.0032203389830508474
F30	G40	9	60	991	54467	1.357447545192292e-06	3.459010722933241e-06	0.0032237979937737807
D50	K21	13	117	1158	54467	1.3652041814578576e-06	3.459010722933241e-06	0.0032272570044967136
F40	F41	7	61	495	54467	1.401746833378404e-06	3.459010722933241e-06	0.003230716015219647
G44	M54	33	332	2158	54467	1.5035509751938272e-06	3.459010722933241e-06	0.0032341750259425803
D86	J18	12	140	817	54467	1.5159354033735533e-06	3.459010722933241e-06	0.0032376340366655136
J18	K76	41	817	1207	54467	1.524534562886775e-06	3.459010722933241e-06	0.003241093047388447
K71	K76	15	151	1207	54467	1.5273556770041844e-06	3.459010722933241e-06	0.0032445520581113802
K04	K07	8	232	187	54467	1.5900596453733942e-06	3.459010722933241e-06	0.003248011068834313
F34	K76	12	97	1207	54467	1.6781947115159566e-06	3.459010722933241e-06	0.0032514700795572464
K52	K58	14	827	192	54467	1.6870260336112776e-06	3.459010722933241e-06	0.0032549290902801798
I85	K21	8	40	1158	54467	1.7134096063251148e-06	3.459010722933241e-06	0.003258388101003113
D22	D48	8	170	258	54467	1.7185324474763322e-06	3.459010722933241e-06	0.0032618471117260464
F10	L40	30	2775	226	54467	1.7221599193206344e-06	3.459010722933241e-06	0.0032653061224489793
M17	M24	13	297	457	54467	1.7254447774316742e-06	3.459010722933241e-06	0.0032687651331719126
D69	K71	6	129	151	54467	1.7647200175003092e-06	3.459010722933241e-06	0.003272224143894846
G40	G81	7	991	33	54467	1.8271389730387243e-06	3.459010722933241e-06	0.0032756831546177792
I10	K21	85	2354	1158	54467	1.85015508744333e-06	3.459010722933241e-06	0.0032791421653407126
N18	J15	7	176	176	54467	1.8965030939254414e-06	3.459010722933241e-06	0.003282601176063646
K40	K46	9	1929	34	54467	2.0230857598759547e-06	3.459010722933241e-06	0.0032860601867865788
G56	M65	16	452	461	54467	2.0644959850773426e-06	3.459010722933241e-06	0.003289519197509512
K44	K52	33	870	827	54467	2.091702603780703e-06	3.459010722933241e-06	0.0032929782082324454
I84	K52	44	1340	827	54467	2.1065443710537203e-06	3.459010722933241e-06	0.0032964372189553787
F07	F33	8	121	376	54467	2.185695064683217e-06	3.459010722933241e-06	0.003299896229678312
K01	K12	7	200	159	54467	2.2545059382938937e-06	3.459010722933241e-06	0.003303355240401245
F32	K71	15	1248	151	54467	2.2947989894166005e-06	3.459010722933241e-06	0.0033068142511241782
F06	F10	12	46	2775	54467	2.2963661519872854e-06	3.459010722933241e-06	0.0033102732618471116
B35	D22	6	120	170	54467	2.3025952856063938e-06	3.459010722933241e-06	0.003313732272570045
K51	K62	9	204	302	54467	2.4121003323629186e-06	3.459010722933241e-06	0.003317191283292978
I25	I49	9	447	139	54467	2.492454755603046e-06	3.459010722933241e-06	0.0033206502940159115
I10	I69	11	2354	45	54467	2.4996529453469242e-06	3.459010722933241e-06	0.0033241093047388444
F29	F32	7	28	1248	54467	2.5332592909815463e-06	3.459010722933241e-06	0.0033275683154617777
F60	F70	7	471	70	54467	2.5918145837290014e-06	3.459010722933241e-06	0.003331027326184711
N20	E79	41	1653	612	54467	2.68817431024123e-06	3.459010722933241e-06	0.0033344863369076444
E11	I11	7	403	82	54467	2.718817790461638e-06	3.459010722933241e-06	0.0033379453476305777
D50	K44	11	117	870	54467	3.02861398968134e-06	3.459010722933241e-06	0.0033414043583535106
F10	F15	6	2775	10	54467	3.0582462032718876e-06	3.459010722933241e-06	0.003344863369076444
I50	J18	10	101	817	54467	3.0711762046503705e-06	3.459010722933241e-06	0.003348322379799377
E66	K21	55	1334	1158	54467	3.3140659289460797e-06	3.459010722933241e-06	0.0033517813905223105
F32	K76	54	1248	1207	54467	3.340738894280176e-06	3.459010722933241e-06	0.003355240401245244
K29	K58	22	2030	192	54467	3.342846549600867e-06	3.459010722933241e-06	0.003358699411968177
F71	G40	7	36	991	54467	3.404698980643456e-06	3.459010722933241e-06	0.00336215842269111
J30	J32	16	190	1153	54467	3.405839517356113e-06	3.459010722933241e-06	0.0033656174334140434
K51	K52	14	204	827	54467	3.435951863821706e-06	3.459010722933241e-06	0.0033690764441369767
N17	E79	8	80	612	54467	3.458402564374844e-06	3.459010722933241e-06	0.00337253545485991
