ICD1	ICD2	val11	occ1	occ2	NN	pval	bonf_thresh	fdr_thresh
J32	J34	317	816	1219	62367	0.0	2.9120559114735e-06	2.9120559114735e-06
N13	N20	206	489	785	62367	6.996512761777979e-263	2.9120559114735e-06	5.824111822947e-06
M51	M54	430	1667	2184	62367	1.3302384286948874e-249	2.9120559114735e-06	8.7361677344205e-06
N80	N97	438	1863	2248	62367	6.420650155652234e-231	2.9120559114735e-06	1.1648223645894e-05
E66	I10	338	1670	1415	62367	1.2337639304976661e-221	2.9120559114735e-06	1.4560279557367501e-05
N20	N23	156	785	321	62367	9.789376943128057e-210	2.9120559114735e-06	1.7472335468841e-05
J34	M95	142	1219	201	62367	7.387213457021057e-196	2.9120559114735e-06	2.0384391380314503e-05
K21	K29	241	638	2147	62367	2.2046062364787148e-182	2.9120559114735e-06	2.3296447291788e-05
K21	K44	155	638	534	62367	5.520031797038458e-181	2.9120559114735e-06	2.62085032032615e-05
H91	H93	135	509	431	62367	7.161519054134413e-177	2.9120559114735e-06	2.9120559114735002e-05
F10	F13	136	956	274	62367	1.9122250200271536e-171	2.9120559114735e-06	3.2032615026208504e-05
F32	F43	322	2124	1489	62367	3.901502415434909e-163	2.9120559114735e-06	3.4944670937682e-05
F10	F60	162	956	560	62367	3.1615142624037446e-158	2.9120559114735e-06	3.78567268491555e-05
N92	D25	382	2565	1870	62367	1.808188383475609e-156	2.9120559114735e-06	4.0768782760629006e-05
K29	K44	205	2147	534	62367	1.998682413659547e-156	2.9120559114735e-06	4.3680838672102504e-05
F32	F33	246	2124	885	62367	6.702110837184546e-151	2.9120559114735e-06	4.6592894583576e-05
N73	N80	215	721	1863	62367	1.4677051348445682e-150	2.9120559114735e-06	4.95049504950495e-05
F10	F32	253	956	2124	62367	1.2825797969719427e-149	2.9120559114735e-06	5.2417006406523e-05
E78	I10	215	946	1415	62367	5.010564174679381e-149	2.9120559114735e-06	5.5329062317996505e-05
F10	F43	215	956	1489	62367	3.0565897407521197e-143	2.9120559114735e-06	5.8241118229470004e-05
F33	F60	144	885	560	62367	4.740614304125428e-137	2.9120559114735e-06	6.11531741409435e-05
F32	F60	191	2124	560	62367	3.369176727450512e-135	2.9120559114735e-06	6.406523005241701e-05
F43	F60	159	1489	560	62367	2.0057186188961146e-122	2.9120559114735e-06	6.69772859638905e-05
F10	K70	72	956	80	62367	3.94488001042439e-122	2.9120559114735e-06	6.9889341875364e-05
N73	N97	203	721	2248	62367	1.6756515194364952e-120	2.9120559114735e-06	7.280139778683751e-05
M23	M94	96	1253	170	62367	1.7588290588253158e-116	2.9120559114735e-06	7.5713453698311e-05
F33	F43	183	885	1489	62367	1.4022923269930339e-114	2.9120559114735e-06	7.86255096097845e-05
N13	N23	84	489	321	62367	1.0807918049072997e-102	2.9120559114735e-06	8.153756552125801e-05
F32	F41	206	2124	1011	62367	6.596025032116214e-98	2.9120559114735e-06	8.44496214327315e-05
N80	N83	283	1863	2218	62367	1.6005553076784138e-97	2.9120559114735e-06	8.736167734420501e-05
N84	N92	242	1199	2565	62367	1.5066140713510286e-96	2.9120559114735e-06	9.02737332556785e-05
F13	F60	79	274	560	62367	2.3329175047799212e-95	2.9120559114735e-06	9.3185789167152e-05
E66	E78	174	1670	946	62367	8.616338467140596e-92	2.9120559114735e-06	9.609784507862551e-05
E11	I10	98	292	1415	62367	1.717293371090674e-85	2.9120559114735e-06	9.9009900990099e-05
K80	K85	99	2240	207	62367	2.5105402389814674e-85	2.9120559114735e-06	0.00010192195690157251
C73	E89	41	195	72	62367	4.4800159287831554e-85	2.9120559114735e-06	0.000104834012813046
F11	F13	45	82	274	62367	4.7155671900804116e-85	2.9120559114735e-06	0.0001077460687245195
N77	B37	34	36	192	62367	1.1348190773375616e-84	2.9120559114735e-06	0.00011065812463599301
M22	M23	81	195	1253	62367	5.4050378032639595e-84	2.9120559114735e-06	0.0001135701805474665
N70	N73	112	852	721	62367	3.905994083772213e-82	2.9120559114735e-06	0.00011648223645894001
I84	K62	79	829	279	62367	1.015668930603174e-80	2.9120559114735e-06	0.00011939429237041351
F10	F33	124	956	885	62367	2.0309917374091208e-79	2.9120559114735e-06	0.000122306348281887
N80	K66	109	1863	356	62367	2.0135587120335357e-77	2.9120559114735e-06	0.0001252184041933605
E11	E66	91	292	1670	62367	1.0684285498363727e-69	2.9120559114735e-06	0.00012813046010483402
F13	F32	95	274	2124	62367	4.129248345925977e-68	2.9120559114735e-06	0.0001310425160163075
F10	F17	113	956	905	62367	8.267994960283255e-67	2.9120559114735e-06	0.000133954571927781
M42	M51	68	146	1667	62367	1.5931366968830969e-66	2.9120559114735e-06	0.00013686662783925452
N73	N83	146	721	2218	62367	2.0032744160393123e-66	2.9120559114735e-06	0.000139778683750728
M53	M54	125	530	2184	62367	9.506834362390255e-66	2.9120559114735e-06	0.0001426907396622015
K80	K81	78	2240	174	62367	1.1160988643385388e-64	2.9120559114735e-06	0.00014560279557367502
E11	E78	72	292	946	62367	1.1798098095987377e-64	2.9120559114735e-06	0.0001485148514851485
E78	F17	110	946	905	62367	2.8632276970839253e-64	2.9120559114735e-06	0.000151426907396622
C78	C79	26	73	56	62367	2.422221128044503e-63	2.9120559114735e-06	0.00015433896330809552
E66	F17	137	1670	905	62367	3.2983581608043163e-61	2.9120559114735e-06	0.000157251019219569
F50	F60	55	233	560	62367	5.2051205814691685e-61	2.9120559114735e-06	0.0001601630751310425
N80	N94	119	1863	605	62367	6.945742953675776e-61	2.9120559114735e-06	0.00016307513104251602
F33	F41	108	885	1011	62367	2.515437961660747e-60	2.9120559114735e-06	0.00016598718695398952
E73	E74	30	119	91	62367	4.4470480715000695e-60	2.9120559114735e-06	0.000168899242865463
F10	F19	58	956	178	62367	7.217085326629546e-60	2.9120559114735e-06	0.0001718112987769365
F19	F60	50	178	560	62367	9.296138095473285e-60	2.9120559114735e-06	0.00017472335468841002
N97	E28	75	2248	178	62367	1.1939013459714153e-59	2.9120559114735e-06	0.0001776354105998835
N18	I10	56	123	1415	62367	3.1392660828378753e-58	2.9120559114735e-06	0.000180547466511357
E66	K76	90	1670	389	62367	1.6713436098619566e-56	2.9120559114735e-06	0.00018345952242283052
I83	I87	62	3114	96	62367	2.212884454002704e-56	2.9120559114735e-06	0.000186371578334304
M17	M23	54	134	1253	62367	1.9369514496832754e-55	2.9120559114735e-06	0.0001892836342457775
F13	F43	74	274	1489	62367	2.305372725422941e-55	2.9120559114735e-06	0.00019219569015725102
N92	N94	130	2565	605	62367	3.732950082808204e-55	2.9120559114735e-06	0.00019510774606872451
I26	I80	42	218	293	62367	6.5352438890683e-55	2.9120559114735e-06	0.000198019801980198
G55	M51	38	43	1667	62367	9.398497545594283e-55	2.9120559114735e-06	0.00020093185789167152
F13	F33	61	274	885	62367	1.017793750108525e-53	2.9120559114735e-06	0.00020384391380314502
M42	M54	64	146	2184	62367	3.3106308801916124e-53	2.9120559114735e-06	0.0002067559697146185
E78	I25	45	946	110	62367	3.103162126273537e-52	2.9120559114735e-06	0.000209668025626092
F41	F43	126	1011	1489	62367	3.198592111436731e-52	2.9120559114735e-06	0.00021258008153756552
F17	F32	140	905	2124	62367	4.643329739400391e-51	2.9120559114735e-06	0.000215492137449039
K60	K61	39	343	177	62367	1.0277426229357815e-50	2.9120559114735e-06	0.0002184041933605125
M54	M99	50	2184	85	62367	2.5784651087793083e-50	2.9120559114735e-06	0.00022131624927198602
M53	M62	37	530	104	62367	8.277064616550521e-50	2.9120559114735e-06	0.0002242283051834595
K80	K83	51	2240	90	62367	1.4375286545370239e-49	2.9120559114735e-06	0.000227140361094933
I84	K60	61	829	343	62367	3.573591688695261e-49	2.9120559114735e-06	0.00023005241700640652
C50	C77	36	580	91	62367	4.372863848331867e-49	2.9120559114735e-06	0.00023296447291788001
M47	M51	70	267	1667	62367	3.3928962191736423e-48	2.9120559114735e-06	0.0002358765288293535
E11	E14	34	292	147	62367	1.4157941966254971e-47	2.9120559114735e-06	0.00023878858474082703
H80	H90	26	103	129	62367	1.6194899709953017e-47	2.9120559114735e-06	0.00024170064065230052
B18	F11	26	166	82	62367	2.1164970204036633e-47	2.9120559114735e-06	0.000244612696563774
M23	M24	56	1253	205	62367	1.6013856417527248e-46	2.9120559114735e-06	0.00024752475247524753
F32	F45	105	2124	560	62367	2.059216073165474e-46	2.9120559114735e-06	0.000250436808386721
J32	J33	40	816	113	62367	4.485893606982065e-46	2.9120559114735e-06	0.0002533488642981945
F41	F45	76	1011	560	62367	6.7751890196667856e-46	2.9120559114735e-06	0.00025626092020966803
F13	F19	34	274	178	62367	1.8920935754271872e-45	2.9120559114735e-06	0.0002591729761211415
B18	F19	30	166	178	62367	2.360610969200751e-45	2.9120559114735e-06	0.000262085032032615
M47	M54	74	267	2184	62367	1.2047832567478977e-44	2.9120559114735e-06	0.00026499708794408853
C50	C79	29	580	56	62367	3.524976277531789e-44	2.9120559114735e-06	0.000267909143855562
I10	I25	44	1415	110	62367	6.103468795368349e-43	2.9120559114735e-06	0.0002708211997670355
I21	I25	19	40	110	62367	1.1817880443587676e-42	2.9120559114735e-06	0.00027373325567850903
H90	H93	33	129	431	62367	4.617116221847628e-42	2.9120559114735e-06	0.0002766453115899825
I26	J18	41	218	544	62367	7.924127904622225e-42	2.9120559114735e-06	0.000279557367501456
F10	F50	50	956	233	62367	9.892664275967542e-42	2.9120559114735e-06	0.00028246942341292954
N85	N92	108	559	2565	62367	2.1397159730210055e-41	2.9120559114735e-06	0.000285381479324403
N92	D50	124	2565	732	62367	3.90789940420636e-41	2.9120559114735e-06	0.0002882935352358765
M62	M99	21	104	85	62367	2.1222000957188887e-40	2.9120559114735e-06	0.00029120559114735004
C50	C78	29	580	73	62367	7.845545144138832e-40	2.9120559114735e-06	0.0002941176470588235
C71	D43	17	50	63	62367	1.0634347287947507e-39	2.9120559114735e-06	0.000297029702970297
F10	K71	31	956	66	62367	1.3391527145734966e-38	2.9120559114735e-06	0.00029994175888177054
H33	H35	23	146	111	62367	1.572063577476843e-38	2.9120559114735e-06	0.000302853814793244
K42	K43	36	398	234	62367	1.8751178569547155e-38	2.9120559114735e-06	0.0003057658707047175
C77	C78	19	91	73	62367	2.6132746350233973e-38	2.9120559114735e-06	0.00030867792661619104
F32	F50	63	2124	233	62367	3.3226259736034286e-38	2.9120559114735e-06	0.0003115899825276645
G46	I66	10	11	14	62367	4.490857802941597e-38	2.9120559114735e-06	0.000314502038439138
K02	K04	22	124	114	62367	8.032337571818682e-38	2.9120559114735e-06	0.00031741409435061155
J33	J34	39	113	1219	62367	1.0228186264904812e-37	2.9120559114735e-06	0.000320326150262085
N97	K66	77	2248	356	62367	3.3134420381217223e-37	2.9120559114735e-06	0.00032323820617355853
N84	N97	145	1199	2248	62367	3.854499803502505e-37	2.9120559114735e-06	0.00032615026208503205
E78	F32	123	946	2124	62367	4.4274370435130525e-37	2.9120559114735e-06	0.0003290623179965055
F33	F50	45	885	233	62367	5.56296530970848e-37	2.9120559114735e-06	0.00033197437390797903
E10	E11	31	210	292	62367	6.532244339628617e-37	2.9120559114735e-06	0.0003348864298194525
N18	D64	28	123	362	62367	1.9698521608019164e-36	2.9120559114735e-06	0.000337798485730926
N97	D25	187	2248	1870	62367	2.9709141482543065e-36	2.9120559114735e-06	0.00034071054164239953
M54	M62	44	2184	104	62367	3.50349175801653e-36	2.9120559114735e-06	0.000343622597553873
N39	N81	50	1583	190	62367	6.080555477795167e-36	2.9120559114735e-06	0.0003465346534653465
F17	I10	96	905	1415	62367	6.991941029535624e-36	2.9120559114735e-06	0.00034944670937682004
E10	E14	25	210	147	62367	2.7435115969840067e-35	2.9120559114735e-06	0.0003523587652882935
M41	M54	44	109	2184	62367	4.177613603800706e-35	2.9120559114735e-06	0.000355270821199767
M53	M99	27	530	85	62367	4.4304281704858084e-35	2.9120559114735e-06	0.00035818287711124054
N20	N39	93	785	1583	62367	8.231752167319419e-35	2.9120559114735e-06	0.000361094933022714
F19	F32	53	178	2124	62367	1.04828861179498e-34	2.9120559114735e-06	0.0003640069889341875
N80	D25	163	1863	1870	62367	3.614768918437573e-34	2.9120559114735e-06	0.00036691904484566104
N18	N19	15	123	28	62367	4.008105343434422e-34	2.9120559114735e-06	0.0003698311007571345
H50	H53	18	92	88	62367	4.134603969150958e-34	2.9120559114735e-06	0.000372743156668608
N83	K66	73	2218	356	62367	4.220573773993508e-34	2.9120559114735e-06	0.00037565521258008154
F33	F45	60	885	560	62367	8.604080898672366e-34	2.9120559114735e-06	0.000378567268491555
N10	N39	64	374	1583	62367	1.3841787598544534e-33	2.9120559114735e-06	0.0003814793244030285
C73	E04	41	195	984	62367	1.4518432416542089e-33	2.9120559114735e-06	0.00038439138031450205
F60	F61	28	560	103	62367	1.7480404986055656e-33	2.9120559114735e-06	0.0003873034362259755
K29	K80	197	2147	2240	62367	2.727834986863982e-33	2.9120559114735e-06	0.00039021549213744903
E66	K80	168	1670	2240	62367	4.181265382508277e-33	2.9120559114735e-06	0.00039312754804892255
E78	K76	52	946	389	62367	8.704804950785002e-33	2.9120559114735e-06	0.000396039603960396
C50	D05	19	580	28	62367	1.1980759934646548e-32	2.9120559114735e-06	0.00039895165987186953
F31	F60	39	309	560	62367	2.2038922737497693e-32	2.9120559114735e-06	0.00040186371578334305
F13	F41	46	274	1011	62367	2.2342091608269139e-32	2.9120559114735e-06	0.0004047757716948165
G43	G44	51	760	469	62367	2.5952463434220215e-32	2.9120559114735e-06	0.00040768782760629003
F12	F13	18	41	274	62367	3.8923143082941936e-32	2.9120559114735e-06	0.00041059988351776355
F10	G40	64	956	652	62367	8.524747904849134e-32	2.9120559114735e-06	0.000413511939429237
N60	D24	33	188	591	62367	1.1513055789992946e-31	2.9120559114735e-06	0.00041642399534071054
H33	H52	23	146	212	62367	1.2689554796804483e-31	2.9120559114735e-06	0.000419336051252184
F43	F50	49	1489	233	62367	1.5966768453635842e-31	2.9120559114735e-06	0.0004222481071636575
F43	F44	40	1489	145	62367	6.416083518889106e-31	2.9120559114735e-06	0.00042516016307513104
M22	M94	23	195	170	62367	6.980666965828122e-31	2.9120559114735e-06	0.0004280722189866045
N18	E21	15	123	42	62367	1.0325026237049785e-30	2.9120559114735e-06	0.000430984274898078
H50	H52	20	92	212	62367	1.1401844477179337e-30	2.9120559114735e-06	0.00043389633080955154
C83	C85	11	22	40	62367	1.1678951643046413e-30	2.9120559114735e-06	0.000436808386721025
C77	C79	15	91	56	62367	1.325981383314167e-30	2.9120559114735e-06	0.0004397204426324985
F17	J44	39	905	218	62367	1.6144950834962718e-30	2.9120559114735e-06	0.00044263249854397204
F20	F25	28	328	215	62367	2.0914996685025462e-30	2.9120559114735e-06	0.0004455445544554455
I42	I50	13	54	45	62367	2.290284835894709e-30	2.9120559114735e-06	0.000448456610366919
F43	F45	71	1489	560	62367	2.8738831779567136e-30	2.9120559114735e-06	0.00045136866627839254
M23	M67	77	1253	795	62367	8.650052717242268e-30	2.9120559114735e-06	0.000454280722189866
K02	K08	18	124	110	62367	1.11129283675367e-29	2.9120559114735e-06	0.00045719277810133953
J34	J35	81	1219	909	62367	1.3104356203530613e-29	2.9120559114735e-06	0.00046010483401281305
B18	F13	24	166	274	62367	2.961829226635177e-29	2.9120559114735e-06	0.0004630168899242865
K70	K74	13	80	37	62367	3.1641249422406686e-29	2.9120559114735e-06	0.00046592894583576003
I73	M34	13	103	31	62367	6.221170249715339e-29	2.9120559114735e-06	0.00046884100174723355
G40	G41	19	652	35	62367	6.22206948311758e-29	2.9120559114735e-06	0.000471753057658707
F41	F60	58	1011	560	62367	6.906103529918284e-29	2.9120559114735e-06	0.00047466511357018053
I10	I11	24	1415	43	62367	1.5159672805052847e-28	2.9120559114735e-06	0.00047757716948165405
I47	I49	23	266	157	62367	1.6003770127883084e-28	2.9120559114735e-06	0.0004804892253931275
D50	K29	95	732	2147	62367	1.7996074123420323e-28	2.9120559114735e-06	0.00048340128130460103
F32	I10	138	2124	1415	62367	3.0169734845572686e-28	2.9120559114735e-06	0.00048631333721607455
N87	D06	87	1613	831	62367	3.9666314251152314e-28	2.9120559114735e-06	0.000489225393127548
D24	D48	47	591	611	62367	5.3243434719749915e-28	2.9120559114735e-06	0.0004921374490390215
E65	L57	16	194	53	62367	5.4780460501377135e-28	2.9120559114735e-06	0.0004950495049504951
E14	I10	37	147	1415	62367	6.6256293074544175e-28	2.9120559114735e-06	0.0004979615608619685
I60	I67	14	52	104	62367	8.661518580381016e-28	2.9120559114735e-06	0.000500873616773442
F32	M54	180	2124	2184	62367	1.2036608263058352e-27	2.9120559114735e-06	0.0005037856726849156
C73	C77	18	195	91	62367	1.4124868018851463e-27	2.9120559114735e-06	0.000506697728596389
N13	N39	65	489	1583	62367	1.595485395840186e-27	2.9120559114735e-06	0.0005096097845078625
N70	K66	43	852	356	62367	2.56545095458875e-27	2.9120559114735e-06	0.0005125218404193361
I10	K76	55	1415	389	62367	3.736744928139445e-27	2.9120559114735e-06	0.0005154338963308095
M43	M54	38	114	2184	62367	6.810580332842091e-27	2.9120559114735e-06	0.000518345952242283
E78	F33	67	946	885	62367	7.408768845729241e-27	2.9120559114735e-06	0.0005212580081537566
K50	K56	27	328	258	62367	9.668182925866046e-27	2.9120559114735e-06	0.00052417006406523
N70	N97	103	852	2248	62367	1.1599854627842202e-26	2.9120559114735e-06	0.0005270821199767035
F10	K76	46	956	389	62367	1.2847801136106293e-26	2.9120559114735e-06	0.0005299941758881771
N18	I12	11	123	17	62367	1.3587875969775292e-26	2.9120559114735e-06	0.0005329062317996505
F20	F23	26	328	234	62367	1.7744998119292838e-26	2.9120559114735e-06	0.000535818287711124
K01	K04	18	177	114	62367	1.856989719560109e-26	2.9120559114735e-06	0.0005387303436225976
M50	M53	33	300	530	62367	2.1896625261235887e-26	2.9120559114735e-06	0.000541642399534071
H65	H90	16	99	129	62367	4.1830160035762864e-26	2.9120559114735e-06	0.0005445544554455445
J01	J32	35	237	816	62367	4.4393765066908554e-26	2.9120559114735e-06	0.0005474665113570181
N70	N83	101	852	2218	62367	6.038823002386078e-26	2.9120559114735e-06	0.0005503785672684915
I20	I25	15	89	110	62367	6.29384586993488e-26	2.9120559114735e-06	0.000553290623179965
F11	F12	12	82	41	62367	8.792585851783653e-26	2.9120559114735e-06	0.0005562026790914386
M24	M25	24	205	309	62367	1.0443290524299761e-25	2.9120559114735e-06	0.000559114735002912
E66	G47	50	1670	290	62367	1.1759217637004e-25	2.9120559114735e-06	0.0005620267909143855
J30	J34	32	133	1219	62367	1.2566989324172543e-25	2.9120559114735e-06	0.0005649388468258591
E14	E66	37	147	1670	62367	2.0931536155687083e-25	2.9120559114735e-06	0.0005678509027373325
E78	E79	23	946	66	62367	2.097251588878444e-25	2.9120559114735e-06	0.000570762958648806
N70	N76	46	852	466	62367	2.4080046542770966e-25	2.9120559114735e-06	0.0005736750145602796
M23	M25	45	1253	309	62367	4.023980984883491e-25	2.9120559114735e-06	0.000576587070471753
C43	D22	20	136	262	62367	4.0288748444890787e-25	2.9120559114735e-06	0.0005794991263832265
M50	M51	50	300	1667	62367	5.356930999991789e-25	2.9120559114735e-06	0.0005824111822947001
J35	J36	34	909	216	62367	8.309937090716023e-25	2.9120559114735e-06	0.0005853232382061735
N35	N39	33	121	1583	62367	9.439656290099925e-25	2.9120559114735e-06	0.000588235294117647
C18	C78	11	35	73	62367	1.0451245907523618e-24	2.9120559114735e-06	0.0005911473500291206
C82	C85	9	20	40	62367	1.1623801275756064e-24	2.9120559114735e-06	0.000594059405940594
E11	K76	28	292	389	62367	1.4204434542842884e-24	2.9120559114735e-06	0.0005969714618520675
J18	J90	20	544	74	62367	1.747134467972277e-24	2.9120559114735e-06	0.0005998835177635411
L40	M07	10	146	14	62367	3.5844332958424615e-24	2.9120559114735e-06	0.0006027955736750145
N17	N18	13	54	123	62367	3.6734091619416335e-24	2.9120559114735e-06	0.000605707629586488
F10	F41	68	956	1011	62367	4.672930297698699e-24	2.9120559114735e-06	0.0006086196854979616
F10	F12	19	956	41	62367	4.997644786811772e-24	2.9120559114735e-06	0.000611531741409435
F45	M54	76	560	2184	62367	8.440270862029515e-24	2.9120559114735e-06	0.0006144437973209085
M42	M53	24	146	530	62367	8.79675024003972e-24	2.9120559114735e-06	0.0006173558532323821
E66	J44	42	1670	218	62367	1.0053666747234033e-23	2.9120559114735e-06	0.0006202679091438556
F32	K70	30	2124	80	62367	1.2894107849293187e-23	2.9120559114735e-06	0.000623179965055329
A15	A16	10	35	53	62367	1.4373320018821257e-23	2.9120559114735e-06	0.0006260920209668026
N83	D27	73	2218	518	62367	1.6288248913816472e-23	2.9120559114735e-06	0.000629004076878276
C71	G40	18	50	652	62367	2.3310798902575867e-23	2.9120559114735e-06	0.0006319161327897495
N19	I10	18	28	1415	62367	2.416665969119626e-23	2.9120559114735e-06	0.0006348281887012231
F11	F19	15	82	178	62367	3.136421932132887e-23	2.9120559114735e-06	0.0006377402446126966
D68	I80	19	126	293	62367	3.277006417140549e-23	2.9120559114735e-06	0.00064065230052417
M65	M75	32	449	410	62367	3.3470436131961966e-23	2.9120559114735e-06	0.0006435643564356436
E10	H36	11	210	19	62367	3.571440152231571e-23	2.9120559114735e-06	0.0006464764123471171
E65	L90	21	194	270	62367	3.8028279025147407e-23	2.9120559114735e-06	0.0006493884682585905
I85	K74	8	15	37	62367	4.365618416892265e-23	2.9120559114735e-06	0.0006523005241700641
M50	M54	54	300	2184	62367	4.5805572472547e-23	2.9120559114735e-06	0.0006552125800815376
M20	M21	20	597	79	62367	4.7713868816217697e-23	2.9120559114735e-06	0.000658124635993011
M25	M66	13	309	29	62367	5.313696394668933e-23	2.9120559114735e-06	0.0006610366919044845
N80	D27	66	1863	518	62367	5.462539546360123e-23	2.9120559114735e-06	0.0006639487478159581
F10	F61	25	956	103	62367	5.800770232199891e-23	2.9120559114735e-06	0.0006668608037274315
C53	D06	28	162	831	62367	7.426935023018403e-23	2.9120559114735e-06	0.000669772859638905
H25	H26	12	104	54	62367	7.753048682437029e-23	2.9120559114735e-06	0.0006726849155503786
N84	N85	55	1199	559	62367	7.859126967787811e-23	2.9120559114735e-06	0.000675596971461852
K50	K51	23	328	223	62367	8.314639579757533e-23	2.9120559114735e-06	0.0006785090273733255
J44	J45	27	218	550	62367	8.801306346193173e-23	2.9120559114735e-06	0.0006814210832847991
K60	K62	25	343	279	62367	1.1132589818398336e-22	2.9120559114735e-06	0.0006843331391962725
I63	I69	11	87	44	62367	1.489395824393206e-22	2.9120559114735e-06	0.000687245195107746
K25	K29	34	115	2147	62367	1.581847580402438e-22	2.9120559114735e-06	0.0006901572510192196
F33	F61	24	885	103	62367	2.0258343629229246e-22	2.9120559114735e-06	0.000693069306930693
M23	M65	50	1253	449	62367	2.0432414551322238e-22	2.9120559114735e-06	0.0006959813628421665
M42	M99	14	146	85	62367	2.5792706732821836e-22	2.9120559114735e-06	0.0006988934187536401
E14	H36	10	147	19	62367	3.5138645138053885e-22	2.9120559114735e-06	0.0007018054746651135
B96	K29	22	40	2147	62367	3.6438474796062733e-22	2.9120559114735e-06	0.000704717530576587
G62	K70	11	52	80	62367	4.368082094792677e-22	2.9120559114735e-06	0.0007076295864880606
F43	F61	28	1489	103	62367	7.012503067536243e-22	2.9120559114735e-06	0.000710541642399534
J03	J35	38	346	909	62367	7.874495537842655e-22	2.9120559114735e-06	0.0007134536983110075
E10	E16	12	210	34	62367	7.935858607250345e-22	2.9120559114735e-06	0.0007163657542224811
H35	H52	16	111	212	62367	1.096814357977385e-21	2.9120559114735e-06	0.0007192778101339545
E86	A09	22	75	1031	62367	1.1488302897217951e-21	2.9120559114735e-06	0.000722189866045428
K29	K52	106	2147	1092	62367	1.9208370624659775e-21	2.9120559114735e-06	0.0007251019219569016
E05	H06	10	423	11	62367	2.0248228853315874e-21	2.9120559114735e-06	0.000728013977868375
F10	F11	22	956	82	62367	2.027993762345166e-21	2.9120559114735e-06	0.0007309260337798485
N18	D63	11	123	40	62367	2.443775043440012e-21	2.9120559114735e-06	0.0007338380896913221
D25	D50	77	1870	732	62367	2.6884295020260313e-21	2.9120559114735e-06	0.0007367501456027955
M48	M54	26	65	2184	62367	3.2840008976028834e-21	2.9120559114735e-06	0.000739662201514269
M20	M25	30	597	309	62367	4.8188643199521215e-21	2.9120559114735e-06	0.0007425742574257426
I26	I82	16	218	118	62367	4.8276710168437585e-21	2.9120559114735e-06	0.000745486313337216
E78	I21	17	946	40	62367	6.616527683333135e-21	2.9120559114735e-06	0.0007483983692486895
K01	K07	19	177	274	62367	7.262809948967162e-21	2.9120559114735e-06	0.0007513104251601631
E78	K29	96	946	2147	62367	7.2932969272686e-21	2.9120559114735e-06	0.0007542224810716366
L93	M32	10	42	78	62367	7.316029818968896e-21	2.9120559114735e-06	0.00075713453698311
M47	M53	27	267	530	62367	7.498255335337206e-21	2.9120559114735e-06	0.0007600465928945836
M51	M53	60	1667	530	62367	8.674587360043046e-21	2.9120559114735e-06	0.000762958648806057
M51	M99	26	1667	85	62367	1.1570651659054442e-20	2.9120559114735e-06	0.0007658707047175305
J43	J93	9	23	89	62367	1.2999336167748594e-20	2.9120559114735e-06	0.0007687827606290041
F40	F41	21	74	1011	62367	1.3971514805416294e-20	2.9120559114735e-06	0.0007716948165404776
F17	F33	57	905	885	62367	1.407405219351304e-20	2.9120559114735e-06	0.000774606872451951
H83	H93	15	53	431	62367	1.5098456140946016e-20	2.9120559114735e-06	0.0007775189283634246
N23	N39	45	321	1583	62367	2.0650240110262e-20	2.9120559114735e-06	0.0007804309842748981
E14	E78	26	147	946	62367	3.370531212020878e-20	2.9120559114735e-06	0.0007833430401863715
F11	F60	18	82	560	62367	3.7742309432606765e-20	2.9120559114735e-06	0.0007862550960978451
E79	I10	22	66	1415	62367	4.035622674203683e-20	2.9120559114735e-06	0.0007891671520093186
M48	M51	23	65	1667	62367	4.422696927345122e-20	2.9120559114735e-06	0.000792079207920792
F32	F61	30	2124	103	62367	5.682216306349255e-20	2.9120559114735e-06	0.0007949912638322656
C50	D48	38	580	611	62367	6.113915352717885e-20	2.9120559114735e-06	0.0007979033197437391
M05	M06	11	55	116	62367	6.322617717658498e-20	2.9120559114735e-06	0.0008008153756552125
J03	J36	21	346	216	62367	6.53639489780702e-20	2.9120559114735e-06	0.0008037274315666861
K29	K31	32	2147	119	62367	6.635070784015301e-20	2.9120559114735e-06	0.0008066394874781596
K70	K76	16	80	389	62367	7.223387887353643e-20	2.9120559114735e-06	0.000809551543389633
L90	L91	15	270	90	62367	8.138918174546238e-20	2.9120559114735e-06	0.0008124635993011066
I67	I72	9	104	24	62367	8.950724654689873e-20	2.9120559114735e-06	0.0008153756552125801
F17	J45	44	905	550	62367	1.1185769507828801e-19	2.9120559114735e-06	0.0008182877111240535
M42	M47	17	146	267	62367	1.32161828340339e-19	2.9120559114735e-06	0.0008211997670355271
F33	K70	20	885	80	62367	1.409773466530691e-19	2.9120559114735e-06	0.0008241118229470006
N85	N88	24	559	208	62367	1.6740450342970701e-19	2.9120559114735e-06	0.000827023878858474
F60	G40	38	560	652	62367	1.674575511153784e-19	2.9120559114735e-06	0.0008299359347699476
I63	I65	9	87	30	62367	1.8228329608667342e-19	2.9120559114735e-06	0.0008328479906814211
H66	H72	11	167	43	62367	1.9388617548313285e-19	2.9120559114735e-06	0.0008357600465928945
E78	K71	19	946	66	62367	2.0316452585307397e-19	2.9120559114735e-06	0.000838672102504368
N97	N98	37	2248	163	62367	2.210303572910188e-19	2.9120559114735e-06	0.0008415841584158416
F17	F60	44	905	560	62367	2.2272112979191666e-19	2.9120559114735e-06	0.000844496214327315
N18	I15	9	123	23	62367	2.672823701661655e-19	2.9120559114735e-06	0.0008474082702387885
K85	K86	12	207	53	62367	3.0635346963106996e-19	2.9120559114735e-06	0.0008503203261502621
N94	N97	73	605	2248	62367	3.09003218840122e-19	2.9120559114735e-06	0.0008532323820617355
M42	M62	13	146	104	62367	3.740631979102689e-19	2.9120559114735e-06	0.0008590564938846826
H25	H33	13	104	146	62367	3.740631979102689e-19	2.9120559114735e-06	0.000856144437973209
E11	H36	10	292	19	62367	3.8582817379105107e-19	2.9120559114735e-06	0.000861968549796156
J18	J96	16	544	66	62367	5.162880048384621e-19	2.9120559114735e-06	0.0008648806057076295
B18	B17	11	166	47	62367	5.436939596585184e-19	2.9120559114735e-06	0.0008677926616191031
K22	K29	27	86	2147	62367	6.005355026659349e-19	2.9120559114735e-06	0.0008707047175305765
F19	F43	32	178	1489	62367	6.361464281785221e-19	2.9120559114735e-06	0.00087361677344205
D68	I26	15	126	218	62367	6.372336471785816e-19	2.9120559114735e-06	0.0008765288293535236
M41	M62	12	109	104	62367	6.571230657976466e-19	2.9120559114735e-06	0.000879440885264997
M24	M62	14	205	104	62367	6.717255512000682e-19	2.9120559114735e-06	0.0008823529411764705
F13	F61	15	274	103	62367	8.611268400064661e-19	2.9120559114735e-06	0.0008852649970879441
B20	B24	7	12	68	62367	1.050222369920601e-18	2.9120559114735e-06	0.0008881770529994175
N94	D25	65	605	1870	62367	1.171548760843259e-18	2.9120559114735e-06	0.000891089108910891
M20	M77	27	597	289	62367	1.2176480836584196e-18	2.9120559114735e-06	0.0008940011648223646
N70	N80	79	852	1863	62367	1.2585140334395617e-18	2.9120559114735e-06	0.000896913220733838
F10	G62	17	956	52	62367	1.644614802046866e-18	2.9120559114735e-06	0.0008998252766453115
F19	G40	23	178	652	62367	2.104656759528545e-18	2.9120559114735e-06	0.0009027373325567851
F32	G44	60	2124	469	62367	2.11732397721682e-18	2.9120559114735e-06	0.0009056493884682586
M24	M99	13	205	85	62367	2.1340939738794025e-18	2.9120559114735e-06	0.000908561444379732
K50	K63	22	328	309	62367	2.2795441322665952e-18	2.9120559114735e-06	0.0009114735002912056
F32	F34	31	2124	125	62367	2.4019835839477707e-18	2.9120559114735e-06	0.0009143855562026791
E10	I10	33	210	1415	62367	2.830219845068373e-18	2.9120559114735e-06	0.0009172976121141525
H05	H06	6	30	11	62367	3.351623805470957e-18	2.9120559114735e-06	0.0009202096680256261
E78	F43	73	946	1489	62367	3.4725409079819845e-18	2.9120559114735e-06	0.0009231217239370996
N73	D25	71	721	1870	62367	3.529809116685729e-18	2.9120559114735e-06	0.000926033779848573
E66	F32	130	1670	2124	62367	3.6286157864099896e-18	2.9120559114735e-06	0.0009289458357600466
N83	N97	164	2218	2248	62367	4.362638819535612e-18	2.9120559114735e-06	0.0009318578916715201
K74	K76	12	37	389	62367	4.7095397757032e-18	2.9120559114735e-06	0.0009347699475829935
I10	I21	17	1415	40	62367	5.5218116286782466e-18	2.9120559114735e-06	0.0009376820034944671
N73	K66	31	721	356	62367	5.552774950946504e-18	2.9120559114735e-06	0.0009405940594059406
H66	H70	8	167	14	62367	6.606934317422809e-18	2.9120559114735e-06	0.000943506115317414
K26	K29	25	78	2147	62367	6.7662026215636024e-18	2.9120559114735e-06	0.0009464181712288876
F17	I21	15	905	40	62367	6.8198616694304025e-18	2.9120559114735e-06	0.0009493302271403611
E03	E66	62	644	1670	62367	7.139087230575209e-18	2.9120559114735e-06	0.0009522422830518345
N83	D39	36	2218	172	62367	7.361287187017134e-18	2.9120559114735e-06	0.0009551543389633081
G44	M54	60	469	2184	62367	7.72854423034121e-18	2.9120559114735e-06	0.0009580663948747816
F41	I10	73	1011	1415	62367	8.212173413655966e-18	2.9120559114735e-06	0.000960978450786255
C53	C54	9	162	25	62367	8.471327867793387e-18	2.9120559114735e-06	0.0009638905066977286
N13	N28	17	489	104	62367	8.906049708094103e-18	2.9120559114735e-06	0.0009668025626092021
M22	M67	25	195	795	62367	8.957198595923625e-18	2.9120559114735e-06	0.0009697146185206755
N17	A41	9	54	71	62367	9.675407220282203e-18	2.9120559114735e-06	0.0009726266744321491
D68	M32	11	126	78	62367	1.0152063847265521e-17	2.9120559114735e-06	0.0009755387303436226
C50	D70	15	580	60	62367	1.0179921981444351e-17	2.9120559114735e-06	0.000978450786255096
F20	F22	14	328	80	62367	1.0345588024177374e-17	2.9120559114735e-06	0.0009813628421665695
E13	E14	9	28	147	62367	1.163795654107309e-17	2.9120559114735e-06	0.000984274898078043
F19	F33	25	178	885	62367	1.1697734930217559e-17	2.9120559114735e-06	0.0009871869539895166
F32	F48	34	2124	162	62367	1.5057562546990533e-17	2.9120559114735e-06	0.0009900990099009901
N60	D48	22	188	611	62367	2.5736224940719425e-17	2.9120559114735e-06	0.0009930110658124636
F12	F19	10	41	178	62367	2.88268037303463e-17	2.9120559114735e-06	0.000995923121723937
F10	F31	32	956	309	62367	3.207343257571435e-17	2.9120559114735e-06	0.0009988351776354105
H66	H71	10	167	44	62367	3.3071799776160974e-17	2.9120559114735e-06	0.001001747233546884
I84	K63	30	829	309	62367	4.083045477318266e-17	2.9120559114735e-06	0.0010046592894583577
M41	M42	12	109	146	62367	4.404824047896165e-17	2.9120559114735e-06	0.0010075713453698311
D64	I10	41	362	1415	62367	4.63170829809174e-17	2.9120559114735e-06	0.0010104834012813046
G56	M65	38	967	449	62367	4.7446249549822833e-17	2.9120559114735e-06	0.001013395457192778
E11	E13	10	292	28	62367	5.281579862030399e-17	2.9120559114735e-06	0.0010163075131042515
I10	I20	22	1415	89	62367	5.431538213650177e-17	2.9120559114735e-06	0.001019219569015725
M41	M47	14	109	267	62367	5.499673946810523e-17	2.9120559114735e-06	0.0010221316249271987
E66	K21	60	1670	638	62367	7.254553280816453e-17	2.9120559114735e-06	0.0010250436808386721
D33	D43	8	42	63	62367	7.843747678955688e-17	2.9120559114735e-06	0.0010279557367501456
H26	H33	10	54	146	62367	7.915276693674518e-17	2.9120559114735e-06	0.001030867792661619
N18	N39	26	123	1583	62367	7.969714960644502e-17	2.9120559114735e-06	0.0010337798485730925
G43	G45	20	760	125	62367	8.821913950283616e-17	2.9120559114735e-06	0.001036691904484566
N73	D27	35	721	518	62367	1.1512571285954132e-16	2.9120559114735e-06	0.0010396039603960397
M24	M53	21	205	530	62367	1.2466854404883385e-16	2.9120559114735e-06	0.0010425160163075131
F19	B17	10	178	47	62367	1.31199233881983e-16	2.9120559114735e-06	0.0010454280722189866
F13	F17	29	274	905	62367	1.321599389587932e-16	2.9120559114735e-06	0.00104834012813046
C34	D38	7	26	54	62367	1.5803849401572195e-16	2.9120559114735e-06	0.0010512521840419335
C50	L90	24	580	270	62367	1.6582409065718563e-16	2.9120559114735e-06	0.001054164239953407
K04	K08	11	114	110	62367	1.6988443456552946e-16	2.9120559114735e-06	0.0010570762958648807
N83	D25	140	2218	1870	62367	1.7143308022452702e-16	2.9120559114735e-06	0.0010599883517763541
F17	I25	20	905	110	62367	1.7972678897424688e-16	2.9120559114735e-06	0.0010629004076878276
M65	M67	34	449	795	62367	1.8801466718007866e-16	2.9120559114735e-06	0.001065812463599301
K80	K82	22	2240	63	62367	1.9026744138112192e-16	2.9120559114735e-06	0.0010687245195107745
K29	K58	39	2147	231	62367	2.4681949048813695e-16	2.9120559114735e-06	0.001071636575422248
K83	K85	12	90	207	62367	2.8262236068478556e-16	2.9120559114735e-06	0.0010745486313337217
H52	H53	12	212	88	62367	2.8444489770279193e-16	2.9120559114735e-06	0.0010774606872451951
M19	M75	17	151	410	62367	3.132823297587635e-16	2.9120559114735e-06	0.0010803727431566686
M06	M13	11	116	115	62367	3.4268532527767663e-16	2.9120559114735e-06	0.001083284799068142
M24	M66	9	205	29	62367	3.5493414566061783e-16	2.9120559114735e-06	0.0010861968549796155
F51	G25	8	44	72	62367	3.61749897149213e-16	2.9120559114735e-06	0.001089108910891089
N62	N64	18	346	213	62367	3.633671313593443e-16	2.9120559114735e-06	0.0010920209668025627
I63	I64	8	87	37	62367	3.8479182453383877e-16	2.9120559114735e-06	0.0010949330227140361
M43	M51	25	114	1667	62367	4.0251887514568845e-16	2.9120559114735e-06	0.0010978450786255096
F17	F41	54	905	1011	62367	4.670743172792472e-16	2.9120559114735e-06	0.001100757134536983
M41	M99	10	109	85	62367	4.882749682066426e-16	2.9120559114735e-06	0.0011036691904484565
K01	K08	12	177	110	62367	5.16702198258818e-16	2.9120559114735e-06	0.00110658124635993
K76	K80	52	389	2240	62367	5.178386960158645e-16	2.9120559114735e-06	0.0011094933022714037
I10	J44	31	1415	218	62367	5.358894442814487e-16	2.9120559114735e-06	0.0011124053581828771
F13	F50	17	274	233	62367	5.980397209549607e-16	2.9120559114735e-06	0.0011153174140943506
H26	H35	9	54	111	62367	6.396230529377764e-16	2.9120559114735e-06	0.001118229470005824
F30	F31	10	33	309	62367	6.445349711556679e-16	2.9120559114735e-06	0.0011211415259172975
K29	K59	59	2147	510	62367	7.199281211493192e-16	2.9120559114735e-06	0.001124053581828771
F13	F14	8	274	15	62367	7.848209001759466e-16	2.9120559114735e-06	0.0011269656377402445
K44	K80	62	534	2240	62367	7.867888862384937e-16	2.9120559114735e-06	0.0011298776936517181
N03	N18	7	16	123	62367	1.099937199138416e-15	2.9120559114735e-06	0.0011327897495631916
M24	M65	19	205	449	62367	1.1367177124868592e-15	2.9120559114735e-06	0.001135701805474665
F32	K29	147	2124	2147	62367	1.3525482323648452e-15	2.9120559114735e-06	0.0011386138613861385
N72	N86	9	50	131	62367	1.4014797715355877e-15	2.9120559114735e-06	0.001141525917297612
G44	M53	28	469	530	62367	1.4564367127333926e-15	2.9120559114735e-06	0.0011444379732090855
G55	M54	18	43	2184	62367	1.545598932565041e-15	2.9120559114735e-06	0.0011473500291205592
K29	K76	50	2147	389	62367	1.7708175848990476e-15	2.9120559114735e-06	0.0011502620850320326
F31	F33	29	309	885	62367	1.809436563644945e-15	2.9120559114735e-06	0.001153174140943506
F10	F14	10	956	15	62367	1.915305658381899e-15	2.9120559114735e-06	0.0011560861968549795
F17	F43	66	905	1489	62367	2.221128824471524e-15	2.9120559114735e-06	0.001158998252766453
K01	K02	12	177	124	62367	2.2606266403120466e-15	2.9120559114735e-06	0.0011619103086779265
I70	I73	8	39	103	62367	2.4718321769111364e-15	2.9120559114735e-06	0.0011648223645894002
C18	C20	6	35	24	62367	2.654511181582767e-15	2.9120559114735e-06	0.0011677344205008736
F17	J18	38	905	544	62367	2.9101392259580204e-15	2.9120559114735e-06	0.001170646476412347
I34	I42	8	76	54	62367	3.306562982288298e-15	2.9120559114735e-06	0.0011735585323238205
B18	B24	10	166	68	62367	3.4512861212822934e-15	2.9120559114735e-06	0.001176470588235294
I47	I48	11	266	63	62367	3.493148887454143e-15	2.9120559114735e-06	0.0011793826441467675
E78	K21	42	946	638	62367	3.622321377713551e-15	2.9120559114735e-06	0.0011822947000582412
D35	D44	8	95	44	62367	3.63059698927915e-15	2.9120559114735e-06	0.0011852067559697146
H65	H66	11	99	167	62367	3.736279010459026e-15	2.9120559114735e-06	0.001188118811881188
D43	G40	14	63	652	62367	3.787537599178701e-15	2.9120559114735e-06	0.0011910308677926616
B23	B24	6	14	68	62367	3.9951233442045784e-15	2.9120559114735e-06	0.001193942923704135
K01	K09	9	177	43	62367	5.046784719821906e-15	2.9120559114735e-06	0.0011968549796156085
C81	C85	7	57	40	62367	6.616085000237606e-15	2.9120559114735e-06	0.0011997670355270822
G80	G82	6	22	45	62367	7.373788695581184e-15	2.9120559114735e-06	0.0012026790914385556
C43	C77	10	136	91	62367	9.600870979405548e-15	2.9120559114735e-06	0.001205591147350029
K21	K76	27	638	389	62367	1.0557728762130928e-14	2.9120559114735e-06	0.0012085032032615026
K01	K12	11	177	103	62367	1.117163078707957e-14	2.9120559114735e-06	0.001211415259172976
G04	G35	12	54	491	62367	1.2610052581335809e-14	2.9120559114735e-06	0.0012143273150844495
J18	J80	8	544	12	62367	1.5281773461435814e-14	2.9120559114735e-06	0.0012172393709959232
H35	H44	7	111	24	62367	1.5751896725837415e-14	2.9120559114735e-06	0.0012201514269073966
B18	F10	22	166	956	62367	1.7160514562766663e-14	2.9120559114735e-06	0.00122306348281887
D69	K74	8	140	37	62367	1.9234832909086303e-14	2.9120559114735e-06	0.0012259755387303436
E66	K29	121	1670	2147	62367	2.1040025475784217e-14	2.9120559114735e-06	0.001228887594641817
F11	F14	6	82	15	62367	2.1246904869530023e-14	2.9120559114735e-06	0.0012317996505532905
J18	J45	29	544	550	62367	2.1496013999991213e-14	2.9120559114735e-06	0.0012347117064647642
H43	H35	7	25	111	62367	2.1845713879280797e-14	2.9120559114735e-06	0.0012376237623762376
N18	A41	9	123	71	62367	2.250747930821173e-14	2.9120559114735e-06	0.001240535818287711
D22	D23	15	262	210	62367	2.2539393206112135e-14	2.9120559114735e-06	0.0012434478741991846
E65	E88	10	194	70	62367	2.263851091793327e-14	2.9120559114735e-06	0.001246359930110658
F79	G40	12	44	652	62367	2.3968027556893415e-14	2.9120559114735e-06	0.0012492719860221315
F13	G40	23	274	652	62367	2.881194649183455e-14	2.9120559114735e-06	0.0012521840419336052
E78	F60	38	946	560	62367	2.905528556228658e-14	2.9120559114735e-06	0.0012550960978450786
K25	K26	9	115	78	62367	2.934730231865473e-14	2.9120559114735e-06	0.001258008153756552
L57	L90	10	53	270	62367	3.237990836572534e-14	2.9120559114735e-06	0.0012609202096680256
F34	F60	16	125	560	62367	3.6580248139531514e-14	2.9120559114735e-06	0.001263832265579499
K29	K92	39	2147	268	62367	3.854751842497217e-14	2.9120559114735e-06	0.0012667443214909725
I10	I42	16	1415	54	62367	4.256370476752793e-14	2.9120559114735e-06	0.0012696563774024462
G91	I60	6	25	52	62367	4.359671060266506e-14	2.9120559114735e-06	0.0012725684333139196
H71	H90	8	44	129	62367	4.473879815485712e-14	2.9120559114735e-06	0.0012754804892253931
D64	E21	10	362	42	62367	4.7825416692773635e-14	2.9120559114735e-06	0.0012783925451368666
F32	G62	18	2124	52	62367	5.0100086628930684e-14	2.9120559114735e-06	0.00128130460104834
K56	K65	11	258	82	62367	5.2956172455056455e-14	2.9120559114735e-06	0.0012842166569598135
A41	J18	13	71	544	62367	5.377123874925924e-14	2.9120559114735e-06	0.0012871287128712872
C53	C77	10	162	91	62367	5.660072645589387e-14	2.9120559114735e-06	0.0012900407687827607
D25	K66	42	1870	356	62367	6.185339010100182e-14	2.9120559114735e-06	0.0012929528246942341
E78	F10	50	946	956	62367	7.034594377595258e-14	2.9120559114735e-06	0.0012958648806057076
J18	J47	9	544	21	62367	7.328535390030655e-14	2.9120559114735e-06	0.001298776936517181
H66	H90	11	167	129	62367	7.360626333884716e-14	2.9120559114735e-06	0.0013016889924286545
J30	J45	16	133	550	62367	7.478015117617434e-14	2.9120559114735e-06	0.0013046010483401282
G35	H46	12	491	63	62367	9.202185722188143e-14	2.9120559114735e-06	0.0013075131042516017
E66	E79	18	1670	66	62367	9.273992613650948e-14	2.9120559114735e-06	0.0013104251601630751
N87	C53	26	1613	162	62367	1.2619443936574616e-13	2.9120559114735e-06	0.0013133372160745486
D86	L52	8	103	62	62367	1.3167395763590229e-13	2.9120559114735e-06	0.001316249271986022
N31	G35	12	65	491	62367	1.3694091916305133e-13	2.9120559114735e-06	0.0013191613278974955
F41	F50	25	1011	233	62367	1.4043916593950532e-13	2.9120559114735e-06	0.001322073383808969
F25	F60	19	215	560	62367	1.4120757474922342e-13	2.9120559114735e-06	0.0013249854397204427
N18	N26	7	123	29	62367	1.4692248830067202e-13	2.9120559114735e-06	0.0013278974956319161
K59	L90	20	510	270	62367	1.5929235915163965e-13	2.9120559114735e-06	0.0013308095515433896
D50	D89	8	732	12	62367	1.6465034578744552e-13	2.9120559114735e-06	0.001333721607454863
K29	K63	41	2147	309	62367	2.0317369992094902e-13	2.9120559114735e-06	0.0013366336633663365
N30	N39	23	129	1583	62367	2.2157275355821036e-13	2.9120559114735e-06	0.00133954571927781
G35	H48	6	491	6	62367	2.309653421098696e-13	2.9120559114735e-06	0.0013424577751892837
D12	I84	16	97	829	62367	2.4022588805332267e-13	2.9120559114735e-06	0.0013453698311007571
F17	F19	21	905	178	62367	2.424679005909491e-13	2.9120559114735e-06	0.0013482818870122306
H90	H91	15	129	509	62367	2.470247032091805e-13	2.9120559114735e-06	0.001351193942923704
F41	F42	15	1011	68	62367	2.526401368356973e-13	2.9120559114735e-06	0.0013541059988351775
K08	K12	9	110	103	62367	2.58417210383221e-13	2.9120559114735e-06	0.001357018054746651
D34	E04	13	47	984	62367	2.977562769486559e-13	2.9120559114735e-06	0.0013599301106581247
N18	J18	15	123	544	62367	3.1437724625960397e-13	2.9120559114735e-06	0.0013628421665695981
E73	K29	25	119	2147	62367	3.3597815081508485e-13	2.9120559114735e-06	0.0013657542224810716
F32	K76	46	2124	389	62367	3.3788411828449303e-13	2.9120559114735e-06	0.001368666278392545
D50	D64	26	732	362	62367	3.445529448093929e-13	2.9120559114735e-06	0.0013715783343040185
K56	K63	16	258	309	62367	3.488668617182542e-13	2.9120559114735e-06	0.001374490390215492
E05	H05	9	423	30	62367	3.5190827405697096e-13	2.9120559114735e-06	0.0013774024461269657
N73	N94	33	721	605	62367	3.572729410453871e-13	2.9120559114735e-06	0.0013803145020384391
K04	K12	9	114	103	62367	3.5877909707676754e-13	2.9120559114735e-06	0.0013832265579499126
K63	K65	11	309	82	62367	3.785637206347979e-13	2.9120559114735e-06	0.001386138613861386
F70	F71	6	57	32	62367	3.951628189025643e-13	2.9120559114735e-06	0.0013890506697728595
N31	N39	17	65	1583	62367	4.093555633956916e-13	2.9120559114735e-06	0.001391962725684333
E74	K29	22	91	2147	62367	4.1828188849928577e-13	2.9120559114735e-06	0.0013948747815958067
E04	E89	15	984	72	62367	4.2136213285942105e-13	2.9120559114735e-06	0.0013977868375072801
G44	G97	11	469	56	62367	4.2504792532573983e-13	2.9120559114735e-06	0.0014006988934187536
E78	I20	16	946	89	62367	4.3606529262514154e-13	2.9120559114735e-06	0.001403610949330227
F32	K71	19	2124	66	62367	4.484617242317916e-13	2.9120559114735e-06	0.0014065230052417005
F20	F70	10	328	57	62367	4.896125808514867e-13	2.9120559114735e-06	0.001409435061153174
K40	K42	19	325	398	62367	5.537888365282976e-13	2.9120559114735e-06	0.0014123471170646477
E87	F50	13	192	233	62367	5.583285291736521e-13	2.9120559114735e-06	0.0014152591729761211
K22	K44	13	86	534	62367	5.665358730228326e-13	2.9120559114735e-06	0.0014181712288875946
G55	M50	9	43	300	62367	5.973582482706271e-13	2.9120559114735e-06	0.001421083284799068
N12	N39	23	135	1583	62367	6.017319773099071e-13	2.9120559114735e-06	0.0014239953407105415
M17	M22	11	134	195	62367	6.176683493462355e-13	2.9120559114735e-06	0.001426907396622015
N86	N93	12	131	268	62367	6.242869214496783e-13	2.9120559114735e-06	0.0014298194525334887
F32	F44	27	2124	145	62367	6.473233082225323e-13	2.9120559114735e-06	0.0014327315084449622
F17	K70	15	905	80	62367	6.569917254957448e-13	2.9120559114735e-06	0.0014356435643564356
E65	K43	13	194	234	62367	6.731316069313587e-13	2.9120559114735e-06	0.001438555620267909
G35	G97	11	491	56	62367	6.972626249149408e-13	2.9120559114735e-06	0.0014414676761793825
H35	H36	6	111	19	62367	7.378354043795032e-13	2.9120559114735e-06	0.001444379732090856
F45	M53	27	560	530	62367	7.566291903675216e-13	2.9120559114735e-06	0.0014472917880023297
C78	C80	6	73	28	62367	7.691029413039134e-13	2.9120559114735e-06	0.0014502038439138032
F32	F42	19	2124	68	62367	8.140610930948414e-13	2.9120559114735e-06	0.0014531158998252766
M67	M94	19	795	170	62367	9.346408271034175e-13	2.9120559114735e-06	0.00145602795573675
N83	N99	21	2218	83	62367	1.0038381269045295e-12	2.9120559114735e-06	0.0014589400116482236
I10	I65	12	1415	30	62367	1.0539931355904681e-12	2.9120559114735e-06	0.001461852067559697
I67	I69	7	104	44	62367	1.0633226636575798e-12	2.9120559114735e-06	0.0014647641234711707
H90	J34	20	129	1219	62367	1.0757500037523965e-12	2.9120559114735e-06	0.0014676761793826442
F07	G40	11	45	652	62367	1.1030184234316488e-12	2.9120559114735e-06	0.0014705882352941176
K62	K63	16	279	309	62367	1.1529637633630169e-12	2.9120559114735e-06	0.001473500291205591
C73	D44	8	195	44	62367	1.2719926275160847e-12	2.9120559114735e-06	0.0014764123471170646
J20	J40	12	239	156	62367	1.3127444347719154e-12	2.9120559114735e-06	0.001479324403028538
N18	I25	9	123	110	62367	1.3160329668958368e-12	2.9120559114735e-06	0.0014822364589400117
E65	M62	10	194	104	62367	1.3595624310007092e-12	2.9120559114735e-06	0.0014851485148514852
E66	J45	48	1670	550	62367	1.3679947811647956e-12	2.9120559114735e-06	0.0014880605707629586
H44	H52	7	24	212	62367	1.5641978112574946e-12	2.9120559114735e-06	0.001490972626674432
K04	K09	7	114	43	62367	1.7255343992402095e-12	2.9120559114735e-06	0.0014938846825859056
I42	I47	9	54	266	62367	1.833725033207968e-12	2.9120559114735e-06	0.001496796738497379
F32	G40	61	2124	652	62367	1.9582689395809244e-12	2.9120559114735e-06	0.0014997087944088525
E03	E78	38	644	946	62367	2.095713272112293e-12	2.9120559114735e-06	0.0015026208503203262
N92	N93	40	2565	268	62367	2.155678121975223e-12	2.9120559114735e-06	0.0015055329062317996
K35	K65	14	786	82	62367	2.269698420328104e-12	2.9120559114735e-06	0.001508444962143273
M54	M79	36	2184	259	62367	2.372809327201426e-12	2.9120559114735e-06	0.0015113570180547466
I63	I67	8	87	104	62367	2.3804941998806736e-12	2.9120559114735e-06	0.00151426907396622
M65	M94	15	449	170	62367	2.4051896801184143e-12	2.9120559114735e-06	0.0015171811298776935
N85	N94	28	559	605	62367	2.6928356190605713e-12	2.9120559114735e-06	0.0015200931857891672
I87	I89	7	96	54	62367	2.7343664479404872e-12	2.9120559114735e-06	0.0015230052417006406
F34	F40	8	125	74	62367	2.798148025345305e-12	2.9120559114735e-06	0.001525917297612114
N18	I11	7	123	43	62367	2.9650125710766274e-12	2.9120559114735e-06	0.0015288293535235876
M22	M24	12	195	205	62367	3.0360116953155303e-12	2.9120559114735e-06	0.001531741409435061
M24	M67	20	205	795	62367	3.036230079438238e-12	2.9120559114735e-06	0.0015346534653465345
F70	F79	6	57	44	62367	3.052444684805671e-12	2.9120559114735e-06	0.0015375655212580082
M06	M65	13	116	449	62367	3.300914578481203e-12	2.9120559114735e-06	0.0015404775771694816
F11	F32	20	82	2124	62367	3.3228081777910478e-12	2.9120559114735e-06	0.0015433896330809551
E11	E16	8	292	34	62367	3.426534058197836e-12	2.9120559114735e-06	0.0015463016889924286
E66	I11	14	1670	43	62367	3.500214746949246e-12	2.9120559114735e-06	0.001549213744903902
E03	F32	60	644	2124	62367	3.528712582768688e-12	2.9120559114735e-06	0.0015521258008153755
E88	I10	16	70	1415	62367	3.5600092256483168e-12	2.9120559114735e-06	0.0015550378567268492
H46	H47	6	63	41	62367	3.637637903387312e-12	2.9120559114735e-06	0.0015579499126383226
F44	G40	16	145	652	62367	3.780184529526408e-12	2.9120559114735e-06	0.0015608619685497961
N18	M32	8	123	78	62367	3.793858788643531e-12	2.9120559114735e-06	0.0015637740244612696
F20	F60	21	328	560	62367	3.900884941941138e-12	2.9120559114735e-06	0.001566686080372743
J45	J46	8	550	20	62367	3.991284449626659e-12	2.9120559114735e-06	0.0015695981362842165
E10	E13	7	210	28	62367	4.948487378171218e-12	2.9120559114735e-06	0.0015725101921956902
M23	M66	11	1253	29	62367	5.121103614570437e-12	2.9120559114735e-06	0.0015754222481071637
K21	K22	13	638	86	62367	5.23558819550755e-12	2.9120559114735e-06	0.0015783343040186371
E10	I25	10	210	110	62367	5.282725435638072e-12	2.9120559114735e-06	0.0015812463599301106
J02	J03	11	93	346	62367	5.313399936179676e-12	2.9120559114735e-06	0.001584158415841584
M25	M62	11	309	104	62367	5.475619654990214e-12	2.9120559114735e-06	0.0015870704717530575
E21	I10	13	42	1415	62367	5.539083522499266e-12	2.9120559114735e-06	0.0015899825276645312
E11	I25	11	292	110	62367	5.54885720753821e-12	2.9120559114735e-06	0.0015928945835760047
E03	E11	21	644	292	62367	5.869513912118953e-12	2.9120559114735e-06	0.0015958066394874781
D61	D69	6	21	140	62367	6.060311924735288e-12	2.9120559114735e-06	0.0015987186953989516
F43	G44	40	1489	469	62367	6.479721104138087e-12	2.9120559114735e-06	0.001601630751310425
H74	H90	6	23	129	62367	6.827852436188351e-12	2.9120559114735e-06	0.0016045428072218985
I25	I42	7	110	54	62367	7.233060914406276e-12	2.9120559114735e-06	0.0016074548631333722
C78	D63	6	73	40	62367	7.749788632679841e-12	2.9120559114735e-06	0.0016103669190448457
F60	K70	12	560	80	62367	8.460254020894499e-12	2.9120559114735e-06	0.0016132789749563191
M42	M50	12	146	300	62367	8.539179169291495e-12	2.9120559114735e-06	0.0016161910308677926
D53	F10	11	38	956	62367	8.557856613876833e-12	2.9120559114735e-06	0.001619103086779266
K51	K63	14	223	309	62367	9.002636687759785e-12	2.9120559114735e-06	0.0016220151426907395
D64	E87	14	362	192	62367	9.867242785663713e-12	2.9120559114735e-06	0.0016249271986022132
I65	I67	6	30	104	62367	1.0675237318597774e-11	2.9120559114735e-06	0.0016278392545136867
F13	F31	15	274	309	62367	1.1429766783420403e-11	2.9120559114735e-06	0.0016307513104251601
M41	M53	13	109	530	62367	1.1596615856361903e-11	2.9120559114735e-06	0.0016336633663366336
E04	E05	30	984	423	62367	1.3000600561911493e-11	2.9120559114735e-06	0.001636575422248107
F33	F42	13	885	68	62367	1.326420663035168e-11	2.9120559114735e-06	0.0016394874781595805
G54	M51	15	56	1667	62367	1.3863821616662714e-11	2.9120559114735e-06	0.0016423995340710542
E10	E78	21	210	946	62367	1.393854327574051e-11	2.9120559114735e-06	0.0016453115899825277
E66	I25	20	1670	110	62367	1.4261364678621921e-11	2.9120559114735e-06	0.0016482236458940011
E03	I10	46	644	1415	62367	1.4312496250914836e-11	2.9120559114735e-06	0.0016511357018054746
F60	F63	7	560	14	62367	1.473340674629358e-11	2.9120559114735e-06	0.001654047757716948
I10	I50	13	1415	45	62367	1.4877520364602074e-11	2.9120559114735e-06	0.0016569598136284215
H25	H35	8	104	111	62367	1.7405772978962794e-11	2.9120559114735e-06	0.0016598718695398952
I84	K92	22	829	268	62367	1.7900045804650947e-11	2.9120559114735e-06	0.0016627839254513687
F41	I95	28	1011	365	62367	1.8544801449822246e-11	2.9120559114735e-06	0.0016656959813628421
I73	M35	7	103	66	62367	1.9576857845572308e-11	2.9120559114735e-06	0.0016686080372743156
F19	F61	9	178	103	62367	2.0424222177378174e-11	2.9120559114735e-06	0.001671520093185789
M43	M53	13	114	530	62367	2.0680209924679756e-11	2.9120559114735e-06	0.0016744321490972625
I34	I49	8	76	157	62367	2.196439409553321e-11	2.9120559114735e-06	0.001677344205008736
F50	K70	9	233	80	62367	2.2358633096361834e-11	2.9120559114735e-06	0.0016802562609202097
N02	N20	8	18	785	62367	2.380613405710276e-11	2.9120559114735e-06	0.0016831683168316831
F41	F48	19	1011	162	62367	2.4436186284181535e-11	2.9120559114735e-06	0.0016860803727431566
N10	N30	12	374	129	62367	2.5287648765681676e-11	2.9120559114735e-06	0.00168899242865463
F32	G25	18	2124	72	62367	2.5443588580540685e-11	2.9120559114735e-06	0.0016919044845661035
F31	F43	31	309	1489	62367	2.6137481418658674e-11	2.9120559114735e-06	0.001694816540477577
G40	I69	10	652	44	62367	2.624743871096293e-11	2.9120559114735e-06	0.0016977285963890507
N73	N85	29	721	559	62367	3.194810020153654e-11	2.9120559114735e-06	0.0017006406523005241
I10	I12	9	1415	17	62367	3.2062646159531855e-11	2.9120559114735e-06	0.0017035527082119976
F55	F60	9	37	560	62367	3.540943850910076e-11	2.9120559114735e-06	0.001706464764123471
M23	M71	15	1253	77	62367	3.562066680850687e-11	2.9120559114735e-06	0.0017093768200349445
K44	K63	19	534	309	62367	3.690904625454132e-11	2.9120559114735e-06	0.001712288875946418
B18	F60	15	166	560	62367	3.804643097411192e-11	2.9120559114735e-06	0.0017152009318578917
K02	K12	8	124	103	62367	3.9419459931408817e-11	2.9120559114735e-06	0.0017181129877693652
N17	J18	10	54	544	62367	3.984679125090699e-11	2.9120559114735e-06	0.0017210250436808386
N17	D69	7	54	140	62367	4.002101424369188e-11	2.9120559114735e-06	0.001723937099592312
N10	N15	7	374	22	62367	4.1615500308631634e-11	2.9120559114735e-06	0.0017268491555037855
E78	E88	13	946	70	62367	4.439682052074827e-11	2.9120559114735e-06	0.001729761211415259
M06	M81	8	116	112	62367	4.535545499739951e-11	2.9120559114735e-06	0.0017326732673267327
K65	K66	10	82	356	62367	4.8102851469325974e-11	2.9120559114735e-06	0.0017355853232382062
E11	E88	9	292	70	62367	4.839845538475633e-11	2.9120559114735e-06	0.0017384973791496796
H81	I95	19	459	365	62367	4.882655658360966e-11	2.9120559114735e-06	0.001741409435061153
N91	E28	9	114	178	62367	5.1352489775454e-11	2.9120559114735e-06	0.0017443214909726266
E01	E04	12	55	984	62367	5.243945493762874e-11	2.9120559114735e-06	0.0017472335468841
N17	J90	6	54	74	62367	5.598274713912511e-11	2.9120559114735e-06	0.0017501456027955737
E78	I50	11	946	45	62367	5.858020900001872e-11	2.9120559114735e-06	0.0017530576587070472
F42	F43	15	68	1489	62367	5.90643789223548e-11	2.9120559114735e-06	0.0017559697146185206
F33	G44	29	885	469	62367	6.168591515611099e-11	2.9120559114735e-06	0.001758881770529994
J20	J45	17	239	550	62367	6.49416229901891e-11	2.9120559114735e-06	0.0017617938264414676
F40	F60	11	74	560	62367	6.962587625409234e-11	2.9120559114735e-06	0.001764705882352941
F40	F45	11	74	560	62367	6.962587625409234e-11	2.9120559114735e-06	0.0017676179382644147
F17	G47	23	905	290	62367	7.101162716499359e-11	2.9120559114735e-06	0.0017705299941758882
F17	K29	72	905	2147	62367	7.248695218253486e-11	2.9120559114735e-06	0.0017734420500873616
N80	J96	16	1863	66	62367	7.878537890374156e-11	2.9120559114735e-06	0.001776354105998835
F10	F20	25	956	328	62367	7.946345389866591e-11	2.9120559114735e-06	0.0017792661619103086
K61	L02	14	177	461	62367	8.015379138950025e-11	2.9120559114735e-06	0.001782178217821782
E66	F79	13	1670	44	62367	8.329707626703873e-11	2.9120559114735e-06	0.0017850902737332557
N63	D24	8	26	591	62367	8.33998631055563e-11	2.9120559114735e-06	0.0017880023296447292
E66	L57	14	1670	53	62367	8.359904668596711e-11	2.9120559114735e-06	0.0017909143855562026
D50	K50	22	732	328	62367	8.418712155973357e-11	2.9120559114735e-06	0.001793826441467676
F50	F55	7	233	37	62367	8.68418293860454e-11	2.9120559114735e-06	0.0017967384973791496
I73	L93	6	103	42	62367	8.748875963688839e-11	2.9120559114735e-06	0.001799650553290623
E78	G45	16	946	125	62367	9.271575588125805e-11	2.9120559114735e-06	0.0018025626092020967
F13	K70	9	274	80	62367	9.440523849553518e-11	2.9120559114735e-06	0.0018054746651135702
M71	M75	10	77	410	62367	1.0018105507699196e-10	2.9120559114735e-06	0.0018083867210250436
K21	K63	20	638	309	62367	1.0449838089038318e-10	2.9120559114735e-06	0.001811298776936517
H25	H52	9	104	212	62367	1.0614279451451369e-10	2.9120559114735e-06	0.0018142108328479906
H81	H93	20	459	431	62367	1.1600268170092862e-10	2.9120559114735e-06	0.001817122888759464
H20	H35	6	41	111	62367	1.1845343090453644e-10	2.9120559114735e-06	0.0018200349446709377
I10	I63	16	1415	87	62367	1.1846316481221042e-10	2.9120559114735e-06	0.0018229470005824112
H66	H83	7	167	53	62367	1.2083381932837015e-10	2.9120559114735e-06	0.0018258590564938846
N88	N97	30	208	2248	62367	1.217427983338952e-10	2.9120559114735e-06	0.0018287711124053581
I10	I47	27	1415	266	62367	1.2417590112578006e-10	2.9120559114735e-06	0.0018316831683168316
I10	J18	40	1415	544	62367	1.281342402492191e-10	2.9120559114735e-06	0.001834595224228305
M47	M99	9	267	85	62367	1.30816019881898e-10	2.9120559114735e-06	0.0018375072801397787
N28	N39	18	104	1583	62367	1.4651472103843303e-10	2.9120559114735e-06	0.0018404193360512522
K57	K63	13	226	309	62367	1.487872918060968e-10	2.9120559114735e-06	0.0018433313919627257
F11	F33	13	82	885	62367	1.5719061651240949e-10	2.9120559114735e-06	0.0018462434478741991
J43	J44	6	23	218	62367	1.6350606652806464e-10	2.9120559114735e-06	0.0018491555037856726
I10	J45	40	1415	550	62367	1.7730458852396366e-10	2.9120559114735e-06	0.001852067559697146
F31	F32	36	309	2124	62367	1.816680816295539e-10	2.9120559114735e-06	0.0018549796156086197
I10	I73	17	1415	103	62367	1.8645577134107473e-10	2.9120559114735e-06	0.0018578916715200932
J90	J96	6	74	66	62367	1.9474778613764154e-10	2.9120559114735e-06	0.0018608037274315667
E14	E16	6	147	34	62367	1.9702005533031425e-10	2.9120559114735e-06	0.0018637157833430401
M22	M65	14	195	449	62367	2.058613669060052e-10	2.9120559114735e-06	0.0018666278392545136
F20	F61	10	328	103	62367	2.160831909697569e-10	2.9120559114735e-06	0.001869539895165987
I26	J90	8	218	74	62367	2.4214054140690506e-10	2.9120559114735e-06	0.0018724519510774605
J15	J18	13	135	544	62367	2.439134268547804e-10	2.9120559114735e-06	0.0018753640069889342
K43	M62	9	234	104	62367	2.545749705546463e-10	2.9120559114735e-06	0.0018782760629004077
N39	A41	15	1583	71	62367	2.643256703118515e-10	2.9120559114735e-06	0.0018811881188118811
E87	G40	16	192	652	62367	2.667387109895044e-10	2.9120559114735e-06	0.0018841001747233546
I85	K76	6	15	389	62367	2.704135019210516e-10	2.9120559114735e-06	0.001887012230634828
D69	A41	7	140	71	62367	2.9114220273163325e-10	2.9120559114735e-06	0.0018899242865463015
H65	H83	6	99	53	62367	2.96451972471994e-10	2.9120559114735e-06	0.0018928363424577752
F45	M79	17	560	259	62367	2.982909147762063e-10	2.9120559114735e-06	0.0018957483983692487
F17	I65	9	905	30	62367	2.9864175309290007e-10	2.9120559114735e-06	0.0018986604542807221
A41	J90	6	71	74	62367	3.0554593390405164e-10	2.9120559114735e-06	0.0019015725101921956
F45	F48	14	560	162	62367	3.090087736759684e-10	2.9120559114735e-06	0.001904484566103669
K70	K71	6	80	66	62367	3.143459680956114e-10	2.9120559114735e-06	0.0019073966220151425
M19	M25	11	151	309	62367	3.2078108137398867e-10	2.9120559114735e-06	0.0019103086779266162
M12	M23	9	23	1253	62367	3.2885259466417505e-10	2.9120559114735e-06	0.0019132207338380897
M42	M43	8	146	114	62367	3.3163566877081674e-10	2.9120559114735e-06	0.0019161327897495631
F33	F44	16	885	145	62367	3.338833779123784e-10	2.9120559114735e-06	0.0019190448456610366
N83	N94	55	2218	605	62367	3.372108683670107e-10	2.9120559114735e-06	0.00192195690157251
E66	F60	44	1670	560	62367	3.4039627939160174e-10	2.9120559114735e-06	0.0019248689574839835
M22	M25	12	195	309	62367	3.5226868722210207e-10	2.9120559114735e-06	0.0019277810133954572
L02	L73	10	461	78	62367	3.5508623600161387e-10	2.9120559114735e-06	0.0019306930693069307
F79	K02	6	44	124	62367	3.626967678554708e-10	2.9120559114735e-06	0.0019336051252184041
N17	E87	7	54	192	62367	3.67894935022049e-10	2.9120559114735e-06	0.0019365171811298776
C77	D70	6	91	60	62367	3.8341259753045194e-10	2.9120559114735e-06	0.001939429237041351
N18	I50	6	123	45	62367	3.978143471389219e-10	2.9120559114735e-06	0.0019423412929528245
D68	I69	6	126	44	62367	3.9961527945759873e-10	2.9120559114735e-06	0.0019452533488642982
J01	J34	23	237	1219	62367	4.0946379754107687e-10	2.9120559114735e-06	0.0019481654047757717
J45	J47	7	550	21	62367	4.172428202445804e-10	2.9120559114735e-06	0.0019510774606872451
F60	K71	10	560	66	62367	4.22947439383107e-10	2.9120559114735e-06	0.001953989516598719
F32	I95	39	2124	365	62367	4.236138034492991e-10	2.9120559114735e-06	0.001956901572510192
D64	I12	6	362	17	62367	4.3022615108504836e-10	2.9120559114735e-06	0.0019598136284216658
F10	K86	11	956	53	62367	4.3975612511097206e-10	2.9120559114735e-06	0.001962725684333139
M17	M21	7	134	79	62367	4.5970106643684133e-10	2.9120559114735e-06	0.0019656377402446127
E78	K59	30	946	510	62367	4.685710863908817e-10	2.9120559114735e-06	0.001968549796156086
E11	F17	22	292	905	62367	4.852653921987648e-10	2.9120559114735e-06	0.0019714618520675596
F23	F60	16	234	560	62367	5.474420073196814e-10	2.9120559114735e-06	0.0019743739079790333
C50	D24	25	580	591	62367	5.594769213858671e-10	2.9120559114735e-06	0.0019772859638905065
G45	I63	7	125	87	62367	5.6064758302717e-10	2.9120559114735e-06	0.0019801980198019802
N85	N91	12	559	114	62367	5.767315072853112e-10	2.9120559114735e-06	0.0019831100757134535
H60	H66	7	66	167	62367	5.929385442569243e-10	2.9120559114735e-06	0.001986022131624927
K56	K59	16	258	510	62367	5.931140837992716e-10	2.9120559114735e-06	0.001988934187536401
F61	F70	6	103	57	62367	5.932282364141453e-10	2.9120559114735e-06	0.001991846243447874
K75	K76	9	70	389	62367	6.058199729565722e-10	2.9120559114735e-06	0.0019947582993593478
F33	F40	12	885	74	62367	6.075265441408067e-10	2.9120559114735e-06	0.001997670355270821
F43	K70	15	1489	80	62367	6.759981609907595e-10	2.9120559114735e-06	0.0020005824111822947
E66	F33	58	1670	885	62367	6.823370152893184e-10	2.9120559114735e-06	0.002003494467093768
F21	F60	7	22	560	62367	6.879548834304751e-10	2.9120559114735e-06	0.0020064065230052416
D50	E83	10	732	54	62367	7.016868600782614e-10	2.9120559114735e-06	0.0020093185789167153
B18	K74	6	166	37	62367	7.048491827803433e-10	2.9120559114735e-06	0.0020122306348281885
N85	N97	52	559	2248	62367	7.178772130295321e-10	2.9120559114735e-06	0.0020151426907396622
C56	C78	6	83	73	62367	7.324829750561507e-10	2.9120559114735e-06	0.0020180547466511355
F23	F25	11	234	215	62367	7.339734670538502e-10	2.9120559114735e-06	0.002020966802562609
I10	I70	11	1415	39	62367	7.386343404688173e-10	2.9120559114735e-06	0.002023878858474083
J90	K65	6	74	82	62367	7.393997122468514e-10	2.9120559114735e-06	0.002026790914385556
G35	B00	11	491	104	62367	7.441192309182081e-10	2.9120559114735e-06	0.0020297029702970298
E78	G40	34	946	652	62367	7.679299625785749e-10	2.9120559114735e-06	0.002032615026208503
M05	M81	6	55	112	62367	7.902627043080822e-10	2.9120559114735e-06	0.0020355270821199767
H93	J34	31	431	1219	62367	7.928795916550751e-10	2.9120559114735e-06	0.00203843913803145
F22	F23	8	80	234	62367	8.001333653422642e-10	2.9120559114735e-06	0.0020413511939429236
M47	M50	13	267	300	62367	8.010582044100573e-10	2.9120559114735e-06	0.0020442632498543973
M47	M62	9	267	104	62367	8.133165875088266e-10	2.9120559114735e-06	0.0020471753057658706
F44	F60	13	145	560	62367	8.443070265387507e-10	2.9120559114735e-06	0.0020500873616773442
I27	J44	6	30	218	62367	9.423220597052338e-10	2.9120559114735e-06	0.0020529994175888175
F41	I49	17	1011	157	62367	9.500149884481449e-10	2.9120559114735e-06	0.002055911473500291
F17	G40	33	905	652	62367	9.557080860917806e-10	2.9120559114735e-06	0.0020588235294117644
F32	G43	61	2124	760	62367	9.55823426942545e-10	2.9120559114735e-06	0.002061735585323238
D50	K90	11	732	73	62367	9.945151886938163e-10	2.9120559114735e-06	0.0020646476412347118
D63	I10	11	40	1415	62367	9.978597499860232e-10	2.9120559114735e-06	0.002067559697146185
K20	K29	10	22	2147	62367	1.0137366436360452e-09	2.9120559114735e-06	0.0020704717530576587
M48	M50	8	65	300	62367	1.0389063599975499e-09	2.9120559114735e-06	0.002073383808969132
G35	H47	8	491	41	62367	1.0608177750042262e-09	2.9120559114735e-06	0.0020762958648806056
F25	F31	12	215	309	62367	1.0758506646044827e-09	2.9120559114735e-06	0.0020792079207920793
K59	K63	17	510	309	62367	1.0782862860778913e-09	2.9120559114735e-06	0.0020821199767035526
J18	J44	15	544	218	62367	1.1734554967662747e-09	2.9120559114735e-06	0.0020850320326150262
F41	G44	29	1011	469	62367	1.3039870053419095e-09	2.9120559114735e-06	0.0020879440885264995
N84	D25	76	1199	1870	62367	1.3083819439970915e-09	2.9120559114735e-06	0.002090856144437973
N70	K65	12	852	82	62367	1.352680376889058e-09	2.9120559114735e-06	0.0020937682003494464
D44	E04	10	44	984	62367	1.3952907971619291e-09	2.9120559114735e-06	0.00209668025626092
K29	K57	29	2147	226	62367	1.406316556317434e-09	2.9120559114735e-06	0.002099592312172394
D18	I61	6	168	41	62367	1.4521900728962334e-09	2.9120559114735e-06	0.002102504368083867
E04	E06	20	984	235	62367	1.4783675336328648e-09	2.9120559114735e-06	0.0021054164239953407
L84	M20	7	23	597	62367	1.5264467142499167e-09	2.9120559114735e-06	0.002108328479906814
M17	M25	10	134	309	62367	1.6344877204293022e-09	2.9120559114735e-06	0.0021112405358182876
M24	M42	9	205	146	62367	1.6440106530183254e-09	2.9120559114735e-06	0.0021141525917297613
E11	H43	6	292	25	62367	1.6442160327950313e-09	2.9120559114735e-06	0.0021170646476412346
D27	K66	18	518	356	62367	1.7063897476520024e-09	2.9120559114735e-06	0.0021199767035527083
F70	K02	6	57	124	62367	1.825606176703637e-09	2.9120559114735e-06	0.0021228887594641815
I10	I67	16	1415	104	62367	1.8500230943283035e-09	2.9120559114735e-06	0.002125800815375655
F32	G47	33	2124	290	62367	1.866137385890731e-09	2.9120559114735e-06	0.0021287128712871284
I84	K57	18	829	226	62367	1.965114652643903e-09	2.9120559114735e-06	0.002131624927198602
F72	G40	6	13	652	62367	2.057116540421097e-09	2.9120559114735e-06	0.002134536983110076
F60	F70	9	560	57	62367	2.1836643281084968e-09	2.9120559114735e-06	0.002137449039021549
M19	M24	9	151	205	62367	2.2134527142024505e-09	2.9120559114735e-06	0.0021403610949330227
F41	F44	16	1011	145	62367	2.2311336984517332e-09	2.9120559114735e-06	0.002143273150844496
E06	E74	8	235	91	62367	2.3412527223212992e-09	2.9120559114735e-06	0.0021461852067559697
D64	D70	8	362	60	62367	2.345876531029425e-09	2.9120559114735e-06	0.0021490972626674433
F06	G40	9	50	652	62367	2.415127825803029e-09	2.9120559114735e-06	0.0021520093185789166
K58	K63	12	231	309	62367	2.4258593391329196e-09	2.9120559114735e-06	0.0021549213744903903
F05	F10	6	10	956	62367	2.545018099384368e-09	2.9120559114735e-06	0.0021578334304018635
M51	M62	17	1667	104	62367	2.5618966389956434e-09	2.9120559114735e-06	0.002160745486313337
G43	M54	61	760	2184	62367	2.7086048940292948e-09	2.9120559114735e-06	0.0021636575422248104
K21	K25	12	638	115	62367	2.806355773830061e-09	2.9120559114735e-06	0.002166569598136284
J30	J32	14	133	816	62367	2.8144359510508552e-09	2.9120559114735e-06	0.002169481654047758
F33	G62	10	885	52	62367	2.9075396028959225e-09	2.9120559114735e-06	0.002172393709959231
F17	K71	11	905	66	62367	2.9393713514791176e-09	2.9120559114735e-06	0.0021753057658707047
M25	M77	13	309	289	62367	2.9786850837593165e-09	2.9120559114735e-06	0.002178217821782178
F32	F40	16	2124	74	62367	3.214874220535807e-09	2.9120559114735e-06	0.0021811298776936517
D63	D64	7	40	362	62367	3.3121795906923556e-09	2.9120559114735e-06	0.0021840419336051253
D14	J34	8	21	1219	62367	3.3802330911085266e-09	2.9120559114735e-06	0.0021869539895165986
B27	J03	6	24	346	62367	3.454173838834629e-09	2.9120559114735e-06	0.0021898660454280723
N73	N99	11	721	83	62367	3.471091432804989e-09	2.9120559114735e-06	0.0021927781013395455
F33	F34	14	885	125	62367	3.4732853587372386e-09	2.9120559114735e-06	0.002195690157251019
F32	K21	53	2124	638	62367	3.674401813079935e-09	2.9120559114735e-06	0.0021986022131624925
I10	I49	19	1415	157	62367	3.7010005066506505e-09	2.9120559114735e-06	0.002201514269073966
F10	K74	9	956	37	62367	3.811963295631014e-09	2.9120559114735e-06	0.00220442632498544
J32	K04	13	816	114	62367	3.862355627449243e-09	2.9120559114735e-06	0.002207338380896913
E86	E87	7	75	192	62367	3.904446736315072e-09	2.9120559114735e-06	0.0022102504368083867
F17	I70	9	905	39	62367	3.935853097347435e-09	2.9120559114735e-06	0.00221316249271986
E78	M79	20	946	259	62367	4.075621210371704e-09	2.9120559114735e-06	0.0022160745486313337
I73	M32	6	103	78	62367	4.083013897754029e-09	2.9120559114735e-06	0.0022189866045428074
K21	K31	12	638	119	62367	4.16107232854802e-09	2.9120559114735e-06	0.0022218986604542806
H35	H40	6	111	73	62367	4.282193665660361e-09	2.9120559114735e-06	0.0022248107163657543
E66	E88	14	1670	70	62367	4.39563365993282e-09	2.9120559114735e-06	0.0022277227722772275
N80	E28	23	1863	178	62367	4.4716595983370544e-09	2.9120559114735e-06	0.002230634828188701
K35	K38	7	786	21	62367	4.903838263230703e-09	2.9120559114735e-06	0.0022335468841001745
F17	M54	68	905	2184	62367	5.026686964499539e-09	2.9120559114735e-06	0.002236458940011648
K25	K44	11	115	534	62367	5.22566859349935e-09	2.9120559114735e-06	0.002239370995923122
M41	M51	17	109	1667	62367	5.367225481695684e-09	2.9120559114735e-06	0.002242283051834595
K50	K60	14	328	343	62367	5.444324538883453e-09	2.9120559114735e-06	0.0022451951077460688
E78	M54	70	946	2184	62367	5.600394319603249e-09	2.9120559114735e-06	0.002248107163657542
I80	I82	9	293	118	62367	5.634049422963342e-09	2.9120559114735e-06	0.0022510192195690157
N70	N71	15	852	158	62367	5.758248649849084e-09	2.9120559114735e-06	0.002253931275480489
E03	F33	31	644	885	62367	5.8774621046630805e-09	2.9120559114735e-06	0.0022568433313919626
I45	I47	7	58	266	62367	5.923942416717146e-09	2.9120559114735e-06	0.0022597553873034363
E87	K70	7	192	80	62367	6.16852877610854e-09	2.9120559114735e-06	0.0022626674432149095
E78	I73	13	946	103	62367	6.32278082359054e-09	2.9120559114735e-06	0.0022655794991263832
E14	F32	22	147	2124	62367	6.324746935124651e-09	2.9120559114735e-06	0.0022684915550378565
M13	M25	9	115	309	62367	7.1099041581694505e-09	2.9120559114735e-06	0.00227140361094933
K81	K83	7	174	90	62367	7.163814752669528e-09	2.9120559114735e-06	0.002274315666860804
E78	F41	42	946	1011	62367	7.236444099953829e-09	2.9120559114735e-06	0.002277227722772277
J03	B00	9	346	104	62367	7.760563164407367e-09	2.9120559114735e-06	0.0022801397786837508
E78	L90	20	946	270	62367	8.269094104794267e-09	2.9120559114735e-06	0.002283051834595224
D21	D23	9	172	210	62367	8.55686369174009e-09	2.9120559114735e-06	0.0022859638905066977
E78	I63	12	946	87	62367	8.66692040556982e-09	2.9120559114735e-06	0.002288875946418171
F32	J44	27	2124	218	62367	8.820601341616273e-09	2.9120559114735e-06	0.0022917880023296446
M21	M24	7	79	205	62367	8.873293982750272e-09	2.9120559114735e-06	0.0022947000582411183
F11	F43	14	82	1489	62367	8.913472988783893e-09	2.9120559114735e-06	0.0022976121141525916
H65	J34	14	99	1219	62367	8.968113718870214e-09	2.9120559114735e-06	0.0023005241700640652
D50	M81	12	732	112	62367	9.47803860802482e-09	2.9120559114735e-06	0.0023034362259755385
A48	J03	6	28	346	62367	9.489207391161284e-09	2.9120559114735e-06	0.002306348281887012
G40	I61	8	652	41	62367	9.640204329679488e-09	2.9120559114735e-06	0.002309260337798486
H65	H91	10	99	509	62367	9.777780695061043e-09	2.9120559114735e-06	0.002312172393709959
D50	F32	57	732	2124	62367	9.797749183254684e-09	2.9120559114735e-06	0.0023150844496214328
J44	K21	15	218	638	62367	9.89545397187472e-09	2.9120559114735e-06	0.002317996505532906
G43	I63	11	760	87	62367	9.907531241307457e-09	2.9120559114735e-06	0.0023209085614443797
N10	N13	17	374	489	62367	9.990945164831423e-09	2.9120559114735e-06	0.002323820617355853
F31	F41	22	309	1011	62367	1.0283338397335683e-08	2.9120559114735e-06	0.0023267326732673266
F12	F23	6	41	234	62367	1.0539170783452378e-08	2.9120559114735e-06	0.0023296447291788003
N18	E10	8	123	210	62367	1.068207511200658e-08	2.9120559114735e-06	0.0023325567850902736
F17	J40	15	905	156	62367	1.0752455295715207e-08	2.9120559114735e-06	0.0023354688410017472
K44	K76	18	534	389	62367	1.0839238021209315e-08	2.9120559114735e-06	0.0023383808969132205
F42	F60	9	68	560	62367	1.095930458180663e-08	2.9120559114735e-06	0.002341292952824694
F43	F55	10	1489	37	62367	1.13118199229275e-08	2.9120559114735e-06	0.002344205008736168
M25	M76	6	309	32	62367	1.1456633570758358e-08	2.9120559114735e-06	0.002347117064647641
E78	I65	8	946	30	62367	1.185149031358863e-08	2.9120559114735e-06	0.0023500291205591148
N80	N84	73	1863	1199	62367	1.2463486258737596e-08	2.9120559114735e-06	0.002352941176470588
K63	K92	12	309	268	62367	1.2771412330116271e-08	2.9120559114735e-06	0.0023558532323820617
D37	K63	9	123	309	62367	1.2852645246060607e-08	2.9120559114735e-06	0.002358765288293535
H90	J30	7	129	133	62367	1.376609569807057e-08	2.9120559114735e-06	0.0023616773442050086
F41	F61	13	1011	103	62367	1.381269011626997e-08	2.9120559114735e-06	0.0023645894001164823
F60	J44	14	560	218	62367	1.4532181649797546e-08	2.9120559114735e-06	0.0023675014560279556
F45	G44	20	560	469	62367	1.4548044578628934e-08	2.9120559114735e-06	0.0023704135119394293
D12	K62	8	97	279	62367	1.4858269651796622e-08	2.9120559114735e-06	0.0023733255678509025
K44	K92	15	534	268	62367	1.5023303582849918e-08	2.9120559114735e-06	0.002376237623762376
E65	L91	7	194	90	62367	1.5182148024026888e-08	2.9120559114735e-06	0.00237914967967385
E86	I95	8	75	365	62367	1.5285980701546018e-08	2.9120559114735e-06	0.002382061735585323
M06	M19	7	116	151	62367	1.5849272776732272e-08	2.9120559114735e-06	0.002384973791496797
H66	H91	12	167	509	62367	1.6052003131827564e-08	2.9120559114735e-06	0.00238788584740827
K22	K31	6	86	119	62367	1.7633044181870064e-08	2.9120559114735e-06	0.0023907979033197437
G40	G93	10	652	83	62367	1.785388184286501e-08	2.9120559114735e-06	0.002393709959231217
E83	E87	6	54	192	62367	1.7975842078359786e-08	2.9120559114735e-06	0.0023966220151426906
N10	N20	21	374	785	62367	1.803627567130214e-08	2.9120559114735e-06	0.0023995340710541643
F34	F41	14	125	1011	62367	1.836946998663942e-08	2.9120559114735e-06	0.0024024461269656376
N94	K66	18	605	356	62367	1.8628713976856554e-08	2.9120559114735e-06	0.0024053581828771113
E87	I10	20	192	1415	62367	1.9505331531923686e-08	2.9120559114735e-06	0.0024082702387885845
E06	E73	8	235	119	62367	1.9735157254988365e-08	2.9120559114735e-06	0.002411182294700058
F17	K76	23	905	389	62367	2.0026955561300428e-08	2.9120559114735e-06	0.002414094350611532
I10	I60	11	1415	52	62367	2.0324667828093557e-08	2.9120559114735e-06	0.002417006406523005
K42	K80	39	398	2240	62367	2.0735803295726937e-08	2.9120559114735e-06	0.002419918462434479
F40	F43	13	74	1489	62367	2.1077368023863306e-08	2.9120559114735e-06	0.002422830518345952
M51	M96	11	1667	45	62367	2.120315214816663e-08	2.9120559114735e-06	0.0024257425742574257
N28	K76	9	104	389	62367	2.1242476390140502e-08	2.9120559114735e-06	0.002428654630168899
M25	M87	8	309	92	62367	2.15185738299364e-08	2.9120559114735e-06	0.0024315666860803727
A04	K51	9	181	223	62367	2.239958525163334e-08	2.9120559114735e-06	0.0024344787419918463
H81	M53	19	459	530	62367	2.2407841049798156e-08	2.9120559114735e-06	0.0024373907979033196
E04	E07	7	984	21	62367	2.284711539585193e-08	2.9120559114735e-06	0.0024403028538147933
M25	M75	14	309	410	62367	2.4089491857430732e-08	2.9120559114735e-06	0.0024432149097262665
N80	N85	43	1863	559	62367	2.4329152225672038e-08	2.9120559114735e-06	0.00244612696563774
F17	J43	7	905	23	62367	2.6506959261701054e-08	2.9120559114735e-06	0.0024490390215492134
N98	E28	8	163	178	62367	2.677415944208041e-08	2.9120559114735e-06	0.002451951077460687
F17	I26	17	905	218	62367	2.6933541871055805e-08	2.9120559114735e-06	0.002454863133372161
D27	D39	12	518	172	62367	2.7015838465732854e-08	2.9120559114735e-06	0.002457775189283634
F17	M53	27	905	530	62367	2.7604576793460104e-08	2.9120559114735e-06	0.0024606872451951077
G40	I63	10	652	87	62367	2.828777727154415e-08	2.9120559114735e-06	0.002463599301106581
F32	M53	45	2124	530	62367	2.832418790498671e-08	2.9120559114735e-06	0.0024665113570180547
J18	J86	6	544	22	62367	2.8395405967574762e-08	2.9120559114735e-06	0.0024694234129295283
L02	L03	12	461	194	62367	2.8801191909211243e-08	2.9120559114735e-06	0.0024723354688410016
N76	B37	12	466	192	62367	2.888518329588395e-08	2.9120559114735e-06	0.0024752475247524753
F10	F30	8	956	33	62367	2.9278793080009955e-08	2.9120559114735e-06	0.0024781595806639485
E03	E06	15	644	235	62367	3.050304962007531e-08	2.9120559114735e-06	0.002481071636575422
G40	K71	9	652	66	62367	3.075396566683388e-08	2.9120559114735e-06	0.0024839836924868955
L23	L27	6	112	101	62367	3.2309374010660474e-08	2.9120559114735e-06	0.002486895748398369
H26	H52	6	54	212	62367	3.239103892056757e-08	2.9120559114735e-06	0.002489807804309843
M54	M96	12	2184	45	62367	3.2415357048184204e-08	2.9120559114735e-06	0.002492719860221316
F33	K71	10	885	66	62367	3.242458320477077e-08	2.9120559114735e-06	0.0024956319161327897
F45	F50	14	560	233	62367	3.3567193164736444e-08	2.9120559114735e-06	0.002498543972044263
N83	C56	16	2218	83	62367	3.365707103643915e-08	2.9120559114735e-06	0.0025014560279557367
K07	K08	8	274	110	62367	3.485383443394127e-08	2.9120559114735e-06	0.0025043680838672104
E78	K70	11	946	80	62367	3.73330886334593e-08	2.9120559114735e-06	0.0025072801397786836
N64	L90	10	213	270	62367	3.8712451849769596e-08	2.9120559114735e-06	0.0025101921956901573
F19	K71	6	178	66	62367	3.9144479347657196e-08	2.9120559114735e-06	0.0025131042516016305
F17	G45	13	905	125	62367	3.996327012678679e-08	2.9120559114735e-06	0.002516016307513104
F45	G43	25	560	760	62367	4.049662453682996e-08	2.9120559114735e-06	0.0025189283634245775
D50	E78	33	732	946	62367	4.517086249953038e-08	2.9120559114735e-06	0.002521840419336051
M16	M21	6	153	79	62367	4.735410153359814e-08	2.9120559114735e-06	0.002524752475247525
F10	F25	17	956	215	62367	4.8197016183735075e-08	2.9120559114735e-06	0.002527664531158998
M16	M24	8	153	205	62367	4.8856917416049794e-08	2.9120559114735e-06	0.0025305765870704718
E03	E14	12	644	147	62367	5.018613978439313e-08	2.9120559114735e-06	0.002533488642981945
F17	I64	8	905	37	62367	5.072451587240481e-08	2.9120559114735e-06	0.0025364006988934187
G54	M54	13	56	2184	62367	5.318109605635266e-08	2.9120559114735e-06	0.0025393127548048924
E87	F10	16	192	956	62367	5.737327391089427e-08	2.9120559114735e-06	0.0025422248107163656
F13	B17	6	274	47	62367	6.283779480061569e-08	2.9120559114735e-06	0.0025451368666278393
N18	N28	6	123	104	62367	6.740585923329068e-08	2.9120559114735e-06	0.0025480489225393125
F43	F51	10	1489	44	62367	6.923140069320253e-08	2.9120559114735e-06	0.0025509609784507862
F17	F50	17	905	233	62367	7.117566599081558e-08	2.9120559114735e-06	0.0025538730343622595
M24	M54	25	205	2184	62367	7.137772172475456e-08	2.9120559114735e-06	0.002556785090273733
D12	K60	8	97	343	62367	7.286061613577462e-08	2.9120559114735e-06	0.002559697146185207
M25	M65	14	309	449	62367	7.38115402440727e-08	2.9120559114735e-06	0.00256260920209668
E66	I21	10	1670	40	62367	7.519210944247465e-08	2.9120559114735e-06	0.0025655212580081538
F41	M54	70	1011	2184	62367	7.575598529148588e-08	2.9120559114735e-06	0.002568433313919627
K58	K59	13	231	510	62367	7.577810764812991e-08	2.9120559114735e-06	0.0025713453698311007
G55	M53	7	43	530	62367	7.609414548658214e-08	2.9120559114735e-06	0.0025742574257425744
F12	F20	6	41	328	62367	7.783538049557428e-08	2.9120559114735e-06	0.0025771694816540476
F12	F60	7	41	560	62367	7.824450395835267e-08	2.9120559114735e-06	0.0025800815375655213
F45	M99	9	560	85	62367	7.999367345115561e-08	2.9120559114735e-06	0.0025829935934769946
D50	K51	15	732	223	62367	8.025030056736307e-08	2.9120559114735e-06	0.0025859056493884682
D17	D22	12	376	262	62367	8.496983534146715e-08	2.9120559114735e-06	0.0025888177052999415
I84	K44	25	829	534	62367	8.506238988706802e-08	2.9120559114735e-06	0.002591729761211415
E78	G44	25	946	469	62367	8.704922916279093e-08	2.9120559114735e-06	0.002594641817122889
M25	M53	15	309	530	62367	8.846949921888753e-08	2.9120559114735e-06	0.002597553873034362
K31	K44	10	119	534	62367	9.001057594765622e-08	2.9120559114735e-06	0.0026004659289458358
M43	M50	8	114	300	62367	9.239851238723105e-08	2.9120559114735e-06	0.002603377984857309
J45	J98	9	550	88	62367	9.311458898239847e-08	2.9120559114735e-06	0.0026062900407687827
F13	F34	8	274	125	62367	9.453602211004295e-08	2.9120559114735e-06	0.0026092020966802564
F17	K21	29	905	638	62367	9.859696467455336e-08	2.9120559114735e-06	0.0026121141525917296
N20	N30	12	785	129	62367	9.943743190593469e-08	2.9120559114735e-06	0.0026150262085032033
K44	K57	13	534	226	62367	9.960127327622618e-08	2.9120559114735e-06	0.0026179382644146766
I10	K21	38	1415	638	62367	1.0443617681244314e-07	2.9120559114735e-06	0.0026208503203261502
I10	I24	6	1415	12	62367	1.1093482083915357e-07	2.9120559114735e-06	0.0026237623762376235
N39	K70	13	1583	80	62367	1.123811358922336e-07	2.9120559114735e-06	0.002626674432149097
I20	I49	6	89	157	62367	1.1304299626946749e-07	2.9120559114735e-06	0.002629586488060571
F13	G62	6	274	52	62367	1.169686655052876e-07	2.9120559114735e-06	0.002632498543972044
E78	I42	9	946	54	62367	1.1816862617219654e-07	2.9120559114735e-06	0.0026354105998835178
N39	B37	20	1583	192	62367	1.1930261293523104e-07	2.9120559114735e-06	0.002638322655794991
I20	I47	7	89	266	62367	1.2130558681678632e-07	2.9120559114735e-06	0.0026412347117064647
N18	E87	7	123	192	62367	1.2336964314458744e-07	2.9120559114735e-06	0.002644146767617938
N11	N39	8	25	1583	62367	1.2459515961903455e-07	2.9120559114735e-06	0.0026470588235294116
F19	K70	6	178	80	62367	1.2525410673368607e-07	2.9120559114735e-06	0.0026499708794408853
F20	F32	32	328	2124	62367	1.2653970961957852e-07	2.9120559114735e-06	0.0026528829353523586
N92	D62	13	2565	52	62367	1.3186063982161167e-07	2.9120559114735e-06	0.0026557949912638323
N19	J18	6	28	544	62367	1.3714696258753111e-07	2.9120559114735e-06	0.0026587070471753055
K81	K85	8	174	207	62367	1.4203525516319142e-07	2.9120559114735e-06	0.002661619103086779
E13	I10	8	28	1415	62367	1.4286857993417873e-07	2.9120559114735e-06	0.002664531158998253
I10	I34	12	1415	76	62367	1.4463737533220734e-07	2.9120559114735e-06	0.002667443214909726
G83	M51	9	33	1667	62367	1.472829424801517e-07	2.9120559114735e-06	0.0026703552708212
K21	K92	15	638	268	62367	1.5072093722883056e-07	2.9120559114735e-06	0.002673267326732673
E87	J18	12	192	544	62367	1.5343339421776772e-07	2.9120559114735e-06	0.0026761793826441467
K76	K92	12	389	268	62367	1.563754147774706e-07	2.9120559114735e-06	0.00267909143855562
K29	K62	29	2147	279	62367	1.5819933237892727e-07	2.9120559114735e-06	0.0026820034944670937
K31	K63	8	119	309	62367	1.61505898718978e-07	2.9120559114735e-06	0.0026849155503785673
I10	I48	11	1415	63	62367	1.6497585438247244e-07	2.9120559114735e-06	0.0026878276062900406
G40	K70	9	652	80	62367	1.6922008806898846e-07	2.9120559114735e-06	0.0026907396622015143
F45	M47	14	560	267	62367	1.8033664583576118e-07	2.9120559114735e-06	0.0026936517181129875
I84	K29	59	829	2147	62367	1.8098764190124933e-07	2.9120559114735e-06	0.002696563774024461
E66	M54	100	1670	2184	62367	1.9127721003599114e-07	2.9120559114735e-06	0.002699475829935935
E73	K52	13	119	1092	62367	1.9132041513715842e-07	2.9120559114735e-06	0.002702387885847408
N26	I10	8	29	1415	62367	1.9335754052455949e-07	2.9120559114735e-06	0.002705299941758882
M25	M54	31	309	2184	62367	1.938417525933404e-07	2.9120559114735e-06	0.002708211997670355
J20	J44	9	239	218	62367	1.984002365242383e-07	2.9120559114735e-06	0.0027111240535818287
M50	M99	7	300	85	62367	1.989661492091336e-07	2.9120559114735e-06	0.002714036109493302
H40	H52	6	73	212	62367	2.0232519653090368e-07	2.9120559114735e-06	0.0027169481654047757
D64	A41	7	362	71	62367	2.024828868274587e-07	2.9120559114735e-06	0.0027198602213162493
E66	K44	37	1670	534	62367	2.0723246481211838e-07	2.9120559114735e-06	0.0027227722772277226
E66	K85	21	1670	207	62367	2.2086335471976357e-07	2.9120559114735e-06	0.0027256843331391963
J32	J42	6	816	21	62367	2.2605138550455414e-07	2.9120559114735e-06	0.0027285963890506695
N15	N20	6	22	785	62367	2.451362327069416e-07	2.9120559114735e-06	0.002731508444962143
F41	M53	27	1011	530	62367	2.497231638877982e-07	2.9120559114735e-06	0.002734420500873617
F41	G25	10	1011	72	62367	2.592801632324784e-07	2.9120559114735e-06	0.00273733255678509
F23	F43	21	234	1489	62367	2.6686619488842053e-07	2.9120559114735e-06	0.002740244612696564
D64	J90	7	362	74	62367	2.699391597697874e-07	2.9120559114735e-06	0.002743156668608037
N12	N35	6	135	121	62367	2.881686075343163e-07	2.9120559114735e-06	0.0027460687245195107
E66	F70	11	1670	57	62367	2.9247456544656537e-07	2.9120559114735e-06	0.002748980780430984
E11	F70	6	292	57	62367	2.9709739602883174e-07	2.9120559114735e-06	0.0027518928363424577
F17	F45	26	905	560	62367	2.9927657349376327e-07	2.9120559114735e-06	0.0027548048922539313
F32	F55	10	2124	37	62367	3.0851313749438306e-07	2.9120559114735e-06	0.0027577169481654046
F19	F31	9	178	309	62367	3.099695489333613e-07	2.9120559114735e-06	0.0027606290040768783
N60	N64	8	188	213	62367	3.189446208432463e-07	2.9120559114735e-06	0.0027635410599883515
N19	N39	8	28	1583	62367	3.345863021934528e-07	2.9120559114735e-06	0.002766453115899825
F17	I73	11	905	103	62367	3.3558481402899006e-07	2.9120559114735e-06	0.002769365171811299
E73	K58	7	119	231	62367	3.438790317239778e-07	2.9120559114735e-06	0.002772277227722772
E78	F31	19	946	309	62367	3.5800191532033273e-07	2.9120559114735e-06	0.002775189283634246
E03	E10	13	644	210	62367	3.580177877140941e-07	2.9120559114735e-06	0.002778101339545719
G40	G81	7	652	44	62367	3.621224374111994e-07	2.9120559114735e-06	0.0027810133954571927
N71	N76	10	158	466	62367	3.67806690814464e-07	2.9120559114735e-06	0.002783925451368666
F40	F50	6	74	233	62367	3.8191300461798386e-07	2.9120559114735e-06	0.0027868375072801397
M47	M48	6	267	65	62367	3.889810698040722e-07	2.9120559114735e-06	0.0027897495631916134
E14	K76	9	147	389	62367	4.204561188704535e-07	2.9120559114735e-06	0.0027926616191030866
N81	N94	12	190	605	62367	4.226695653001455e-07	2.9120559114735e-06	0.0027955736750145603
F19	F23	8	178	234	62367	4.29160276939015e-07	2.9120559114735e-06	0.0027984857309260335
E74	K21	9	91	638	62367	4.314420540757671e-07	2.9120559114735e-06	0.0028013977868375072
K62	K92	10	279	268	62367	4.4114574267315775e-07	2.9120559114735e-06	0.0028043098427489805
N86	N92	20	131	2565	62367	4.4202241495357424e-07	2.9120559114735e-06	0.002807221898660454
E79	F43	11	66	1489	62367	4.4679509865988616e-07	2.9120559114735e-06	0.002810133954571928
D50	I95	18	732	365	62367	4.4994693283576457e-07	2.9120559114735e-06	0.002813046010483401
D68	D69	6	126	140	62367	4.5339709104611163e-07	2.9120559114735e-06	0.0028159580663948748
G43	I10	41	760	1415	62367	4.5750687791888064e-07	2.9120559114735e-06	0.002818870122306348
H65	H93	8	99	431	62367	4.821402702223131e-07	2.9120559114735e-06	0.0028217821782178217
D69	J18	10	140	544	62367	4.892877484222246e-07	2.9120559114735e-06	0.0028246942341292954
F41	F51	8	1011	44	62367	4.904446338576263e-07	2.9120559114735e-06	0.0028276062900407686
F32	F53	11	2124	48	62367	4.924108889736564e-07	2.9120559114735e-06	0.0028305183459522423
F21	F33	6	22	885	62367	4.933609494399762e-07	2.9120559114735e-06	0.0028334304018637155
E13	E66	8	28	1670	62367	5.009933738675339e-07	2.9120559114735e-06	0.0028363424577751892
N85	D25	40	559	1870	62367	5.305500366972646e-07	2.9120559114735e-06	0.0028392545136866625
M21	M23	11	79	1253	62367	5.349666282835833e-07	2.9120559114735e-06	0.002842166569598136
D44	I10	9	44	1415	62367	5.388328327697429e-07	2.9120559114735e-06	0.00284507862550961
N13	N35	9	489	121	62367	5.410015890692162e-07	2.9120559114735e-06	0.002847990681421083
N39	E87	19	1583	192	62367	5.424013938255198e-07	2.9120559114735e-06	0.0028509027373325568
F17	J20	16	905	239	62367	5.468953858337413e-07	2.9120559114735e-06	0.00285381479324403
I26	J15	7	218	135	62367	5.484917201877034e-07	2.9120559114735e-06	0.0028567268491555037
E78	I67	11	946	104	62367	5.715055412417389e-07	2.9120559114735e-06	0.0028596389050669774
F17	I63	10	905	87	62367	5.757193221885713e-07	2.9120559114735e-06	0.0028625509609784506
A41	I10	11	71	1415	62367	5.813645769882248e-07	2.9120559114735e-06	0.0028654630168899243
D48	L90	14	611	270	62367	5.837488368431378e-07	2.9120559114735e-06	0.0028683750728013976
N39	I10	68	1583	1415	62367	5.849628951224721e-07	2.9120559114735e-06	0.0028712871287128712
F33	M54	61	885	2184	62367	5.894923722587535e-07	2.9120559114735e-06	0.0028741991846243445
F43	I10	65	1489	1415	62367	6.004264683824089e-07	2.9120559114735e-06	0.002877111240535818
N13	N18	9	489	123	62367	6.215600604116704e-07	2.9120559114735e-06	0.002880023296447292
M25	M67	17	309	795	62367	6.371201210084775e-07	2.9120559114735e-06	0.002882935352358765
C78	K56	6	73	258	62367	6.381717646339452e-07	2.9120559114735e-06	0.0028858474082702388
F33	F48	13	885	162	62367	6.464045037536936e-07	2.9120559114735e-06	0.002888759464181712
H80	H93	8	103	431	62367	6.536830618401436e-07	2.9120559114735e-06	0.0028916715200931857
E04	J38	14	984	171	62367	6.670290489607212e-07	2.9120559114735e-06	0.0028945835760046594
N86	N89	6	131	144	62367	6.724805042714772e-07	2.9120559114735e-06	0.0028974956319161326
N83	N92	139	2218	2565	62367	7.086640873084831e-07	2.9120559114735e-06	0.0029004076878276063
D17	D23	10	376	210	62367	7.160706424790925e-07	2.9120559114735e-06	0.0029033197437390796
K43	K65	6	234	82	62367	7.219130401859947e-07	2.9120559114735e-06	0.0029062317996505532
E66	I20	13	1670	89	62367	7.384704278193603e-07	2.9120559114735e-06	0.0029091438555620265
K21	K57	13	638	226	62367	7.416289235173468e-07	2.9120559114735e-06	0.0029120559114735
D12	K21	9	97	638	62367	7.451028026098544e-07	2.9120559114735e-06	0.002914967967384974
E66	K31	15	1670	119	62367	7.485008738114822e-07	2.9120559114735e-06	0.002917880023296447
F43	M53	33	1489	530	62367	8.017905028108617e-07	2.9120559114735e-06	0.002920792079207921
N96	N97	14	79	2248	62367	8.286264191836688e-07	2.9120559114735e-06	0.002923704135119394
D50	K21	24	732	638	62367	8.331614686727226e-07	2.9120559114735e-06	0.0029266161910308677
A04	K52	15	181	1092	62367	8.434776331311724e-07	2.9120559114735e-06	0.0029295282469423414
F10	F23	16	956	234	62367	8.436267277905741e-07	2.9120559114735e-06	0.0029324403028538146
N20	N28	10	785	104	62367	8.493827813119896e-07	2.9120559114735e-06	0.0029353523587652883
E03	F71	6	644	32	62367	8.541347780425807e-07	2.9120559114735e-06	0.0029382644146767616
E03	K76	17	644	389	62367	8.568751481641181e-07	2.9120559114735e-06	0.0029411764705882353
F44	F45	10	145	560	62367	8.778538220619274e-07	2.9120559114735e-06	0.0029440885264997085
C73	E06	8	195	235	62367	8.827592065030618e-07	2.9120559114735e-06	0.002947000582411182
I10	J90	11	1415	74	62367	8.91960476003344e-07	2.9120559114735e-06	0.002949912638322656
F06	F10	8	50	956	62367	8.995118684380327e-07	2.9120559114735e-06	0.002952824694234129
F43	F70	10	1489	57	62367	9.094460250183303e-07	2.9120559114735e-06	0.002955736750145603
N64	C50	12	213	580	62367	9.149008970701165e-07	2.9120559114735e-06	0.002958648806057076
F71	G40	6	32	652	62367	9.174336983801194e-07	2.9120559114735e-06	0.0029615608619685497
K29	K85	23	2147	207	62367	9.184072697417006e-07	2.9120559114735e-06	0.0029644729178800234
I10	I51	10	1415	60	62367	9.425163291696244e-07	2.9120559114735e-06	0.0029673849737914967
K21	K58	13	638	231	62367	9.483523951892333e-07	2.9120559114735e-06	0.0029702970297029703
I34	I47	6	76	266	62367	9.684763688576716e-07	2.9120559114735e-06	0.0029732090856144436
E78	G43	31	946	760	62367	9.705385867212397e-07	2.9120559114735e-06	0.0029761211415259173
E14	J44	7	147	218	62367	9.735655674847883e-07	2.9120559114735e-06	0.0029790331974373905
F13	F40	6	274	74	62367	9.816402998583927e-07	2.9120559114735e-06	0.002981945253348864
F33	K76	20	885	389	62367	1.0487094805586255e-06	2.9120559114735e-06	0.002984857309260338
C73	E05	10	195	423	62367	1.0539604311627514e-06	2.9120559114735e-06	0.002987769365171811
B18	N18	6	166	123	62367	1.0666250049812753e-06	2.9120559114735e-06	0.002990681421083285
G44	M47	12	469	267	62367	1.079784602907675e-06	2.9120559114735e-06	0.002993593476994758
N80	D39	19	1863	172	62367	1.1197393985424164e-06	2.9120559114735e-06	0.0029965055329062317
E03	F41	29	644	1011	62367	1.1307325933194555e-06	2.9120559114735e-06	0.002999417588817705
E06	K21	13	235	638	62367	1.1491699118514089e-06	2.9120559114735e-06	0.0030023296447291787
N81	N92	24	190	2565	62367	1.1765370571334864e-06	2.9120559114735e-06	0.0030052417006406523
K26	K92	6	78	268	62367	1.1798683204084602e-06	2.9120559114735e-06	0.0030081537565521256
N92	D64	36	2565	362	62367	1.2214820515912613e-06	2.9120559114735e-06	0.0030110658124635993
E22	F43	9	46	1489	62367	1.2236445491958448e-06	2.9120559114735e-06	0.0030139778683750725
K36	K50	9	198	328	62367	1.2387735139861937e-06	2.9120559114735e-06	0.003016889924286546
E03	E16	6	644	34	62367	1.245611285895242e-06	2.9120559114735e-06	0.00301980198019802
E78	F25	15	946	215	62367	1.2608607715570698e-06	2.9120559114735e-06	0.003022714036109493
N39	G93	12	1583	83	62367	1.2608753346608383e-06	2.9120559114735e-06	0.003025626092020967
D63	J18	6	40	544	62367	1.2786902692829174e-06	2.9120559114735e-06	0.00302853814793244
G44	M62	8	469	104	62367	1.3207919192405639e-06	2.9120559114735e-06	0.0030314502038439137
K70	K92	6	80	268	62367	1.370493176864619e-06	2.9120559114735e-06	0.003034362259755387
D64	K29	32	362	2147	62367	1.4221244970651664e-06	2.9120559114735e-06	0.0030372743156668607
F23	F44	7	234	145	62367	1.4230419694763839e-06	2.9120559114735e-06	0.0030401863715783344
K21	K26	8	638	78	62367	1.434863197994564e-06	2.9120559114735e-06	0.0030430984274898076
J40	J45	10	156	550	62367	1.4558049910589337e-06	2.9120559114735e-06	0.0030460104834012813
I10	I64	8	1415	37	62367	1.480516603107572e-06	2.9120559114735e-06	0.0030489225393127545
H35	I10	13	111	1415	62367	1.5350004729100235e-06	2.9120559114735e-06	0.003051834595224228
G44	I10	29	469	1415	62367	1.5542669508911446e-06	2.9120559114735e-06	0.003054746651135702
F33	I10	44	885	1415	62367	1.560242339778762e-06	2.9120559114735e-06	0.003057658707047175
G40	I67	9	652	104	62367	1.6054469329481334e-06	2.9120559114735e-06	0.003060570762958649
G35	G37	6	491	46	62367	1.6566770471319987e-06	2.9120559114735e-06	0.003063482818870122
E66	K43	21	1670	234	62367	1.6589266697885093e-06	2.9120559114735e-06	0.0030663948747815957
K21	K80	48	638	2240	62367	1.6627956638912322e-06	2.9120559114735e-06	0.003069306930693069
D35	I10	12	95	1415	62367	1.7166155947659198e-06	2.9120559114735e-06	0.0030722189866045427
F17	I80	17	905	293	62367	1.771924819004502e-06	2.9120559114735e-06	0.0030751310425160164
M24	M41	6	205	109	62367	1.7906841421427699e-06	2.9120559114735e-06	0.0030780430984274896
E78	I70	7	946	39	62367	1.8208771178905517e-06	2.9120559114735e-06	0.0030809551543389633
D68	J18	9	126	544	62367	1.825742484360586e-06	2.9120559114735e-06	0.0030838672102504365
E05	E83	6	423	54	62367	1.8429205517560937e-06	2.9120559114735e-06	0.0030867792661619102
K50	K52	20	328	1092	62367	1.8480050497489537e-06	2.9120559114735e-06	0.003089691322073384
E06	F32	24	235	2124	62367	2.0258428657607653e-06	2.9120559114735e-06	0.003092603377984857
M13	M65	8	115	449	62367	2.047641466409193e-06	2.9120559114735e-06	0.003095515433896331
N18	E11	7	123	292	62367	2.0503290356101683e-06	2.9120559114735e-06	0.003098427489807804
E66	I26	20	1670	218	62367	2.0710210774906386e-06	2.9120559114735e-06	0.0031013395457192778
D50	G25	8	732	72	62367	2.141895052220213e-06	2.9120559114735e-06	0.003104251601630751
F34	F45	9	125	560	62367	2.163250198312926e-06	2.9120559114735e-06	0.0031071636575422247
F34	G47	7	125	290	62367	2.18247590519227e-06	2.9120559114735e-06	0.0031100757134536984
E06	I10	19	235	1415	62367	2.2022111005642776e-06	2.9120559114735e-06	0.0031129877693651716
F70	G40	7	57	652	62367	2.2214371669082374e-06	2.9120559114735e-06	0.0031158998252766453
A04	A09	14	181	1031	62367	2.2627093007269794e-06	2.9120559114735e-06	0.0031188118811881185
K57	K58	8	226	231	62367	2.336826797474105e-06	2.9120559114735e-06	0.0031217239370995922
D22	D48	13	262	611	62367	2.3880704869106925e-06	2.9120559114735e-06	0.003124635993011066
E06	K29	24	235	2147	62367	2.4344171526287855e-06	2.9120559114735e-06	0.003127548048922539
J34	K07	19	1219	274	62367	2.4619804360073324e-06	2.9120559114735e-06	0.003130460104834013
K51	K52	16	223	1092	62367	2.475062668896957e-06	2.9120559114735e-06	0.003133372160745486
N39	D64	26	1583	362	62367	2.6011896797993968e-06	2.9120559114735e-06	0.0031362842166569598
E66	K25	14	1670	115	62367	2.6431514763029215e-06	2.9120559114735e-06	0.003139196272568433
K59	K92	12	510	268	62367	2.659572956733206e-06	2.9120559114735e-06	0.0031421083284799067
D69	K92	7	140	268	62367	2.761266300172462e-06	2.9120559114735e-06	0.0031450203843913804
F45	K29	42	560	2147	62367	2.7762321098377208e-06	2.9120559114735e-06	0.0031479324403028536
K56	K66	10	258	356	62367	2.79893158969667e-06	2.9120559114735e-06	0.0031508444962143273
N04	I10	6	19	1415	62367	2.8421243454273954e-06	2.9120559114735e-06	0.0031537565521258006
D25	D62	10	1870	52	62367	2.876559778455041e-06	2.9120559114735e-06	0.0031566686080372742
F31	F50	9	309	233	62367	2.8979641394182785e-06	2.9120559114735e-06	0.003159580663948748
