ICD1	ICD2	val11	occ1	occ2	NN	pval	bonf_thresh	fdr_thresh
J34	M95	82	841	116	31953	5.847257615771388e-103	1.2360939431396786e-05	1.2360939431396786e-05
F32	F43	140	488	948	31953	2.0041464239238278e-97	1.2360939431396786e-05	2.4721878862793572e-05
F91	F92	80	385	339	31953	5.766743559792589e-80	1.2360939431396786e-05	3.708281829419036e-05
E66	I10	84	599	262	31953	1.4917204073170345e-79	1.2360939431396786e-05	4.9443757725587144e-05
J32	J34	94	282	841	31953	9.018839931956327e-77	1.2360939431396786e-05	6.180469715698394e-05
F32	F60	66	488	231	31953	1.0167953822203899e-64	1.2360939431396786e-05	7.416563658838072e-05
H65	J35	105	237	1904	31953	1.9134393447401514e-64	1.2360939431396786e-05	8.65265760197775e-05
N20	N23	31	108	60	31953	2.2687239448982993e-62	1.2360939431396786e-05	9.888751545117429e-05
N13	N20	36	129	108	31953	1.430047719951014e-60	1.2360939431396786e-05	0.00011124845488257108
J34	J35	182	841	1904	31953	5.0207615917252743e-54	1.2360939431396786e-05	0.00012360939431396787
F11	F19	36	80	274	31953	1.9090699434849117e-53	1.2360939431396786e-05	0.00013597033374536464
K21	K29	52	154	560	31953	3.386063331174489e-52	1.2360939431396786e-05	0.00014833127317676143
N47	N48	84	1513	229	31953	9.955387349933604e-52	1.2360939431396786e-05	0.00016069221260815822
E86	A08	53	190	519	31953	6.074973348179184e-50	1.2360939431396786e-05	0.000173053152039555
G80	G82	28	86	103	31953	8.947627096359522e-50	1.2360939431396786e-05	0.00018541409147095178
F11	F13	25	80	68	31953	3.4199855635019634e-49	1.2360939431396786e-05	0.00019777503090234857
E66	K76	46	599	115	31953	5.986807052849707e-49	1.2360939431396786e-05	0.00021013597033374537
F43	F91	84	948	385	31953	8.2365605294042e-48	1.2360939431396786e-05	0.00022249690976514216
H83	H93	35	128	211	31953	4.941998762783552e-47	1.2360939431396786e-05	0.00023485784919653893
F81	F90	41	133	386	31953	3.53504559137354e-46	1.2360939431396786e-05	0.00024721878862793575
F13	F19	30	68	274	31953	2.6129573848969096e-44	1.2360939431396786e-05	0.0002595797280593325
H91	H93	34	146	211	31953	5.0115746206871674e-43	1.2360939431396786e-05	0.0002719406674907293
N13	N23	24	129	60	31953	1.1633579630487287e-42	1.2360939431396786e-05	0.0002843016069221261
K01	K07	43	329	216	31953	1.9984379239487936e-42	1.2360939431396786e-05	0.00029666254635352286
F90	F91	55	386	385	31953	4.3694070568207196e-42	1.2360939431396786e-05	0.00030902348578491963
F32	F33	34	488	74	31953	4.419380274482474e-42	1.2360939431396786e-05	0.00032138442521631645
J30	J45	44	178	460	31953	2.3764734144483234e-41	1.2360939431396786e-05	0.0003337453646477132
F43	F60	62	948	231	31953	3.2276310392153667e-41	1.2360939431396786e-05	0.00034610630407911
E66	E78	36	599	81	31953	1.3926670147723074e-40	1.2360939431396786e-05	0.0003584672435105068
F81	F91	37	133	385	31953	6.603251829388853e-40	1.2360939431396786e-05	0.00037082818294190356
F19	F60	39	274	231	31953	9.203128961992926e-39	1.2360939431396786e-05	0.0003831891223733004
F12	F19	32	128	274	31953	8.201137804751079e-38	1.2360939431396786e-05	0.00039555006180469715
F43	F92	69	948	339	31953	2.4915258605401004e-37	1.2360939431396786e-05	0.0004079110012360939
E10	E16	22	301	36	31953	4.160504770094925e-36	1.2360939431396786e-05	0.00042027194066749073
K29	K44	29	560	61	31953	7.332838861508224e-35	1.2360939431396786e-05	0.0004326328800988875
M23	M94	27	654	48	31953	2.1951242336108023e-33	1.2360939431396786e-05	0.0004449938195302843
E10	E14	24	301	61	31953	4.089681397614223e-33	1.2360939431396786e-05	0.0004573547589616811
F10	F60	68	1645	231	31953	6.723286020111202e-33	1.2360939431396786e-05	0.00046971569839307785
F19	F32	45	274	488	31953	9.454862035590796e-33	1.2360939431396786e-05	0.00048207663782447467
K21	K44	20	154	61	31953	6.705004286322804e-32	1.2360939431396786e-05	0.0004944375772558715
F33	F60	23	74	231	31953	1.118119713581578e-31	1.2360939431396786e-05	0.0005067985166872682
F10	F12	50	1645	128	31953	4.155537771494978e-31	1.2360939431396786e-05	0.000519159456118665
E23	E34	19	49	190	31953	3.2930737817185645e-30	1.2360939431396786e-05	0.0005315203955500618
A39	G01	9	26	9	31953	3.2691518997027666e-29	1.2360939431396786e-05	0.0005438813349814586
K02	K04	20	149	90	31953	2.435209110041147e-28	1.2360939431396786e-05	0.0005562422744128554
E30	E34	16	31	190	31953	3.563219733954952e-28	1.2360939431396786e-05	0.0005686032138442522
B18	F19	20	53	274	31953	3.596742789906932e-28	1.2360939431396786e-05	0.0005809641532756489
C40	C41	11	31	28	31953	2.030924330877141e-27	1.2360939431396786e-05	0.0005933250927070457
E86	A09	48	190	1134	31953	2.237374928234658e-27	1.2360939431396786e-05	0.0006056860321384425
E73	E74	13	59	46	31953	6.796427076064064e-26	1.2360939431396786e-05	0.0006180469715698393
F81	F98	21	133	158	31953	8.804427907956398e-26	1.2360939431396786e-05	0.0006304079110012361
M51	M54	19	62	281	31953	1.4362806787005354e-24	1.2360939431396786e-05	0.0006427688504326329
F90	F98	28	386	158	31953	1.6800045139010354e-24	1.2360939431396786e-05	0.0006551297898640296
H50	H52	17	125	89	31953	2.2769687881178803e-24	1.2360939431396786e-05	0.0006674907292954264
G40	G82	30	780	103	31953	3.807119921055514e-24	1.2360939431396786e-05	0.0006798516687268232
F12	F60	22	128	231	31953	4.381509725753175e-24	1.2360939431396786e-05	0.00069221260815822
F70	F91	25	121	385	31953	8.8790314563104e-24	1.2360939431396786e-05	0.0007045735475896168
F81	F93	18	133	123	31953	5.190869986924887e-23	1.2360939431396786e-05	0.0007169344870210136
C62	C78	8	23	14	31953	5.454434560700738e-23	1.2360939431396786e-05	0.0007292954264524104
M23	M65	25	654	82	31953	9.64230058302232e-23	1.2360939431396786e-05	0.0007416563658838071
F82	F90	19	58	386	31953	1.434716934842513e-22	1.2360939431396786e-05	0.000754017305315204
H65	H90	18	237	77	31953	2.6625066855702363e-22	1.2360939431396786e-05	0.0007663782447466008
F90	F92	35	386	339	31953	3.3099413485895116e-22	1.2360939431396786e-05	0.0007787391841779975
G93	J96	15	76	128	31953	1.088264404097985e-21	1.2360939431396786e-05	0.0007911001236093943
H50	H53	14	125	63	31953	2.9523603083893385e-21	1.2360939431396786e-05	0.0008034610630407911
E78	I10	18	81	262	31953	4.4838131630955906e-21	1.2360939431396786e-05	0.0008158220024721878
F83	G40	26	93	780	31953	1.3334879009212422e-20	1.2360939431396786e-05	0.0008281829419035846
K35	K65	28	3090	39	31953	2.0167051969601896e-20	1.2360939431396786e-05	0.0008405438813349815
G40	G41	18	780	35	31953	2.4032702512352857e-20	1.2360939431396786e-05	0.0008529048207663782
C62	C77	7	23	12	31953	2.873109058445311e-20	1.2360939431396786e-05	0.000865265760197775
E78	E79	11	81	41	31953	4.0675745187447974e-20	1.2360939431396786e-05	0.0008776266996291718
C91	C95	7	59	7	31953	5.059168862204885e-20	1.2360939431396786e-05	0.0008899876390605686
F80	F81	13	60	133	31953	2.699472251636155e-19	1.2360939431396786e-05	0.0009023485784919654
K26	K29	17	43	560	31953	3.016743882144463e-19	1.2360939431396786e-05	0.0009147095179233622
H71	H90	11	53	77	31953	5.304685546635916e-19	1.2360939431396786e-05	0.000927070457354759
J33	J34	20	51	841	31953	7.332815423159948e-19	1.2360939431396786e-05	0.0009394313967861557
F81	F92	21	133	339	31953	9.363310165701066e-19	1.2360939431396786e-05	0.0009517923362175525
F12	F13	13	128	68	31953	9.525930940246656e-19	1.2360939431396786e-05	0.0009641532756489493
J45	L20	21	460	100	31953	9.583383661261943e-19	1.2360939431396786e-05	0.000976514215080346
C71	G93	11	57	76	31953	1.0937535302674754e-18	1.2360939431396786e-05	0.000988875154511743
F10	F43	117	1645	948	31953	1.4683834206073506e-18	1.2360939431396786e-05	0.0010012360939431397
N44	N45	22	337	156	31953	1.508233777074471e-18	1.2360939431396786e-05	0.0010135970333745364
J03	J36	40	708	325	31953	1.8207922923588276e-18	1.2360939431396786e-05	0.0010259579728059333
M22	M25	18	124	234	31953	1.956874317880002e-18	1.2360939431396786e-05	0.00103831891223733
G80	M62	12	86	77	31953	2.071531124294134e-18	1.2360939431396786e-05	0.0010506798516687268
F19	B17	11	274	20	31953	2.3640722226736588e-18	1.2360939431396786e-05	0.0010630407911001237
K50	K60	12	150	49	31953	5.814281501680081e-18	1.2360939431396786e-05	0.0010754017305315204
F70	F80	12	121	60	31953	5.964243916910545e-18	1.2360939431396786e-05	0.001087762669962917
H60	H66	12	51	149	31953	9.141037782664785e-18	1.2360939431396786e-05	0.001100123609394314
H25	H26	7	20	28	31953	1.3510328975104871e-17	1.2360939431396786e-05	0.0011124845488257107
F43	F70	28	948	121	31953	1.8878462537222732e-17	1.2360939431396786e-05	0.0011248454882571075
F20	F23	12	83	97	31953	2.4565503559518527e-17	1.2360939431396786e-05	0.0011372064276885044
F91	F98	22	385	158	31953	3.358272858509556e-17	1.2360939431396786e-05	0.001149567367119901
F70	F92	19	121	339	31953	4.8257320075207696e-17	1.2360939431396786e-05	0.0011619283065512978
M21	M96	10	159	27	31953	5.4803477622683556e-17	1.2360939431396786e-05	0.0011742892459826947
G51	A69	12	148	59	31953	5.749522738180223e-17	1.2360939431396786e-05	0.0011866501854140914
F12	F43	28	128	948	31953	9.150958405381014e-17	1.2360939431396786e-05	0.0011990111248454882
F13	F32	17	68	488	31953	2.2286920222754574e-16	1.2360939431396786e-05	0.001211372064276885
F32	F41	25	488	190	31953	2.4225737593076894e-16	1.2360939431396786e-05	0.0012237330037082818
G44	H81	14	267	68	31953	4.735612327924697e-16	1.2360939431396786e-05	0.0012360939431396785
F11	F12	12	80	128	31953	4.820096678252204e-16	1.2360939431396786e-05	0.0012484548825710754
M21	M24	15	159	144	31953	7.117675077614828e-16	1.2360939431396786e-05	0.0012608158220024721
M23	M67	32	654	263	31953	7.489351503279763e-16	1.2360939431396786e-05	0.0012731767614338689
F89	G40	16	41	780	31953	7.975725162056832e-16	1.2360939431396786e-05	0.0012855377008652658
H66	H72	12	149	73	31953	9.701450681014446e-16	1.2360939431396786e-05	0.0012978986402966625
G82	G93	11	103	76	31953	1.0849324965246835e-15	1.2360939431396786e-05	0.0013102595797280592
K50	K56	16	150	193	31953	1.1298180116976985e-15	1.2360939431396786e-05	0.0013226205191594561
G40	G93	20	780	76	31953	1.3420644279143874e-15	1.2360939431396786e-05	0.0013349814585908529
H65	H66	17	237	149	31953	1.4042780962732002e-15	1.2360939431396786e-05	0.0013473423980222496
F80	F82	9	60	58	31953	1.5349996204550747e-15	1.2360939431396786e-05	0.0013597033374536465
F93	F98	14	123	158	31953	1.763919706443406e-15	1.2360939431396786e-05	0.0013720642768850432
N17	N18	7	32	38	31953	6.166998357404532e-15	1.2360939431396786e-05	0.00138442521631644
I47	I48	7	108	13	31953	6.97873054261904e-15	1.2360939431396786e-05	0.0013967861557478368
H05	J01	9	23	195	31953	7.399625770140805e-15	1.2360939431396786e-05	0.0014091470951792336
F70	F90	18	121	386	31953	8.312701117372525e-15	1.2360939431396786e-05	0.0014215080346106305
M23	M25	29	654	234	31953	1.0596619421129041e-14	1.2360939431396786e-05	0.0014338689740420272
F90	F93	18	386	123	31953	1.1175134497706638e-14	1.2360939431396786e-05	0.001446229913473424
K63	K65	7	35	39	31953	1.4966274815400405e-14	1.2360939431396786e-05	0.0014585908529048208
N31	N39	9	37	125	31953	1.815895552727248e-14	1.2360939431396786e-05	0.0014709517923362175
J32	J33	12	282	51	31953	2.064350884813334e-14	1.2360939431396786e-05	0.0014833127317676143
K60	K61	9	49	94	31953	2.0772982468286453e-14	1.2360939431396786e-05	0.0014956736711990112
F10	F19	49	1645	274	31953	2.1817871625406626e-14	1.2360939431396786e-05	0.001508034610630408
E23	E30	7	49	31	31953	3.2584982621046687e-14	1.2360939431396786e-05	0.0015203955500618046
D62	K26	6	17	43	31953	5.051021240472179e-14	1.2360939431396786e-05	0.0015327564894932015
F32	F91	31	488	385	31953	6.717142416128237e-14	1.2360939431396786e-05	0.0015451174289245982
F70	F83	11	121	93	31953	6.773613640070465e-14	1.2360939431396786e-05	0.001557478368355995
G82	M62	10	103	77	31953	7.097097437719948e-14	1.2360939431396786e-05	0.0015698393077873919
F60	F92	21	231	339	31953	8.245715671354591e-14	1.2360939431396786e-05	0.0015822002472187886
F12	F14	7	128	15	31953	8.784167775647738e-14	1.2360939431396786e-05	0.0015945611866501853
F32	F92	29	488	339	31953	9.463989881928105e-14	1.2360939431396786e-05	0.0016069221260815822
D50	K50	11	78	150	31953	9.991531591246634e-14	1.2360939431396786e-05	0.001619283065512979
F12	F32	19	128	488	31953	1.0450238917458863e-13	1.2360939431396786e-05	0.0016316440049443757
F43	F90	43	948	386	31953	1.233008941096471e-13	1.2360939431396786e-05	0.0016440049443757726
F23	F32	17	97	488	31953	1.2478964527574614e-13	1.2360939431396786e-05	0.0016563658838071693
F43	F81	25	948	133	31953	1.626983618464661e-13	1.2360939431396786e-05	0.001668726823238566
K29	K92	20	560	133	31953	2.3354829075363756e-13	1.2360939431396786e-05	0.001681087762669963
B37	D70	6	26	35	31953	2.4901652990623227e-13	1.2360939431396786e-05	0.0017058096415327564
N05	N28	6	26	35	31953	2.4901652990623227e-13	1.2360939431396786e-05	0.0016934487021013596
J43	J93	6	8	151	31953	2.7995796599834395e-13	1.2360939431396786e-05	0.0017181705809641533
F80	F90	13	60	386	31953	2.952157485864277e-13	1.2360939431396786e-05	0.00173053152039555
F33	F43	19	74	948	31953	3.6247488611817213e-13	1.2360939431396786e-05	0.0017428924598269467
F13	F14	6	68	15	31953	3.6525193115373235e-13	1.2360939431396786e-05	0.0017552533992583436
E78	K76	10	81	115	31953	3.708037100567311e-13	1.2360939431396786e-05	0.0017676143386897404
J30	L20	12	178	100	31953	4.214670687729785e-13	1.2360939431396786e-05	0.0017799752781211373
G40	J96	22	780	128	31953	6.604834365067381e-13	1.2360939431396786e-05	0.001792336217552534
H83	H91	12	128	146	31953	7.888501117131368e-13	1.2360939431396786e-05	0.0018046971569839307
K01	K09	10	329	33	31953	8.766983705531417e-13	1.2360939431396786e-05	0.0018170580964153276
N13	N28	8	129	35	31953	1.2163206250289493e-12	1.2360939431396786e-05	0.0018294190358467243
B27	J03	32	317	708	31953	1.24080607670179e-12	1.2360939431396786e-05	0.001841779975278121
F12	F20	10	128	83	31953	1.413722577105735e-12	1.2360939431396786e-05	0.001854140914709518
F80	F92	12	60	339	31953	1.4851055299307983e-12	1.2360939431396786e-05	0.0018665018541409147
I45	I47	9	67	108	31953	1.488116575553665e-12	1.2360939431396786e-05	0.0018788627935723114
K56	K65	9	193	39	31953	1.60747472920818e-12	1.2360939431396786e-05	0.0018912237330037083
D16	L05	35	286	949	31953	1.642052594061224e-12	1.2360939431396786e-05	0.001903584672435105
K02	K12	11	149	101	31953	1.7301447021334986e-12	1.2360939431396786e-05	0.0019159456118665018
K29	K50	20	560	150	31953	2.3496940223727938e-12	1.2360939431396786e-05	0.0019283065512978987
F81	F82	9	133	58	31953	2.554169892348797e-12	1.2360939431396786e-05	0.0019406674907292954
F10	F17	44	1645	259	31953	2.843169000761056e-12	1.2360939431396786e-05	0.001953028430160692
H66	H90	10	149	77	31953	3.007473898330998e-12	1.2360939431396786e-05	0.001965389369592089
M24	M25	14	144	234	31953	3.66394964345911e-12	1.2360939431396786e-05	0.001977750309023486
M87	M93	11	73	227	31953	4.4099709004110774e-12	1.2360939431396786e-05	0.0019901112484548827
F17	J45	23	259	460	31953	5.042027482508908e-12	1.2360939431396786e-05	0.0020024721878862794
F19	F61	9	274	32	31953	5.188908123439205e-12	1.2360939431396786e-05	0.002014833127317676
D43	G40	10	19	780	31953	5.374043732140349e-12	1.2360939431396786e-05	0.002027194066749073
D50	K51	8	78	68	31953	5.725927272876927e-12	1.2360939431396786e-05	0.0020395550061804695
F83	F91	14	93	385	31953	6.732420639623341e-12	1.2360939431396786e-05	0.0020519159456118667
E66	E88	10	599	24	31953	7.70532571662066e-12	1.2360939431396786e-05	0.0020642768850432634
J35	J36	54	1904	325	31953	7.84144569964496e-12	1.2360939431396786e-05	0.00207663782447466
E66	E79	12	599	41	31953	8.12859445225694e-12	1.2360939431396786e-05	0.002088998763906057
F60	F91	20	231	385	31953	8.290977528550764e-12	1.2360939431396786e-05	0.0021013597033374535
G44	J01	16	267	195	31953	1.0533219549513765e-11	1.2360939431396786e-05	0.0021137206427688502
M25	M66	7	234	16	31953	1.1166805062753438e-11	1.2360939431396786e-05	0.0021260815822002474
K51	K92	9	68	133	31953	1.141364572387655e-11	1.2360939431396786e-05	0.002138442521631644
I10	K76	13	262	115	31953	1.3066902659372907e-11	1.2360939431396786e-05	0.002150803461063041
F89	G80	7	41	86	31953	1.6642536562761984e-11	1.2360939431396786e-05	0.0021631644004944375
N18	D64	6	38	46	31953	1.6910285876528256e-11	1.2360939431396786e-05	0.002175525339925834
F11	F32	14	80	488	31953	1.8763639643981997e-11	1.2360939431396786e-05	0.002187886279357231
F41	F45	14	190	201	31953	2.049730418534603e-11	1.2360939431396786e-05	0.002200247218788628
B18	F13	7	53	68	31953	2.051985209023117e-11	1.2360939431396786e-05	0.0022126081582200248
I42	I49	6	28	66	31953	2.23605696162434e-11	1.2360939431396786e-05	0.0022249690976514215
G44	J06	21	267	394	31953	2.3826036594454662e-11	1.2360939431396786e-05	0.002237330037082818
G81	G82	7	37	103	31953	2.7954097985545925e-11	1.2360939431396786e-05	0.002249690976514215
F70	F71	7	121	32	31953	2.9146817213726476e-11	1.2360939431396786e-05	0.0022620519159456116
F32	F42	12	488	56	31953	4.2771667404297705e-11	1.2360939431396786e-05	0.0022744128553770088
H66	H70	6	149	15	31953	4.4912247341766015e-11	1.2360939431396786e-05	0.0022867737948084055
F19	F43	32	274	948	31953	4.945330841795288e-11	1.2360939431396786e-05	0.002299134734239802
I10	I11	6	262	10	31953	5.863408956065935e-11	1.2360939431396786e-05	0.002311495673671199
F60	F61	8	231	32	31953	5.98505396039466e-11	1.2360939431396786e-05	0.0023238566131025956
F82	F93	8	58	123	31953	6.24585436780899e-11	1.2360939431396786e-05	0.0023362175525339923
I47	I49	8	108	66	31953	6.388379584521686e-11	1.2360939431396786e-05	0.0023485784919653895
B18	F11	7	53	80	31953	6.623023702308806e-11	1.2360939431396786e-05	0.002360939431396786
H90	H91	9	77	146	31953	8.382259959032136e-11	1.2360939431396786e-05	0.002373300370828183
G91	G93	6	30	76	31953	8.398173742228501e-11	1.2360939431396786e-05	0.0023856613102595796
C49	D48	6	21	114	31953	9.377559045804665e-11	1.2360939431396786e-05	0.0023980222496909763
N13	N39	10	129	125	31953	9.671087211184206e-11	1.2360939431396786e-05	0.0024103831891223735
F41	F43	26	190	948	31953	9.793265515416582e-11	1.2360939431396786e-05	0.00242274412855377
F83	F90	13	93	386	31953	1.0355801751780249e-10	1.2360939431396786e-05	0.002435105067985167
F80	F91	11	60	385	31953	1.3618256711777413e-10	1.2360939431396786e-05	0.0024474660074165636
M23	M24	19	654	144	31953	1.407712273865147e-10	1.2360939431396786e-05	0.0024598269468479603
H10	J30	8	45	178	31953	1.4313892784421194e-10	1.2360939431396786e-05	0.002472187886279357
F40	F41	8	45	190	31953	2.4070207120151714e-10	1.2360939431396786e-05	0.002484548825710754
M42	M54	8	32	281	31953	2.836621488418173e-10	1.2360939431396786e-05	0.002496909765142151
F71	F84	6	32	87	31953	2.9268570698486615e-10	1.2360939431396786e-05	0.0025092707045735476
F84	K02	9	87	149	31953	3.074725451825693e-10	1.2360939431396786e-05	0.0025216316440049443
M41	M54	12	111	281	31953	3.0794813519067777e-10	1.2360939431396786e-05	0.002533992583436341
M84	M85	7	100	53	31953	3.2542102196761235e-10	1.2360939431396786e-05	0.0025463535228677377
I84	K62	6	61	46	31953	3.318166582393653e-10	1.2360939431396786e-05	0.002558714462299135
J15	J18	11	92	269	31953	3.6111853989608063e-10	1.2360939431396786e-05	0.0025710754017305316
K00	K01	8	29	329	31953	4.125973917637948e-10	1.2360939431396786e-05	0.0025834363411619283
F71	F83	6	32	93	31953	4.399473439642583e-10	1.2360939431396786e-05	0.002595797280593325
E87	F10	22	88	1645	31953	4.5182788255979446e-10	1.2360939431396786e-05	0.0026081582200247217
F70	F98	10	121	158	31953	5.18322723644042e-10	1.2360939431396786e-05	0.0026205191594561184
F82	F92	10	58	339	31953	5.25931074314329e-10	1.2360939431396786e-05	0.0026328800988875156
L20	B00	8	100	93	31953	5.660386383920697e-10	1.2360939431396786e-05	0.0026452410383189123
J18	J90	7	269	23	31953	6.056502213880677e-10	1.2360939431396786e-05	0.002657601977750309
K21	K22	7	154	39	31953	7.11577668458952e-10	1.2360939431396786e-05	0.0026699629171817057
K25	K29	9	28	560	31953	7.513664840698149e-10	1.2360939431396786e-05	0.0026823238566131024
F19	F23	11	274	97	31953	7.818066764486778e-10	1.2360939431396786e-05	0.002694684796044499
F89	K02	7	41	149	31953	8.188661496649606e-10	1.2360939431396786e-05	0.0027070457354758963
G40	G81	11	780	37	31953	8.199771223835817e-10	1.2360939431396786e-05	0.002719406674907293
C71	G40	13	57	780	31953	9.011195998002136e-10	1.2360939431396786e-05	0.0027317676143386897
E66	F17	23	599	259	31953	9.2165827440198e-10	1.2360939431396786e-05	0.0027441285537700864
D16	M85	9	286	53	31953	1.0208866577591032e-09	1.2360939431396786e-05	0.002756489493201483
J45	J46	8	460	24	31953	1.0434562083761478e-09	1.2360939431396786e-05	0.00276885043263288
G82	J18	11	103	269	31953	1.2350130664751329e-09	1.2360939431396786e-05	0.002781211372064277
D50	K92	8	78	133	31953	1.336971268859053e-09	1.2360939431396786e-05	0.0027935723114956737
F41	F42	8	190	56	31953	1.5001947441720202e-09	1.2360939431396786e-05	0.0028059332509270704
K56	K63	7	193	35	31953	1.5325280876757328e-09	1.2360939431396786e-05	0.002818294190358467
N44	N50	11	337	85	31953	1.6250791639596877e-09	1.2360939431396786e-05	0.002830655129789864
D69	D70	6	106	35	31953	1.7336429137502462e-09	1.2360939431396786e-05	0.002843016069221261
F43	F98	22	948	158	31953	1.9175412845659943e-09	1.2360939431396786e-05	0.0028553770086526577
H90	H93	9	77	211	31953	2.201046205315965e-09	1.2360939431396786e-05	0.0028677379480840544
N35	N39	7	56	125	31953	2.3404400280854617e-09	1.2360939431396786e-05	0.002880098887515451
K01	K04	11	329	90	31953	2.354802072776963e-09	1.2360939431396786e-05	0.002892459826946848
F70	F82	7	121	58	31953	2.4005382007344192e-09	1.2360939431396786e-05	0.0029048207663782445
G40	G80	15	780	86	31953	2.4877874244818943e-09	1.2360939431396786e-05	0.0029171817058096417
G82	M21	9	103	159	31953	2.507164756710923e-09	1.2360939431396786e-05	0.0029295426452410384
E34	K90	8	190	60	31953	2.6479540444580613e-09	1.2360939431396786e-05	0.002941903584672435
F83	F93	8	93	123	31953	2.9666342270853937e-09	1.2360939431396786e-05	0.002954264524103832
C71	J96	7	57	128	31953	3.139656075828973e-09	1.2360939431396786e-05	0.0029666254635352285
M24	M65	8	144	82	31953	3.762116410667282e-09	1.2360939431396786e-05	0.0029789864029666252
F89	G82	6	41	103	31953	3.972149330466339e-09	1.2360939431396786e-05	0.0029913473423980224
K00	K02	6	29	149	31953	4.0394239594929366e-09	1.2360939431396786e-05	0.003003708281829419
H33	H52	6	48	89	31953	4.395134109492296e-09	1.2360939431396786e-05	0.003016069221260816
J06	J20	16	394	201	31953	4.882934861622279e-09	1.2360939431396786e-05	0.0030284301606922125
J20	J45	17	201	460	31953	6.46786781156701e-09	1.2360939431396786e-05	0.003040791100123609
F11	F60	9	80	231	31953	6.854038570045759e-09	1.2360939431396786e-05	0.003053152039555006
D69	A41	6	106	44	31953	7.3595926843671155e-09	1.2360939431396786e-05	0.003065512978986403
G81	J96	6	37	128	31953	7.709467689248412e-09	1.2360939431396786e-05	0.0030778739184177998
F90	H61	10	386	67	31953	7.923484272585658e-09	1.2360939431396786e-05	0.0030902348578491965
N13	N31	6	129	37	31953	8.078806205187144e-09	1.2360939431396786e-05	0.003102595797280593
F32	F50	10	488	54	31953	8.262447131206158e-09	1.2360939431396786e-05	0.00311495673671199
K50	K52	18	150	716	31953	8.336860198880556e-09	1.2360939431396786e-05	0.0031273176761433866
F92	F93	12	339	123	31953	8.405089943190765e-09	1.2360939431396786e-05	0.0031396786155747838
F32	F90	24	488	386	31953	8.431790688797245e-09	1.2360939431396786e-05	0.0031520395550061805
N13	N18	6	129	38	31953	9.56196409171346e-09	1.2360939431396786e-05	0.003164400494437577
J30	J34	21	178	841	31953	1.1177496588657972e-08	1.2360939431396786e-05	0.003176761433868974
D50	K29	12	78	560	31953	1.1344096830696772e-08	1.2360939431396786e-05	0.0031891223733003706
A48	J03	9	30	708	31953	1.1547526264971422e-08	1.2360939431396786e-05	0.0032014833127317678
F32	F63	8	488	30	31953	1.2181330838366865e-08	1.2360939431396786e-05	0.0032138442521631645
J18	J96	11	269	128	31953	1.2519453518567955e-08	1.2360939431396786e-05	0.003226205191594561
G71	J96	6	40	128	31953	1.2604446623651507e-08	1.2360939431396786e-05	0.003238566131025958
I47	J96	8	108	128	31953	1.3380630735891442e-08	1.2360939431396786e-05	0.0032509270704573546
K02	K08	6	149	35	31953	1.3488566969049527e-08	1.2360939431396786e-05	0.0032632880098887513
K50	K63	6	150	35	31953	1.403964109473316e-08	1.2360939431396786e-05	0.0032756489493201485
J02	J03	18	157	708	31953	1.4497254728510761e-08	1.2360939431396786e-05	0.003288009888751545
F19	F33	9	274	74	31953	1.493547181282357e-08	1.2360939431396786e-05	0.003300370828182942
F82	F83	6	58	93	31953	1.849291536133569e-08	1.2360939431396786e-05	0.0033127317676143386
F80	F98	7	60	158	31953	1.9601724582567963e-08	1.2360939431396786e-05	0.0033250927070457353
F12	F33	7	128	74	31953	2.019959178379577e-08	1.2360939431396786e-05	0.003337453646477132
E78	F17	9	81	259	31953	2.0621941953061255e-08	1.2360939431396786e-05	0.003349814585908529
F40	F93	6	45	123	31953	2.0724097787290865e-08	1.2360939431396786e-05	0.003362175525339926
N18	I10	7	38	262	31953	2.3363539662270142e-08	1.2360939431396786e-05	0.0033745364647713226
F43	F93	18	948	123	31953	2.5415168536906144e-08	1.2360939431396786e-05	0.0033868974042027193
M13	M25	8	67	234	31953	3.2998357982675804e-08	1.2360939431396786e-05	0.003399258343634116
K50	K51	7	150	68	31953	3.3289806792291544e-08	1.2360939431396786e-05	0.0034116192830655127
M22	M23	15	124	654	31953	4.028847522062504e-08	1.2360939431396786e-05	0.00342398022249691
G40	H54	7	780	16	31953	4.748216361240825e-08	1.2360939431396786e-05	0.0034363411619283066
F68	F91	6	18	385	31953	4.8345743940667777e-08	1.2360939431396786e-05	0.0034487021013597033
F10	F32	55	1645	488	31953	4.94220555387574e-08	1.2360939431396786e-05	0.0034610630407911
F12	F91	12	128	385	31953	5.340236292748047e-08	1.2360939431396786e-05	0.0034734239802224967
F63	F91	7	30	385	31953	5.598163320355028e-08	1.2360939431396786e-05	0.0034857849196538934
F17	F19	14	259	274	31953	6.304430046421606e-08	1.2360939431396786e-05	0.0034981458590852906
F31	F43	10	36	948	31953	6.357985449017264e-08	1.2360939431396786e-05	0.0035105067985166873
E73	K29	10	59	560	31953	7.338095135254596e-08	1.2360939431396786e-05	0.003522867737948084
A41	J18	7	44	269	31953	8.141007586809479e-08	1.2360939431396786e-05	0.0035352286773794807
B27	L27	7	317	38	31953	8.582358795354412e-08	1.2360939431396786e-05	0.0035475896168108774
J15	J96	7	92	128	31953	9.26411520793479e-08	1.2360939431396786e-05	0.0035599505562422746
E10	K90	8	301	60	31953	9.453160289843812e-08	1.2360939431396786e-05	0.0035723114956736713
J04	J20	7	61	201	31953	1.1487040429882301e-07	1.2360939431396786e-05	0.003584672435105068
K61	L05	15	94	949	31953	1.1543287071255504e-07	1.2360939431396786e-05	0.0035970333745364647
F80	F93	6	60	123	31953	1.2152370482861547e-07	1.2360939431396786e-05	0.0036093943139678614
E10	E11	6	301	26	31953	1.306141985319302e-07	1.2360939431396786e-05	0.003621755253399258
F91	F94	6	385	21	31953	1.3706137301947592e-07	1.2360939431396786e-05	0.0036341161928306553
F92	F98	12	339	158	31953	1.382044647536827e-07	1.2360939431396786e-05	0.003646477132262052
F43	F44	11	948	49	31953	1.5373350485101969e-07	1.2360939431396786e-05	0.0036588380716934487
J01	J30	10	195	178	31953	1.592186861246775e-07	1.2360939431396786e-05	0.0036711990111248454
J93	J96	8	151	128	31953	1.8279106035429675e-07	1.2360939431396786e-05	0.003683559950556242
L02	L05	29	326	949	31953	1.8520471057957727e-07	1.2360939431396786e-05	0.003695920889987639
F84	G40	13	87	780	31953	1.9222089782586026e-07	1.2360939431396786e-05	0.003708281829419036
N45	N50	7	156	85	31953	2.0716774851685874e-07	1.2360939431396786e-05	0.0037206427688504327
J03	L04	12	708	81	31953	2.2348092964573188e-07	1.2360939431396786e-05	0.0037330037082818294
J44	J96	6	64	128	31953	2.2760446787191984e-07	1.2360939431396786e-05	0.003745364647713226
N20	N39	7	108	125	31953	2.3786781411489243e-07	1.2360939431396786e-05	0.003757725587144623
F60	F70	9	231	121	31953	2.583881286407662e-07	1.2360939431396786e-05	0.0037700865265760195
F43	F61	9	948	32	31953	2.602994841376506e-07	1.2360939431396786e-05	0.0037824474660074167
A41	K56	6	44	193	31953	2.619741402356185e-07	1.2360939431396786e-05	0.0037948084054388134
J03	J35	77	708	1904	31953	2.709519957372855e-07	1.2360939431396786e-05	0.00380716934487021
F11	F17	8	80	259	31953	2.9296524630909807e-07	1.2360939431396786e-05	0.003819530284301607
J96	M41	7	128	111	31953	3.37258451256191e-07	1.2360939431396786e-05	0.0038318912237330035
F32	F40	8	488	45	31953	3.6699224859026394e-07	1.2360939431396786e-05	0.0038442521631644002
E11	E66	7	26	599	31953	3.79228627880113e-07	1.2360939431396786e-05	0.0038566131025957974
K56	K59	15	193	496	31953	3.9949283596965775e-07	1.2360939431396786e-05	0.003868974042027194
K04	K12	6	90	101	31953	4.3110120246593764e-07	1.2360939431396786e-05	0.003881334981458591
F17	J93	10	259	151	31953	4.736158440081285e-07	1.2360939431396786e-05	0.0038936959208899875
M23	M66	6	654	16	31953	4.831529247422554e-07	1.2360939431396786e-05	0.003906056860321384
G82	J15	6	103	92	31953	5.516601392879696e-07	1.2360939431396786e-05	0.003918417799752781
A49	K29	9	57	560	31953	6.230057705476347e-07	1.2360939431396786e-05	0.003930778739184178
H83	H90	6	128	77	31953	6.898077329730822e-07	1.2360939431396786e-05	0.003943139678615574
J93	J98	6	151	66	31953	7.249060254229097e-07	1.2360939431396786e-05	0.003955500618046972
N43	K40	15	173	584	31953	7.628197602327804e-07	1.2360939431396786e-05	0.003967861557478369
F70	F81	7	121	133	31953	7.859087980166759e-07	1.2360939431396786e-05	0.003980222496909765
E79	F17	6	41	259	31953	9.48723014425088e-07	1.2360939431396786e-05	0.003992583436341162
E86	E87	7	190	88	31953	9.947147669539162e-07	1.2360939431396786e-05	0.004004944375772559
F31	F32	7	36	488	31953	1.0564530065240226e-06	1.2360939431396786e-05	0.0040173053152039555
F84	F91	9	87	385	31953	1.0928944877255936e-06	1.2360939431396786e-05	0.004029666254635352
H65	H72	7	237	73	31953	1.214567939890997e-06	1.2360939431396786e-05	0.004042027194066749
J18	J20	11	269	201	31953	1.2297336059590578e-06	1.2360939431396786e-05	0.004054388133498146
G80	J20	7	86	201	31953	1.2389923366974379e-06	1.2360939431396786e-05	0.004066749072929542
I88	J03	19	233	708	31953	1.288887158974057e-06	1.2360939431396786e-05	0.004079110012360939
D16	M92	7	286	63	31953	1.5417282406990905e-06	1.2360939431396786e-05	0.004091470951792336
E10	E87	8	301	88	31953	1.8906009336199109e-06	1.2360939431396786e-05	0.004103831891223733
F43	F63	8	948	30	31953	1.9093608714379003e-06	1.2360939431396786e-05	0.00411619283065513
F17	J40	7	259	72	31953	1.9931642325008066e-06	1.2360939431396786e-05	0.004128553770086527
E10	E86	11	301	190	31953	2.110602231841309e-06	1.2360939431396786e-05	0.0041409147095179235
G82	M67	8	103	263	31953	2.293511511103554e-06	1.2360939431396786e-05	0.00415327564894932
N43	N45	8	173	156	31953	2.3040272973803382e-06	1.2360939431396786e-05	0.004165636588380717
D69	K76	6	106	115	31953	2.4251014047157575e-06	1.2360939431396786e-05	0.004177997527812114
A08	K59	24	519	496	31953	2.5364158112008297e-06	1.2360939431396786e-05	0.00419035846724351
J96	K50	7	128	150	31953	2.5669634830775776e-06	1.2360939431396786e-05	0.004202719406674907
F12	F23	6	128	97	31953	2.6931563098048267e-06	1.2360939431396786e-05	0.004215080346106304
F10	F61	10	1645	32	31953	2.8945180912183444e-06	1.2360939431396786e-05	0.0042274412855377004
F42	F60	6	56	231	31953	3.2113249709921473e-06	1.2360939431396786e-05	0.004239802224969097
I88	A09	24	233	1134	31953	3.327300492592897e-06	1.2360939431396786e-05	0.004252163164400495
H10	J45	7	45	460	31953	3.4640337425122406e-06	1.2360939431396786e-05	0.0042645241038318914
G43	I95	11	321	188	31953	3.531642419781945e-06	1.2360939431396786e-05	0.004276885043263288
K01	K02	10	329	149	31953	3.6057220084844027e-06	1.2360939431396786e-05	0.004289245982694685
G93	J18	7	76	269	31953	3.692540483040873e-06	1.2360939431396786e-05	0.004301606922126082
F41	F91	12	190	385	31953	3.741846450353186e-06	1.2360939431396786e-05	0.004313967861557478
J44	J45	8	64	460	31953	3.7944256678237972e-06	1.2360939431396786e-05	0.004326328800988875
F17	K29	17	259	560	31953	3.839929501803001e-06	1.2360939431396786e-05	0.004338689740420272
B18	F17	6	53	259	31953	4.465550078101689e-06	1.2360939431396786e-05	0.004351050679851668
J45	J98	8	460	66	31953	4.801699841841371e-06	1.2360939431396786e-05	0.004363411619283065
L02	L70	8	326	93	31953	5.169972240344562e-06	1.2360939431396786e-05	0.004375772558714462
F42	F43	10	56	948	31953	5.206099264352837e-06	1.2360939431396786e-05	0.004388133498145859
M65	M67	7	82	263	31953	5.308436507297475e-06	1.2360939431396786e-05	0.004400494437577256
H65	J34	20	237	841	31953	5.413427475542295e-06	1.2360939431396786e-05	0.004412855377008653
F40	F43	9	45	948	31953	5.8192613987469216e-06	1.2360939431396786e-05	0.0044252163164400496
M92	M93	6	63	227	31953	5.830563709585975e-06	1.2360939431396786e-05	0.004437577255871446
J03	B00	11	708	93	31953	6.867269794046653e-06	1.2360939431396786e-05	0.004449938195302843
F23	F60	7	97	231	31953	6.968675004630421e-06	1.2360939431396786e-05	0.00446229913473424
J06	L50	11	394	165	31953	7.0406950563925244e-06	1.2360939431396786e-05	0.004474660074165636
F83	F98	6	93	158	31953	7.103142019709936e-06	1.2360939431396786e-05	0.004487021013597033
F10	F13	14	1645	68	31953	7.808094629760945e-06	1.2360939431396786e-05	0.00449938195302843
E66	J45	24	599	460	31953	7.956672463165662e-06	1.2360939431396786e-05	0.0045117428924598265
F32	F61	6	488	32	31953	7.960871330537246e-06	1.2360939431396786e-05	0.004524103831891223
E66	F81	12	599	133	31953	8.261253377410618e-06	1.2360939431396786e-05	0.004536464771322621
E66	K59	25	599	496	31953	9.355871833424543e-06	1.2360939431396786e-05	0.0045488257107540175
K35	K37	48	3090	260	31953	9.411847348682103e-06	1.2360939431396786e-05	0.004561186650185414
M24	M93	8	144	227	31953	9.419086616122712e-06	1.2360939431396786e-05	0.004573547589616811
F71	G40	7	32	780	31953	9.938245071300391e-06	1.2360939431396786e-05	0.004585908529048208
A04	E86	8	174	190	31953	1.0293638111971437e-05	1.2360939431396786e-05	0.004598269468479604
D36	L05	8	37	949	31953	1.0558548518246787e-05	1.2360939431396786e-05	0.004610630407911001
