ICD1	ICD2	val11	occ1	occ2	NN	pval	bonf_thresh	fdr_thresh
K21	K44	347	1012	666	50560	0.0	4.219409282700422e-06	4.219409282700422e-06
J32	J34	477	1018	2519	50560	0.0	4.219409282700422e-06	8.438818565400844e-06
N13	N20	397	547	1417	50560	0.0	4.219409282700422e-06	1.2658227848101267e-05
N20	N23	304	1417	575	50560	5.98674e-319	4.219409282700422e-06	1.6877637130801688e-05
F10	K70	272	2140	334	50560	1.859741096e-314	4.219409282700422e-06	2.109704641350211e-05
E66	I10	382	1109	1789	50560	5.242776742217204e-274	4.219409282700422e-06	2.5316455696202533e-05
M51	M54	496	2023	2051	50560	5.944208879233107e-252	4.219409282700422e-06	2.9535864978902954e-05
E78	I10	485	2258	1789	50560	3.375166668320758e-247	4.219409282700422e-06	3.3755274261603375e-05
H91	H93	181	516	501	50560	1.1214504503657736e-236	4.219409282700422e-06	3.79746835443038e-05
I21	I25	131	222	344	50560	3.479304494243077e-233	4.219409282700422e-06	4.219409282700422e-05
K21	K29	310	1012	1804	50560	2.5294368225987037e-201	4.219409282700422e-06	4.641350210970464e-05
N13	N23	169	547	575	50560	5.273818869309539e-197	4.219409282700422e-06	5.0632911392405066e-05
K29	K44	255	1804	666	50560	2.255909046152002e-192	4.219409282700422e-06	5.4852320675105484e-05
M23	M94	236	3196	375	50560	5.2451992093013205e-185	4.219409282700422e-06	5.907172995780591e-05
E78	E79	255	2258	600	50560	4.359497415698724e-181	4.219409282700422e-06	6.329113924050633e-05
J34	M95	176	2519	236	50560	6.427510424783268e-177	4.219409282700422e-06	6.751054852320675e-05
E66	E78	319	1109	2258	50560	2.2946947280608608e-167	4.219409282700422e-06	7.172995780590717e-05
E78	K76	305	2258	1092	50560	9.856962474460248e-156	4.219409282700422e-06	7.59493670886076e-05
E78	I25	185	2258	344	50560	7.693184657818567e-155	4.219409282700422e-06	8.016877637130802e-05
E78	F17	321	2258	1316	50560	3.1969475252144347e-145	4.219409282700422e-06	8.438818565400843e-05
F10	F60	179	2140	367	50560	6.214597705356506e-144	4.219409282700422e-06	8.860759493670887e-05
F10	F32	258	2140	927	50560	2.3281363889692326e-136	4.219409282700422e-06	9.282700421940928e-05
F10	F43	232	2140	797	50560	5.2273862656982706e-127	4.219409282700422e-06	9.70464135021097e-05
I20	I25	85	230	344	50560	1.255408869509182e-125	4.219409282700422e-06	0.00010126582278481013
J32	J33	111	1018	260	50560	4.7522529707741146e-117	4.219409282700422e-06	0.00010548523206751055
M22	M23	159	303	3196	50560	3.5076486980810096e-107	4.219409282700422e-06	0.00010970464135021097
F10	G40	209	2140	810	50560	5.419112015201042e-103	4.219409282700422e-06	0.00011392405063291139
J33	J34	130	260	2519	50560	3.206417931010446e-97	4.219409282700422e-06	0.00011814345991561182
F10	F17	256	2140	1316	50560	1.4201910488343097e-96	4.219409282700422e-06	0.00012236286919831225
M17	M23	137	277	3196	50560	6.063498693344009e-88	4.219409282700422e-06	0.00012658227848101267
E78	I21	107	2258	222	50560	6.587896853376804e-83	4.219409282700422e-06	0.00013080168776371308
M23	M24	167	3196	455	50560	4.955163360432566e-82	4.219409282700422e-06	0.0001350210970464135
F43	F60	91	797	367	50560	9.501094289393262e-81	4.219409282700422e-06	0.00013924050632911392
E11	I10	115	332	1789	50560	1.1810014148315625e-80	4.219409282700422e-06	0.00014345991561181434
B18	F19	71	349	376	50560	2.420741960384512e-80	4.219409282700422e-06	0.00014767932489451475
I10	K76	191	1789	1092	50560	1.2778474404961327e-76	4.219409282700422e-06	0.0001518987341772152
E66	K76	153	1109	1092	50560	2.3778678497917635e-76	4.219409282700422e-06	0.00015611814345991562
I10	I25	113	1789	344	50560	2.3880671022649312e-76	4.219409282700422e-06	0.00016033755274261603
F10	F13	87	2140	159	50560	7.10800726242162e-76	4.219409282700422e-06	0.00016455696202531645
K80	K81	60	924	110	50560	2.0217125174156773e-74	4.219409282700422e-06	0.00016877637130801687
C62	C77	39	270	63	50560	1.8900590288929415e-73	4.219409282700422e-06	0.0001729957805907173
E11	E66	92	332	1109	50560	2.6161827619967996e-73	4.219409282700422e-06	0.00017721518987341773
K60	K61	85	519	563	50560	3.111726369490799e-72	4.219409282700422e-06	0.00018143459915611815
E78	I20	100	2258	230	50560	5.392774399823513e-72	4.219409282700422e-06	0.00018565400843881857
E66	G47	134	1109	880	50560	2.8090730978085632e-71	4.219409282700422e-06	0.00018987341772151899
E66	F17	155	1109	1316	50560	1.235974605442852e-66	4.219409282700422e-06	0.0001940928270042194
F32	F60	84	927	367	50560	6.951342086797269e-66	4.219409282700422e-06	0.00019831223628691982
F11	F13	41	177	159	50560	1.8675108015614874e-65	4.219409282700422e-06	0.00020253164556962027
I84	K62	88	1286	318	50560	1.4781620964841519e-64	4.219409282700422e-06	0.00020675105485232068
F11	F14	30	177	44	50560	1.7377387442383023e-64	4.219409282700422e-06	0.0002109704641350211
B18	F11	49	349	177	50560	2.722475612037762e-64	4.219409282700422e-06	0.00021518987341772152
F17	I25	91	1316	344	50560	6.071135611587098e-64	4.219409282700422e-06	0.00021940928270042194
E11	E78	109	332	2258	50560	3.100305732351603e-63	4.219409282700422e-06	0.00022362869198312235
F32	F33	72	927	262	50560	1.003071799707831e-62	4.219409282700422e-06	0.00022784810126582277
F32	F43	110	927	797	50560	5.74822288759465e-62	4.219409282700422e-06	0.00023206751054852322
E79	K76	103	600	1092	50560	1.5722615665546381e-60	4.219409282700422e-06	0.00023628691983122363
K85	K86	39	286	107	50560	2.6314949324122454e-60	4.219409282700422e-06	0.00024050632911392405
I26	I80	43	150	299	50560	2.988816826705182e-60	4.219409282700422e-06	0.0002447257383966245
F19	B17	46	376	183	50560	1.2764877590939053e-56	4.219409282700422e-06	0.0002489451476793249
M23	M65	134	3196	427	50560	1.635278585050761e-56	4.219409282700422e-06	0.00025316455696202533
F17	I21	71	1316	222	50560	1.7817782578434463e-56	4.219409282700422e-06	0.00025738396624472575
F11	F19	45	177	376	50560	1.1972814412446722e-55	4.219409282700422e-06	0.00026160337552742617
N47	N48	49	648	149	50560	6.320953983744928e-55	4.219409282700422e-06	0.0002658227848101266
I42	I50	28	124	75	50560	8.678771435083788e-55	4.219409282700422e-06	0.000270042194092827
F17	I10	178	1316	1789	50560	5.066075777268438e-54	4.219409282700422e-06	0.0002742616033755274
H90	H93	45	151	501	50560	2.1637542237782954e-53	4.219409282700422e-06	0.00027848101265822784
F10	K71	70	2140	162	50560	4.518131234337998e-52	4.219409282700422e-06	0.00028270042194092826
I20	I21	40	230	222	50560	6.086383976343971e-52	4.219409282700422e-06	0.0002869198312236287
M22	M94	50	303	375	50560	1.170290840118453e-51	4.219409282700422e-06	0.0002911392405063291
K02	K04	36	185	192	50560	4.1123050364399095e-51	4.219409282700422e-06	0.0002953586497890295
C62	D40	30	270	72	50560	1.7193624905818324e-49	4.219409282700422e-06	0.00029957805907173
J34	J35	209	2519	1356	50560	1.4078001420659998e-48	4.219409282700422e-06	0.0003037974683544304
J30	J34	78	203	2519	50560	5.3473440056131384e-48	4.219409282700422e-06	0.0003080168776371308
F10	F33	82	2140	262	50560	8.871928004344606e-48	4.219409282700422e-06	0.00031223628691983123
M42	M51	62	146	2023	50560	3.7283199370932447e-47	4.219409282700422e-06	0.00031645569620253165
I83	I87	40	1316	69	50560	2.6638069922770024e-45	4.219409282700422e-06	0.00032067510548523207
K50	K56	34	215	199	50560	2.100891909782688e-44	4.219409282700422e-06	0.0003248945147679325
I10	I11	44	1789	75	50560	3.2834515539641963e-44	4.219409282700422e-06	0.0003291139240506329
G40	K70	60	810	334	50560	4.175585111717256e-44	4.219409282700422e-06	0.0003333333333333333
E79	I10	107	600	1789	50560	8.845733392937609e-44	4.219409282700422e-06	0.00033755274261603374
F32	F41	69	927	434	50560	4.4142095178933634e-43	4.219409282700422e-06	0.00034177215189873416
I10	I20	68	1789	230	50560	5.989819373878929e-43	4.219409282700422e-06	0.0003459915611814346
E66	E79	85	1109	600	50560	1.0465904031887977e-42	4.219409282700422e-06	0.000350210970464135
H33	H35	28	176	134	50560	6.4725706813657e-42	4.219409282700422e-06	0.00035443037974683546
K26	K29	65	214	1804	50560	1.049836526344114e-41	4.219409282700422e-06	0.0003586497890295359
K01	K09	24	178	72	50560	1.7997356439050923e-41	4.219409282700422e-06	0.0003628691983122363
B35	A46	30	107	334	50560	2.1213043211743658e-40	4.219409282700422e-06	0.0003670886075949367
M23	M25	106	3196	375	50560	3.008368231201125e-40	4.219409282700422e-06	0.00037130801687763714
N18	I10	49	115	1789	50560	3.7584208067323064e-40	4.219409282700422e-06	0.00037552742616033755
I84	K60	82	1286	519	50560	4.132241369529382e-40	4.219409282700422e-06	0.00037974683544303797
C77	C78	17	63	41	50560	5.818425567960374e-40	4.219409282700422e-06	0.0003839662447257384
E10	E14	31	248	179	50560	1.0492363528803586e-38	4.219409282700422e-06	0.0003881856540084388
I10	I21	63	1789	222	50560	1.0694599520808061e-38	4.219409282700422e-06	0.0003924050632911392
M23	M67	135	3196	604	50560	1.5626603706836736e-38	4.219409282700422e-06	0.00039662447257383964
F17	J44	56	1316	226	50560	4.682757094429162e-38	4.219409282700422e-06	0.00040084388185654006
F19	F60	43	376	367	50560	7.375722695290437e-38	4.219409282700422e-06	0.00040506329113924053
F13	F19	33	159	376	50560	8.420362733004592e-38	4.219409282700422e-06	0.00040928270042194095
F33	F60	38	262	367	50560	1.5428016525811525e-37	4.219409282700422e-06	0.00041350210970464137
H33	H52	29	176	223	50560	5.52264492073608e-37	4.219409282700422e-06	0.0004177215189873418
E10	H36	18	248	25	50560	6.717240733714142e-37	4.219409282700422e-06	0.0004219409282700422
K21	K22	39	1012	120	50560	3.337227449338945e-36	4.219409282700422e-06	0.0004261603375527426
K04	K12	27	192	166	50560	3.630986696500132e-36	4.219409282700422e-06	0.00043037974683544304
C73	E89	12	26	21	50560	4.867851146884317e-36	4.219409282700422e-06	0.00043459915611814346
C83	C85	14	26	55	50560	5.1010668435727234e-36	4.219409282700422e-06	0.00043881856540084387
F10	K76	148	2140	1092	50560	5.376260725134422e-36	4.219409282700422e-06	0.0004430379746835443
K29	K76	134	1804	1092	50560	1.0013364131217666e-35	4.219409282700422e-06	0.0004472573839662447
H65	H90	23	117	151	50560	1.640424421462278e-35	4.219409282700422e-06	0.0004514767932489451
K80	K82	28	924	54	50560	1.7162725181181268e-34	4.219409282700422e-06	0.00045569620253164554
G46	I63	13	16	91	50560	4.7256821954702875e-34	4.219409282700422e-06	0.000459915611814346
M53	M54	74	326	2051	50560	4.827659071108224e-34	4.219409282700422e-06	0.00046413502109704643
M65	M94	42	427	375	50560	7.2807887784545555e-34	4.219409282700422e-06	0.00046835443037974685
D53	K70	19	33	334	50560	1.7014582555603066e-33	4.219409282700422e-06	0.00047257383966244727
F10	F19	80	2140	376	50560	2.6904876843892107e-33	4.219409282700422e-06	0.0004767932489451477
F17	K76	108	1316	1092	50560	1.723942852228989e-32	4.219409282700422e-06	0.0004810126582278481
L40	M07	13	198	13	50560	3.4120999255292076e-32	4.219409282700422e-06	0.0004852320675105485
B20	B24	13	18	113	50560	1.4407819550063182e-31	4.219409282700422e-06	0.000489451476793249
M24	M25	41	455	375	50560	1.5119615602445597e-31	4.219409282700422e-06	0.0004936708860759494
M42	M54	49	146	2051	50560	1.5579549477255008e-31	4.219409282700422e-06	0.0004978902953586498
G55	M51	27	35	2023	50560	2.65006584435071e-31	4.219409282700422e-06	0.0005021097046413502
F11	B17	24	177	183	50560	9.39582033042581e-31	4.219409282700422e-06	0.0005063291139240507
B18	B17	29	349	183	50560	1.1248481786255e-30	4.219409282700422e-06	0.000510548523206751
F32	K70	50	927	334	50560	3.124097812893914e-30	4.219409282700422e-06	0.0005147679324894515
M50	M53	29	203	326	50560	3.519506109316679e-30	4.219409282700422e-06	0.0005189873417721519
K01	K04	24	178	192	50560	3.605631343140118e-30	4.219409282700422e-06	0.0005232067510548523
E10	E11	31	248	332	50560	4.268844790092587e-30	4.219409282700422e-06	0.0005274261603375527
K02	K08	20	185	92	50560	4.2713798701562904e-30	4.219409282700422e-06	0.0005316455696202532
D53	F10	26	33	2140	50560	5.4199801716043794e-30	4.219409282700422e-06	0.0005358649789029535
F60	K70	35	367	334	50560	1.227563363999438e-29	4.219409282700422e-06	0.000540084388185654
E14	I10	49	179	1789	50560	1.339062636907104e-29	4.219409282700422e-06	0.0005443037974683545
F17	I20	48	1316	230	50560	3.802896702247533e-29	4.219409282700422e-06	0.0005485232067510548
J03	J35	59	358	1356	50560	5.599279561713533e-29	4.219409282700422e-06	0.0005527426160337553
J30	J45	29	203	363	50560	8.035438637137354e-29	4.219409282700422e-06	0.0005569620253164557
F17	K70	56	1316	334	50560	1.307345293757721e-28	4.219409282700422e-06	0.0005611814345991561
F20	F23	27	343	175	50560	1.6371868060055208e-28	4.219409282700422e-06	0.0005654008438818565
M24	M65	40	455	427	50560	3.4529242645227397e-28	4.219409282700422e-06	0.000569620253164557
K80	K83	24	924	52	50560	3.770688303507959e-28	4.219409282700422e-06	0.0005738396624472573
K56	K65	19	199	88	50560	5.892891199325765e-28	4.219409282700422e-06	0.0005780590717299578
E66	I25	52	1109	344	50560	6.561103166425523e-28	4.219409282700422e-06	0.0005822784810126582
K29	K80	109	1804	924	50560	9.357650363919279e-28	4.219409282700422e-06	0.0005864978902953587
K21	K76	87	1012	1092	50560	1.0521172534347757e-27	4.219409282700422e-06	0.000590717299578059
F13	F60	26	159	367	50560	2.0222061493409796e-27	4.219409282700422e-06	0.0005949367088607595
M19	M75	29	212	393	50560	2.884817428723867e-27	4.219409282700422e-06	0.00059915611814346
B23	B24	11	15	113	50560	5.703258362813113e-27	4.219409282700422e-06	0.0006033755274261603
K22	K29	39	120	1804	50560	8.037084392780995e-27	4.219409282700422e-06	0.0006075949367088608
H50	H52	20	111	223	50560	1.2242713230271353e-26	4.219409282700422e-06	0.0006118143459915612
I34	I42	15	62	124	50560	2.452151700928517e-26	4.219409282700422e-06	0.0006160337552742616
K01	K07	20	178	143	50560	2.5608397951366022e-26	4.219409282700422e-06	0.000620253164556962
K25	K29	47	189	1804	50560	2.7376984515932984e-26	4.219409282700422e-06	0.0006244725738396625
E14	E66	38	179	1109	50560	2.901782459923001e-26	4.219409282700422e-06	0.0006286919831223628
G46	I66	8	16	14	50560	3.64814264909518e-26	4.219409282700422e-06	0.0006329113924050633
F41	F45	31	434	255	50560	3.786140047622059e-26	4.219409282700422e-06	0.0006371308016877637
J18	J90	25	631	95	50560	3.902936535962672e-26	4.219409282700422e-06	0.0006413502109704641
K04	K08	18	192	92	50560	5.482239068892509e-26	4.219409282700422e-06	0.0006455696202531645
N18	I12	11	115	17	50560	6.30376470387908e-26	4.219409282700422e-06	0.000649789029535865
B18	F14	17	349	44	50560	7.179397346399389e-26	4.219409282700422e-06	0.0006540084388185654
J35	J36	54	1356	340	50560	7.941532240018048e-26	4.219409282700422e-06	0.0006582278481012658
M43	M54	37	101	2051	50560	9.952250103533037e-26	4.219409282700422e-06	0.0006624472573839663
E11	E14	25	332	179	50560	1.0195103521024744e-25	4.219409282700422e-06	0.0006666666666666666
F20	F25	22	343	117	50560	1.8980630935368946e-25	4.219409282700422e-06	0.0006708860759493671
K76	K85	45	1092	286	50560	2.412112306400646e-25	4.219409282700422e-06	0.0006751054852320675
F11	F12	17	177	86	50560	2.615705836175212e-25	4.219409282700422e-06	0.000679324894514768
N18	D64	16	115	102	50560	2.788087085415711e-25	4.219409282700422e-06	0.0006835443037974683
I63	I65	12	91	34	50560	2.880630385735088e-25	4.219409282700422e-06	0.0006877637130801688
F13	F32	33	159	927	50560	4.463047711838977e-25	4.219409282700422e-06	0.0006919831223628692
K35	K65	27	986	88	50560	5.193961936074907e-25	4.219409282700422e-06	0.0006962025316455696
F13	F33	22	159	262	50560	5.948868745688035e-25	4.219409282700422e-06	0.00070042194092827
C43	D22	18	110	182	50560	6.507613770373784e-25	4.219409282700422e-06	0.0007046413502109705
E78	K29	182	2258	1804	50560	8.998408744044038e-25	4.219409282700422e-06	0.0007088607594936709
E78	F10	204	2258	2140	50560	1.279333464193595e-24	4.219409282700422e-06	0.0007130801687763713
F10	F12	34	2140	86	50560	1.8597374919905226e-24	4.219409282700422e-06	0.0007172995780590718
E73	E74	9	48	16	50560	3.211321080639741e-24	4.219409282700422e-06	0.0007215189873417721
K04	K09	16	192	72	50560	3.377110841953045e-24	4.219409282700422e-06	0.0007257383966244726
C71	D43	11	49	47	50560	3.584064125981967e-24	4.219409282700422e-06	0.000729957805907173
F33	F43	37	262	797	50560	4.8566790480393266e-24	4.219409282700422e-06	0.0007341772151898734
D16	L05	28	185	531	50560	4.8702331906384665e-24	4.219409282700422e-06	0.0007383966244725738
H83	H93	21	82	501	50560	5.698817943080612e-24	4.219409282700422e-06	0.0007426160337552743
E10	E16	14	248	35	50560	6.814973602752917e-24	4.219409282700422e-06	0.0007468354430379746
H66	H71	15	173	64	50560	7.648149088477314e-24	4.219409282700422e-06	0.0007510548523206751
B16	B17	16	79	183	50560	7.846903301153246e-24	4.219409282700422e-06	0.0007552742616033755
E66	I21	39	1109	222	50560	1.0330847024882321e-23	4.219409282700422e-06	0.0007594936708860759
M47	M54	50	218	2051	50560	1.1386491066275224e-23	4.219409282700422e-06	0.0007637130801687764
B18	F13	23	349	159	50560	1.2728729662525403e-23	4.219409282700422e-06	0.0007679324894514768
K20	K29	25	49	1804	50560	1.5231229498172338e-23	4.219409282700422e-06	0.0007721518987341772
I45	I47	16	96	156	50560	1.6394079265396888e-23	4.219409282700422e-06	0.0007763713080168776
H66	H72	14	173	52	50560	2.7841353821471414e-23	4.219409282700422e-06	0.0007805907172995781
C78	C79	9	41	22	50560	2.909433104970924e-23	4.219409282700422e-06	0.0007848101265822784
E78	K70	64	2258	334	50560	5.005574547052697e-23	4.219409282700422e-06	0.0007890295358649789
I85	K74	9	24	43	50560	1.228926367608626e-22	4.219409282700422e-06	0.0007932489451476793
M24	M67	40	455	604	50560	1.5323585579143878e-22	4.219409282700422e-06	0.0007974683544303798
K80	K85	39	924	286	50560	2.1156907633270375e-22	4.219409282700422e-06	0.0008016877637130801
I63	I66	9	91	14	50560	2.6199187644297554e-22	4.219409282700422e-06	0.0008059071729957806
K25	K26	20	189	214	50560	3.6102446768141908e-22	4.219409282700422e-06	0.0008101265822784811
H27	H33	12	33	176	50560	7.197077377529233e-22	4.219409282700422e-06	0.0008143459915611814
K70	K86	19	334	107	50560	7.278279027767197e-22	4.219409282700422e-06	0.0008185654008438819
I34	I48	14	62	182	50560	9.21642055309735e-22	4.219409282700422e-06	0.0008227848101265823
K02	K05	13	185	46	50560	1.2568398181495797e-21	4.219409282700422e-06	0.0008270042194092827
K63	K65	17	282	88	50560	1.2927510883018871e-21	4.219409282700422e-06	0.0008312236286919831
G47	J34	116	880	2519	50560	1.6825837838943858e-21	4.219409282700422e-06	0.0008354430379746836
M47	M51	47	218	2023	50560	2.2236403279690155e-21	4.219409282700422e-06	0.0008396624472573839
F10	F41	69	2140	434	50560	3.1093534124743642e-21	4.219409282700422e-06	0.0008438818565400844
F13	F43	28	159	797	50560	3.500676718197163e-21	4.219409282700422e-06	0.0008481012658227848
J01	J32	35	226	1018	50560	9.436895678522033e-21	4.219409282700422e-06	0.0008523206751054852
K26	K92	22	214	301	50560	9.915600727021505e-21	4.219409282700422e-06	0.0008565400843881856
F13	F14	12	159	44	50560	1.1846684702140097e-20	4.219409282700422e-06	0.0008607594936708861
I42	I48	16	124	182	50560	1.5714411415140306e-20	4.219409282700422e-06	0.0008649789029535865
B25	K77	6	28	6	50560	1.6242792197045208e-20	4.219409282700422e-06	0.0008691983122362869
I70	I73	10	51	57	50560	1.7733105505445323e-20	4.219409282700422e-06	0.0008734177215189874
I47	I48	17	156	182	50560	1.886526685480179e-20	4.219409282700422e-06	0.0008776371308016877
F07	G40	21	76	810	50560	1.9560504460657765e-20	4.219409282700422e-06	0.0008818565400843882
B24	F19	19	113	376	50560	2.0372824345396023e-20	4.219409282700422e-06	0.0008860759493670886
E11	H36	12	332	25	50560	2.5358982367723367e-20	4.219409282700422e-06	0.000890295358649789
H10	H11	11	55	88	50560	2.607363731604583e-20	4.219409282700422e-06	0.0008945147679324894
K22	K44	23	120	666	50560	3.16715623969835e-20	4.219409282700422e-06	0.0008987341772151899
C62	C78	13	270	41	50560	3.310759029103115e-20	4.219409282700422e-06	0.0009029535864978903
E78	I11	29	2258	75	50560	4.076163734211818e-20	4.219409282700422e-06	0.0009071729957805907
B35	L30	14	107	134	50560	4.139736380884253e-20	4.219409282700422e-06	0.0009113924050632911
E11	K76	42	332	1092	50560	4.8298762856336734e-20	4.219409282700422e-06	0.0009156118143459916
B94	F19	9	9	376	50560	6.321759408659099e-20	4.219409282700422e-06	0.000919831223628692
N46	I86	22	256	280	50560	1.0400214431863356e-19	4.219409282700422e-06	0.0009240506329113924
M17	M21	16	277	93	50560	1.1112823292745318e-19	4.219409282700422e-06	0.0009282700421940929
K66	K80	23	94	924	50560	1.1701326530451893e-19	4.219409282700422e-06	0.0009324894514767932
E04	E89	10	193	21	50560	1.7644238174435803e-19	4.219409282700422e-06	0.0009367088607594937
H66	H90	16	173	151	50560	1.7859120813102675e-19	4.219409282700422e-06	0.0009409282700421941
B96	K29	18	29	1804	50560	1.925450947837829e-19	4.219409282700422e-06	0.0009451476793248945
H60	H66	14	93	173	50560	2.0691988756868517e-19	4.219409282700422e-06	0.0009493670886075949
N18	N19	10	115	33	50560	2.1979537098563276e-19	4.219409282700422e-06	0.0009535864978902954
K57	K63	23	304	282	50560	3.098205944793445e-19	4.219409282700422e-06	0.0009578059071729957
K70	K76	41	334	1092	50560	4.0888056296990543e-19	4.219409282700422e-06	0.0009620253164556962
E14	E78	42	179	2258	50560	5.408643790981428e-19	4.219409282700422e-06	0.0009662447257383966
I25	I42	18	344	124	50560	6.673687600633016e-19	4.219409282700422e-06	0.000970464135021097
J18	J96	18	631	71	50560	7.136952616815929e-19	4.219409282700422e-06	0.0009746835443037975
N17	A41	10	64	68	50560	1.385023630432537e-18	4.219409282700422e-06	0.000978902953586498
K40	K42	58	1966	386	50560	1.4010090620717102e-18	4.219409282700422e-06	0.0009831223628691984
H35	H52	16	134	223	50560	1.5272889605865599e-18	4.219409282700422e-06	0.0009873417721518987
E78	I51	37	2258	143	50560	1.992779246942242e-18	4.219409282700422e-06	0.000991561181434599
F32	F45	33	927	255	50560	2.035383680610417e-18	4.219409282700422e-06	0.0009957805907172997
I85	K70	11	24	334	50560	2.0494453114637083e-18	4.219409282700422e-06	0.001
F10	F34	31	2140	103	50560	2.17903602094762e-18	4.219409282700422e-06	0.0010042194092827004
K02	K12	16	185	166	50560	2.491214869446485e-18	4.219409282700422e-06	0.0010084388185654007
I34	I50	10	62	75	50560	2.790373105216143e-18	4.219409282700422e-06	0.0010126582278481013
F10	K85	51	2140	286	50560	3.182905488147286e-18	4.219409282700422e-06	0.0010168776371308017
I25	I50	15	344	75	50560	3.598956132443015e-18	4.219409282700422e-06	0.001021097046413502
K29	K31	27	1804	89	50560	3.876377431415143e-18	4.219409282700422e-06	0.0010253164556962024
K29	K92	48	1804	301	50560	3.987582523758153e-18	4.219409282700422e-06	0.001029535864978903
B18	B24	17	349	113	50560	4.3069246552961356e-18	4.219409282700422e-06	0.0010337552742616034
F41	I10	58	434	1789	50560	5.0663213184556875e-18	4.219409282700422e-06	0.0010379746835443037
I10	I42	31	1789	124	50560	5.2396058786627785e-18	4.219409282700422e-06	0.0010421940928270043
K29	K86	29	1804	107	50560	6.991778597386519e-18	4.219409282700422e-06	0.0010464135021097047
F14	F19	13	44	376	50560	7.290410534542741e-18	4.219409282700422e-06	0.001050632911392405
D68	I80	13	54	299	50560	7.427171714496478e-18	4.219409282700422e-06	0.0010548523206751054
K01	K02	16	178	185	50560	7.717693815820269e-18	4.219409282700422e-06	0.001059071729957806
J18	J86	13	631	29	50560	8.90924808975243e-18	4.219409282700422e-06	0.0010632911392405063
F19	F43	36	376	797	50560	9.42213305292156e-18	4.219409282700422e-06	0.0010675105485232067
D33	D43	8	37	47	50560	1.1243539843639087e-17	4.219409282700422e-06	0.001071729957805907
M22	M25	24	303	375	50560	1.2746844576830146e-17	4.219409282700422e-06	0.0010759493670886076
G47	J98	24	880	134	50560	1.459442417795432e-17	4.219409282700422e-06	0.001080168776371308
E78	F41	65	2258	434	50560	1.4836697706270642e-17	4.219409282700422e-06	0.0010843881856540084
K04	K05	11	192	46	50560	2.1056236123757853e-17	4.219409282700422e-06	0.001088607594936709
E79	F10	76	600	2140	50560	2.341477939314196e-17	4.219409282700422e-06	0.0010928270042194093
H25	H33	13	97	176	50560	2.5392755990443892e-17	4.219409282700422e-06	0.0010970464135021097
D69	D70	9	109	33	50560	2.649783565034741e-17	4.219409282700422e-06	0.00110126582278481
I26	J18	22	150	631	50560	2.71463864917259e-17	4.219409282700422e-06	0.0011054852320675106
B24	B59	7	113	10	50560	2.7514762145297367e-17	4.219409282700422e-06	0.001109704641350211
C71	G40	16	49	810	50560	3.330923429452406e-17	4.219409282700422e-06	0.0011139240506329114
I31	J90	10	62	95	50560	3.3384473376701616e-17	4.219409282700422e-06	0.0011181434599156117
M54	M99	23	2051	60	50560	4.736452399368062e-17	4.219409282700422e-06	0.0011223628691983123
M17	M22	21	277	303	50560	4.740948356191716e-17	4.219409282700422e-06	0.0011265822784810127
F12	F14	9	86	44	50560	5.2261383128717576e-17	4.219409282700422e-06	0.001130801687763713
I61	I69	7	40	25	50560	5.295387328038619e-17	4.219409282700422e-06	0.0011350210970464136
M48	M51	22	55	2023	50560	5.778308730151713e-17	4.219409282700422e-06	0.001139240506329114
K44	K80	50	666	924	50560	6.233890132924551e-17	4.219409282700422e-06	0.0011434599156118143
H71	H90	11	64	151	50560	7.554058178405237e-17	4.219409282700422e-06	0.0011476793248945147
E78	F32	102	2258	927	50560	7.930951399647465e-17	4.219409282700422e-06	0.0011518987341772153
F12	F60	15	86	367	50560	8.396158001969487e-17	4.219409282700422e-06	0.0011561181434599156
C78	C80	7	41	26	50560	8.730343731785814e-17	4.219409282700422e-06	0.001160337552742616
M22	M24	25	303	455	50560	9.477397433217264e-17	4.219409282700422e-06	0.0011645569620253164
E87	G40	19	85	810	50560	9.947306774529957e-17	4.219409282700422e-06	0.001168776371308017
M42	M47	15	146	218	50560	1.310912625056187e-16	4.219409282700422e-06	0.0011729957805907173
E66	I11	20	1109	75	50560	1.4428426043350285e-16	4.219409282700422e-06	0.0011772151898734177
N20	N39	39	1417	277	50560	1.4910373574123896e-16	4.219409282700422e-06	0.001181434599156118
F17	J18	58	1316	631	50560	1.6756738754873965e-16	4.219409282700422e-06	0.0011856540084388186
K57	K65	14	304	88	50560	2.5796929408461e-16	4.219409282700422e-06	0.001189873417721519
I60	I61	8	63	40	50560	2.7280046851947865e-16	4.219409282700422e-06	0.0011940928270042193
E79	F17	56	600	1316	50560	2.8656191413700847e-16	4.219409282700422e-06	0.00119831223628692
N17	N18	10	64	115	50560	3.3921671582204194e-16	4.219409282700422e-06	0.0012025316455696203
F10	G62	26	2140	83	50560	3.9304814706596605e-16	4.219409282700422e-06	0.0012067510548523206
C73	E04	9	26	193	50560	4.2111611379509813e-16	4.219409282700422e-06	0.001210970464135021
M51	M53	50	2023	326	50560	4.262286727710623e-16	4.219409282700422e-06	0.0012151898734177216
K00	K01	8	17	178	50560	4.763568999038439e-16	4.219409282700422e-06	0.001219409282700422
J86	J90	8	29	95	50560	4.77281780992062e-16	4.219409282700422e-06	0.0012236286919831223
E79	G40	43	600	810	50560	5.000238056928551e-16	4.219409282700422e-06	0.0012278481012658227
C77	C79	7	63	22	50560	5.551599315032505e-16	4.219409282700422e-06	0.0012320675105485233
K21	K26	29	1012	214	50560	6.531515140467e-16	4.219409282700422e-06	0.0012362869198312236
D35	D44	6	27	21	50560	6.888379694897518e-16	4.219409282700422e-06	0.001240506329113924
F13	K70	17	159	334	50560	7.613540366518029e-16	4.219409282700422e-06	0.0012447257383966246
I21	I24	8	222	15	50560	7.625933604484875e-16	4.219409282700422e-06	0.001248945147679325
C62	C63	7	270	8	50560	9.122901162107347e-16	4.219409282700422e-06	0.0012531645569620253
F17	F41	46	1316	434	50560	1.2043229704978107e-15	4.219409282700422e-06	0.0012573839662447257
F34	F60	15	103	367	50560	1.4078998733153158e-15	4.219409282700422e-06	0.0012616033755274262
F33	K70	20	262	334	50560	1.5176410016440772e-15	4.219409282700422e-06	0.0012658227848101266
M20	M21	11	136	93	50560	1.7841375027409527e-15	4.219409282700422e-06	0.001270042194092827
K20	K44	14	49	666	50560	1.827451873955201e-15	4.219409282700422e-06	0.0012742616033755273
B18	K73	12	349	53	50560	2.004569855171123e-15	4.219409282700422e-06	0.001278481012658228
M50	M51	38	203	2023	50560	2.0075235113967935e-15	4.219409282700422e-06	0.0012827004219409283
M43	M51	27	101	2023	50560	2.2795545645509473e-15	4.219409282700422e-06	0.0012869198312236286
K44	K52	46	666	871	50560	2.781356032782405e-15	4.219409282700422e-06	0.001291139240506329
J43	J93	9	42	142	50560	3.463614090602728e-15	4.219409282700422e-06	0.0012953586497890296
K56	K66	12	199	94	50560	3.55982391198412e-15	4.219409282700422e-06	0.00129957805907173
F43	F61	14	797	44	50560	3.881025979820149e-15	4.219409282700422e-06	0.0013037974683544303
H50	H53	10	111	85	50560	4.682051590651294e-15	4.219409282700422e-06	0.0013080168776371309
H43	H27	6	23	33	50560	4.7830173774204736e-15	4.219409282700422e-06	0.0013122362869198313
N18	D63	7	115	17	50560	4.992541363118307e-15	4.219409282700422e-06	0.0013164556962025316
I35	I71	7	68	27	50560	5.031947727714948e-15	4.219409282700422e-06	0.001320675105485232
E72	I63	7	21	91	50560	5.5053260501268455e-15	4.219409282700422e-06	0.0013248945147679326
E78	K71	35	2258	162	50560	6.690916401753578e-15	4.219409282700422e-06	0.001329113924050633
F17	F60	41	1316	367	50560	7.11634166598189e-15	4.219409282700422e-06	0.0013333333333333333
M23	M71	41	3196	160	50560	7.661604921460688e-15	4.219409282700422e-06	0.0013375527426160337
F10	F63	18	2140	40	50560	8.246220139027311e-15	4.219409282700422e-06	0.0013417721518987342
E79	K70	27	600	334	50560	8.335027096328584e-15	4.219409282700422e-06	0.0013459915611814346
D86	L52	8	130	30	50560	8.5663280525787e-15	4.219409282700422e-06	0.001350210970464135
E78	F33	45	2258	262	50560	8.719512010665137e-15	4.219409282700422e-06	0.0013544303797468355
M19	M24	20	212	455	50560	9.000977772332641e-15	4.219409282700422e-06	0.001358649789029536
I63	I64	8	91	42	50560	9.017452715146237e-15	4.219409282700422e-06	0.0013628691983122363
H65	H66	12	117	173	50560	9.820699390064925e-15	4.219409282700422e-06	0.0013670886075949366
C81	C85	7	36	55	50560	9.871882466716537e-15	4.219409282700422e-06	0.0013713080168776372
B18	B16	13	349	79	50560	1.1317673121652137e-14	4.219409282700422e-06	0.0013755274261603376
K21	K31	19	1012	89	50560	1.3669294156901346e-14	4.219409282700422e-06	0.001379746835443038
D12	I84	24	126	1286	50560	1.4617305095253002e-14	4.219409282700422e-06	0.0013839662447257383
F60	F61	11	367	44	50560	1.5710262809161682e-14	4.219409282700422e-06	0.0013881856540084389
H90	J34	35	151	2519	50560	1.7333285062522603e-14	4.219409282700422e-06	0.0013924050632911392
I60	I67	8	63	65	50560	1.747634433131174e-14	4.219409282700422e-06	0.0013966244725738396
C43	D48	13	110	258	50560	2.0057435984774643e-14	4.219409282700422e-06	0.00140084388185654
F10	F11	35	2140	177	50560	2.331982443645737e-14	4.219409282700422e-06	0.0014050632911392406
M25	M66	12	375	60	50560	2.362555849810493e-14	4.219409282700422e-06	0.001409282700421941
F31	F60	15	124	367	50560	2.3975182787826928e-14	4.219409282700422e-06	0.0014135021097046413
F33	F61	10	262	44	50560	2.4971283650653553e-14	4.219409282700422e-06	0.0014177215189873419
M53	M62	13	326	90	50560	2.7588658780204347e-14	4.219409282700422e-06	0.0014219409282700422
H25	H26	9	97	77	50560	3.4855522354637924e-14	4.219409282700422e-06	0.0014261603375527426
M76	M77	10	48	250	50560	4.043882651043377e-14	4.219409282700422e-06	0.001430379746835443
C77	D40	8	63	72	50560	4.116237768451987e-14	4.219409282700422e-06	0.0014345991561181435
F10	K86	27	2140	107	50560	4.1605626869618316e-14	4.219409282700422e-06	0.001438818565400844
F32	F34	19	927	103	50560	4.8526634597160577e-14	4.219409282700422e-06	0.0014430379746835443
F14	B17	9	44	183	50560	5.5560901441522224e-14	4.219409282700422e-06	0.0014472573839662446
E78	M54	167	2258	2051	50560	5.926158851751124e-14	4.219409282700422e-06	0.0014514767932489452
F07	I60	8	76	63	50560	6.45962672064922e-14	4.219409282700422e-06	0.0014556962025316456
A41	J96	8	68	71	50560	6.951648085672721e-14	4.219409282700422e-06	0.001459915611814346
I25	I51	15	344	143	50560	7.959334343341648e-14	4.219409282700422e-06	0.0014641350210970465
J44	J45	18	226	363	50560	8.029572985056581e-14	4.219409282700422e-06	0.0014683544303797469
M65	M67	29	427	604	50560	8.831264094204133e-14	4.219409282700422e-06	0.0014725738396624472
C18	C78	6	29	41	50560	9.083745609072526e-14	4.219409282700422e-06	0.0014767932489451476
H66	H70	7	173	17	50560	9.180013144988142e-14	4.219409282700422e-06	0.0014810126582278482
I64	I67	7	42	65	50560	1.0825227017933768e-13	4.219409282700422e-06	0.0014852320675105485
K21	K25	25	1012	189	50560	1.1422821670460021e-13	4.219409282700422e-06	0.001489451476793249
F17	K29	103	1316	1804	50560	1.2749402924840555e-13	4.219409282700422e-06	0.0014936708860759493
M25	M94	22	375	375	50560	1.4144830794041825e-13	4.219409282700422e-06	0.0014978902953586498
I30	I31	7	46	62	50560	1.5141477599415216e-13	4.219409282700422e-06	0.0015021097046413502
K44	K76	49	666	1092	50560	1.6124754976946063e-13	4.219409282700422e-06	0.0015063291139240506
D10	J35	18	68	1356	50560	1.6538829171547672e-13	4.219409282700422e-06	0.001510548523206751
A15	A16	9	73	122	50560	1.7507175476551043e-13	4.219409282700422e-06	0.0015147679324894515
F19	F32	33	376	927	50560	1.8844568749011875e-13	4.219409282700422e-06	0.0015189873417721519
N23	N39	23	575	277	50560	1.9469926905457998e-13	4.219409282700422e-06	0.0015232067510548522
C18	K56	8	29	199	50560	1.998572321235691e-13	4.219409282700422e-06	0.0015274261603375528
F70	G40	14	56	810	50560	2.0472832415539674e-13	4.219409282700422e-06	0.0015316455696202532
F12	F13	10	86	159	50560	2.0484006114922918e-13	4.219409282700422e-06	0.0015358649789029536
M22	M65	21	303	427	50560	2.4812885371181075e-13	4.219409282700422e-06	0.001540084388185654
M16	M87	11	160	125	50560	3.058290128330154e-13	4.219409282700422e-06	0.0015443037974683545
H25	H27	7	97	33	50560	3.146094177867549e-13	4.219409282700422e-06	0.0015485232067510549
H17	H18	6	23	65	50560	3.534251849677595e-13	4.219409282700422e-06	0.0015527426160337552
H90	H91	17	151	516	50560	3.77002288517157e-13	4.219409282700422e-06	0.0015569620253164556
K21	K80	56	1012	924	50560	3.8851812888653893e-13	4.219409282700422e-06	0.0015611814345991562
A15	B90	6	73	21	50560	3.9152893128861737e-13	4.219409282700422e-06	0.0015654008438818565
B24	B17	11	113	183	50560	4.3507023837520537e-13	4.219409282700422e-06	0.001569620253164557
K44	K92	25	666	301	50560	4.5068748874325805e-13	4.219409282700422e-06	0.0015738396624472575
N19	D64	7	33	102	50560	4.512451422313734e-13	4.219409282700422e-06	0.0015780590717299578
K42	K43	14	386	119	50560	5.174020823889881e-13	4.219409282700422e-06	0.0015822784810126582
M41	M42	9	69	146	50560	5.317911636227007e-13	4.219409282700422e-06	0.0015864978902953586
H35	I11	9	134	75	50560	5.319712084886859e-13	4.219409282700422e-06	0.0015907172995780591
D64	I12	6	102	17	50560	7.057319987937196e-13	4.219409282700422e-06	0.0015949367088607595
F32	F61	13	927	44	50560	7.482993297962479e-13	4.219409282700422e-06	0.0015991561181434599
C38	D86	6	14	130	50560	7.592023457893183e-13	4.219409282700422e-06	0.0016033755274261602
F13	F41	16	159	434	50560	7.874693136080551e-13	4.219409282700422e-06	0.0016075949367088608
F41	F43	32	434	797	50560	8.746302277777752e-13	4.219409282700422e-06	0.0016118143459915612
F05	F10	13	23	2140	50560	1.0380083355632141e-12	4.219409282700422e-06	0.0016160337552742615
I10	I51	27	1789	143	50560	1.080036755825571e-12	4.219409282700422e-06	0.0016202531645569621
H43	H33	7	23	176	50560	1.284527585688883e-12	4.219409282700422e-06	0.0016244725738396625
E14	K76	24	179	1092	50560	1.301953465093678e-12	4.219409282700422e-06	0.0016286919831223629
H65	H91	15	117	516	50560	1.3506227996567448e-12	4.219409282700422e-06	0.0016329113924050632
I10	I47	28	1789	156	50560	1.5178145676598553e-12	4.219409282700422e-06	0.0016371308016877638
G91	G93	6	26	74	50560	1.7968899888343286e-12	4.219409282700422e-06	0.0016413502109704642
K50	K63	15	215	282	50560	1.7983822991552109e-12	4.219409282700422e-06	0.0016455696202531645
B00	L51	6	119	17	50560	1.8129329890915261e-12	4.219409282700422e-06	0.0016497890295358649
I26	I82	10	150	113	50560	1.8636405761927155e-12	4.219409282700422e-06	0.0016540084388185655
M25	M65	22	375	427	50560	1.876991531602972e-12	4.219409282700422e-06	0.0016582278481012658
H26	H52	10	77	223	50560	1.9276868816760976e-12	4.219409282700422e-06	0.0016624472573839662
D53	G40	11	33	810	50560	2.3428952627968485e-12	4.219409282700422e-06	0.0016666666666666666
H30	H35	7	32	134	50560	2.4962230991961515e-12	4.219409282700422e-06	0.0016708860759493671
I10	I61	15	1789	40	50560	2.812933482396875e-12	4.219409282700422e-06	0.0016751054852320675
E14	H36	7	179	25	50560	2.821603464685468e-12	4.219409282700422e-06	0.0016793248945147679
G40	G41	9	810	18	50560	2.8427794421259537e-12	4.219409282700422e-06	0.0016835443037974684
G43	G44	15	210	300	50560	3.1034574476436297e-12	4.219409282700422e-06	0.0016877637130801688
I30	J90	7	46	95	50560	3.327104169721276e-12	4.219409282700422e-06	0.0016919831223628692
N17	N19	6	64	33	50560	3.486308388815653e-12	4.219409282700422e-06	0.0016962025316455695
E78	I49	28	2258	130	50560	3.5204972909445677e-12	4.219409282700422e-06	0.0017004219409282701
I24	I25	7	15	344	50560	3.899312527230696e-12	4.219409282700422e-06	0.0017046413502109705
I34	I49	8	62	130	50560	4.620033504139418e-12	4.219409282700422e-06	0.0017088607594936708
J30	J32	24	203	1018	50560	4.686475345165194e-12	4.219409282700422e-06	0.0017130801687763712
I49	I51	10	130	143	50560	4.749296390226081e-12	4.219409282700422e-06	0.0017172995780590718
K08	K10	7	92	51	50560	5.6751513974668605e-12	4.219409282700422e-06	0.0017215189873417721
K26	K31	10	214	89	50560	5.675466845512878e-12	4.219409282700422e-06	0.0017257383966244725
M53	M99	10	326	60	50560	6.132330624838995e-12	4.219409282700422e-06	0.001729957805907173
F40	K02	8	46	185	50560	6.391845224688944e-12	4.219409282700422e-06	0.0017341772151898735
A16	A18	6	122	20	50560	6.571179396287187e-12	4.219409282700422e-06	0.0017383966244725738
I42	I47	10	124	156	50560	7.0499596477901016e-12	4.219409282700422e-06	0.0017426160337552742
F33	F34	11	262	103	50560	7.676802010584556e-12	4.219409282700422e-06	0.0017468354430379748
K76	K80	56	1092	924	50560	7.783502094954688e-12	4.219409282700422e-06	0.0017510548523206751
D10	J34	21	68	2519	50560	7.950359489204966e-12	4.219409282700422e-06	0.0017552742616033755
D43	G40	12	47	810	50560	8.248603797773613e-12	4.219409282700422e-06	0.0017594936708860759
B18	B94	6	349	9	50560	8.553723436568118e-12	4.219409282700422e-06	0.0017637130801687764
H49	H53	6	29	85	50560	8.685137843494222e-12	4.219409282700422e-06	0.0017679324894514768
K56	K63	14	199	282	50560	8.920866576040526e-12	4.219409282700422e-06	0.0017721518987341772
K22	K92	12	120	301	50560	9.466065915010925e-12	4.219409282700422e-06	0.0017763713080168775
K70	K74	9	334	43	50560	9.95729690650607e-12	4.219409282700422e-06	0.001780590717299578
F70	F79	6	56	45	50560	1.1030873058780548e-11	4.219409282700422e-06	0.0017848101265822785
B24	B16	8	113	79	50560	1.1061607889133483e-11	4.219409282700422e-06	0.0017890295358649788
G51	A69	9	193	73	50560	1.12154897621141e-11	4.219409282700422e-06	0.0017932489451476794
I80	I87	10	299	69	50560	1.1247666443973972e-11	4.219409282700422e-06	0.0017974683544303798
J18	J44	20	631	226	50560	1.1991356462785905e-11	4.219409282700422e-06	0.0018016877637130801
E78	M42	29	2258	146	50560	1.224308240783869e-11	4.219409282700422e-06	0.0018059071729957805
J37	J38	8	50	184	50560	1.2436155105410137e-11	4.219409282700422e-06	0.001810126582278481
I84	K92	32	1286	301	50560	1.3120894617452645e-11	4.219409282700422e-06	0.0018143459915611814
J43	J44	8	42	226	50560	1.4573079625712876e-11	4.219409282700422e-06	0.0018185654008438818
K76	K86	18	1092	107	50560	1.7364365866616747e-11	4.219409282700422e-06	0.0018227848101265822
M41	M47	9	69	218	50560	1.9759272631452022e-11	4.219409282700422e-06	0.0018270042194092828
N19	E87	6	33	85	50560	2.014222391860314e-11	4.219409282700422e-06	0.0018312236286919831
K04	K10	8	192	51	50560	2.0677955165326995e-11	4.219409282700422e-06	0.0018354430379746835
F07	G93	7	76	74	50560	2.167953637418936e-11	4.219409282700422e-06	0.001839662447257384
M41	M54	19	69	2051	50560	2.1952782436088045e-11	4.219409282700422e-06	0.0018438818565400844
E66	E88	15	1109	69	50560	2.2389428924781484e-11	4.219409282700422e-06	0.0018481012658227848
J69	J96	6	40	71	50560	2.2828999481828998e-11	4.219409282700422e-06	0.0018523206751054852
C49	D48	7	24	258	50560	2.668662918740322e-11	4.219409282700422e-06	0.0018565400843881857
M45	M46	6	89	33	50560	2.671375392921814e-11	4.219409282700422e-06	0.001860759493670886
J45	J46	6	363	10	50560	2.6937847636544046e-11	4.219409282700422e-06	0.0018649789029535865
F70	K02	8	56	185	50560	3.372964954431122e-11	4.219409282700422e-06	0.0018691983122362868
J15	J96	8	145	71	50560	3.4381260317190444e-11	4.219409282700422e-06	0.0018734177215189874
F43	K70	26	797	334	50560	3.648394839631911e-11	4.219409282700422e-06	0.0018776371308016878
K36	K66	8	111	94	50560	3.973063893326626e-11	4.219409282700422e-06	0.0018818565400843881
I42	I49	9	124	130	50560	4.100530150932579e-11	4.219409282700422e-06	0.0018860759493670885
E79	M10	13	600	88	50560	4.335816319498733e-11	4.219409282700422e-06	0.001890295358649789
E78	G45	27	2258	134	50560	4.36521678128861e-11	4.219409282700422e-06	0.0018945147679324894
F17	K71	23	1316	162	50560	4.7020243180305626e-11	4.219409282700422e-06	0.0018987341772151898
G25	G47	12	50	880	50560	4.75208586136958e-11	4.219409282700422e-06	0.0019029535864978904
F12	F19	11	86	376	50560	4.943033853888441e-11	4.219409282700422e-06	0.0019071729957805907
H80	H90	7	43	151	50560	5.423313449693921e-11	4.219409282700422e-06	0.001911392405063291
I84	K63	30	1286	282	50560	5.5801011128270005e-11	4.219409282700422e-06	0.0019156118143459915
E78	M47	35	2258	218	50560	5.596093259217538e-11	4.219409282700422e-06	0.001919831223628692
F11	F60	14	177	367	50560	6.072007069677465e-11	4.219409282700422e-06	0.0019240506329113924
N17	D64	7	64	102	50560	6.235500455862162e-11	4.219409282700422e-06	0.0019282700421940928
D62	K26	6	17	214	50560	6.37927670858193e-11	4.219409282700422e-06	0.0019324894514767931
E66	I20	25	1109	230	50560	6.67843561906692e-11	4.219409282700422e-06	0.0019367088607594937
F17	F33	29	1316	262	50560	7.642032913363812e-11	4.219409282700422e-06	0.001940928270042194
F10	F20	44	2140	343	50560	7.74628279703045e-11	4.219409282700422e-06	0.0019451476793248944
D50	K29	22	113	1804	50560	8.198821365423129e-11	4.219409282700422e-06	0.001949367088607595
D50	D64	8	113	102	50560	8.911334181397015e-11	4.219409282700422e-06	0.001953586497890295
K25	K44	18	189	666	50560	9.026373234684374e-11	4.219409282700422e-06	0.001957805907172996
I42	I51	9	124	143	50560	9.665362949176385e-11	4.219409282700422e-06	0.0019620253164556963
I10	I50	18	1789	75	50560	9.75647263042337e-11	4.219409282700422e-06	0.0019662447257383967
N17	D69	7	64	109	50560	9.991806433279551e-11	4.219409282700422e-06	0.001970464135021097
M24	M75	21	455	393	50560	1.1078249473364839e-10	4.219409282700422e-06	0.0019746835443037974
I21	I46	6	222	18	50560	1.1895191265051896e-10	4.219409282700422e-06	0.001978902953586498
K25	K92	13	189	301	50560	1.4780726630866262e-10	4.219409282700422e-06	0.001983122362869198
M23	M93	34	3196	155	50560	1.4795404364049112e-10	4.219409282700422e-06	0.0019873417721518985
D12	K63	11	126	282	50560	1.5403037401127926e-10	4.219409282700422e-06	0.0019915611814345993
F41	K76	34	434	1092	50560	1.61474950641313e-10	4.219409282700422e-06	0.0019957805907172997
K50	K65	9	215	88	50560	1.6414655309481986e-10	4.219409282700422e-06	0.002
I50	J18	12	75	631	50560	1.6444903858252438e-10	4.219409282700422e-06	0.0020042194092827004
E11	I25	17	332	344	50560	1.872982886932148e-10	4.219409282700422e-06	0.0020084388185654008
I10	I49	23	1789	130	50560	1.966471575260304e-10	4.219409282700422e-06	0.002012658227848101
G44	H81	16	300	331	50560	2.0354761820425345e-10	4.219409282700422e-06	0.0020168776371308015
E88	I10	17	69	1789	50560	2.0640158291474135e-10	4.219409282700422e-06	0.0020210970464135023
K51	K52	19	173	871	50560	2.0810803899044343e-10	4.219409282700422e-06	0.0020253164556962027
K74	B17	7	43	183	50560	2.0929430492502226e-10	4.219409282700422e-06	0.002029535864978903
N18	A41	7	115	68	50560	2.2622725481457444e-10	4.219409282700422e-06	0.0020337552742616034
B35	D48	10	107	258	50560	2.2880299144549149e-10	4.219409282700422e-06	0.0020379746835443037
K50	K51	11	215	173	50560	2.619924358066296e-10	4.219409282700422e-06	0.002042194092827004
C78	K56	7	41	199	50560	2.641649284330953e-10	4.219409282700422e-06	0.0020464135021097045
E87	I47	8	85	156	50560	2.6966743915602946e-10	4.219409282700422e-06	0.002050632911392405
K05	K08	6	46	92	50560	2.716439330008662e-10	4.219409282700422e-06	0.0020548523206751056
N30	N39	8	49	277	50560	2.7234855383781266e-10	4.219409282700422e-06	0.002059071729957806
K29	K85	35	1804	286	50560	2.775840254136988e-10	4.219409282700422e-06	0.0020632911392405064
E66	I42	18	1109	124	50560	2.7833836290461787e-10	4.219409282700422e-06	0.0020675105485232067
N40	N41	6	39	110	50560	2.8424280911041885e-10	4.219409282700422e-06	0.002071729957805907
H26	H33	8	77	176	50560	3.1498154380644506e-10	4.219409282700422e-06	0.0020759493670886075
I47	I49	9	156	130	50560	3.215054999666251e-10	4.219409282700422e-06	0.002080168776371308
F17	G45	20	1316	134	50560	3.4229863512156656e-10	4.219409282700422e-06	0.0020843881856540086
F23	F25	9	175	117	50560	3.473393887387358e-10	4.219409282700422e-06	0.002088607594936709
K29	K62	37	1804	318	50560	3.686551025156432e-10	4.219409282700422e-06	0.0020928270042194093
D52	K70	6	15	334	50560	3.782406949367662e-10	4.219409282700422e-06	0.0020970464135021097
I10	I63	19	1789	91	50560	3.897311409726555e-10	4.219409282700422e-06	0.00210126582278481
F13	B17	10	159	183	50560	4.030818284436525e-10	4.219409282700422e-06	0.0021054852320675104
F12	F20	10	86	343	50560	4.063016924999103e-10	4.219409282700422e-06	0.002109704641350211
K29	K70	38	1804	334	50560	4.0991792189137557e-10	4.219409282700422e-06	0.0021139240506329116
M54	M62	20	2051	90	50560	4.4544854053427054e-10	4.219409282700422e-06	0.002118143459915612
F60	F63	8	367	40	50560	4.4852084016789904e-10	4.219409282700422e-06	0.0021223628691983123
N18	I11	7	115	75	50560	4.5715334858878686e-10	4.219409282700422e-06	0.0021265822784810127
K35	K37	12	986	54	50560	4.579294743274254e-10	4.219409282700422e-06	0.002130801687763713
F17	F32	59	1316	927	50560	4.638598674782055e-10	4.219409282700422e-06	0.0021350210970464134
D64	E87	7	102	85	50560	4.786195210385425e-10	4.219409282700422e-06	0.0021392405063291138
B18	F12	10	349	86	50560	4.803835320419833e-10	4.219409282700422e-06	0.002143459915611814
F17	J43	12	1316	42	50560	4.94750702214574e-10	4.219409282700422e-06	0.002147679324894515
F43	F63	10	797	40	50560	4.955232878910348e-10	4.219409282700422e-06	0.0021518987341772153
G55	M54	13	35	2051	50560	4.960440600184461e-10	4.219409282700422e-06	0.0021561181434599157
B18	K74	8	349	43	50560	5.589344791272596e-10	4.219409282700422e-06	0.002160337552742616
F25	F31	8	117	124	50560	5.677776792082732e-10	4.219409282700422e-06	0.0021645569620253164
E78	K21	90	2258	1012	50560	6.145921336012214e-10	4.219409282700422e-06	0.0021687763713080167
M42	M43	8	146	101	50560	6.417168154019857e-10	4.219409282700422e-06	0.002172995780590717
K26	K44	18	214	666	50560	6.887592103980227e-10	4.219409282700422e-06	0.002177215189873418
N50	I86	9	80	280	50560	7.085840796525018e-10	4.219409282700422e-06	0.0021814345991561183
F17	J45	33	1316	363	50560	7.13017624029725e-10	4.219409282700422e-06	0.0021856540084388186
K29	K63	34	1804	282	50560	7.369211484434279e-10	4.219409282700422e-06	0.002189873417721519
K21	K63	25	1012	282	50560	7.660694302233453e-10	4.219409282700422e-06	0.0021940928270042194
E73	K29	14	48	1804	50560	7.962298934461113e-10	4.219409282700422e-06	0.0021983122362869197
H35	H47	6	134	38	50560	7.96997807070506e-10	4.219409282700422e-06	0.00220253164556962
F10	F70	16	2140	56	50560	8.37047394022608e-10	4.219409282700422e-06	0.0022067510548523205
I21	I51	10	222	143	50560	9.330442416604397e-10	4.219409282700422e-06	0.0022109704641350213
H93	M53	19	501	326	50560	9.94203823827246e-10	4.219409282700422e-06	0.0022151898734177216
F12	F43	13	86	797	50560	1.0190156957545215e-09	4.219409282700422e-06	0.002219409282700422
M22	M67	20	303	604	50560	1.0331299204617293e-09	4.219409282700422e-06	0.0022236286919831223
K70	K85	15	334	286	50560	1.0724693741622976e-09	4.219409282700422e-06	0.0022278481012658227
F25	F60	11	117	367	50560	1.1087601451712338e-09	4.219409282700422e-06	0.002232067510548523
B96	K25	6	29	189	50560	1.1141341373803175e-09	4.219409282700422e-06	0.0022362869198312234
M51	M99	16	2023	60	50560	1.1463756604086378e-09	4.219409282700422e-06	0.0022405063291139242
A41	J15	7	68	145	50560	1.1546652261682942e-09	4.219409282700422e-06	0.0022447257383966246
K60	K62	19	519	318	50560	1.1761536330193872e-09	4.219409282700422e-06	0.002248945147679325
E79	K71	15	600	162	50560	1.2030364005186144e-09	4.219409282700422e-06	0.0022531645569620253
M10	M25	10	88	375	50560	1.2073525665740467e-09	4.219409282700422e-06	0.0022573839662447257
F13	F17	21	159	1316	50560	1.2514759984177448e-09	4.219409282700422e-06	0.002261603375527426
A46	I89	9	334	72	50560	1.2705160705165668e-09	4.219409282700422e-06	0.0022658227848101264
M41	M51	17	69	2023	50560	1.3315881012769743e-09	4.219409282700422e-06	0.002270042194092827
E10	I10	31	248	1789	50560	1.3890470905095777e-09	4.219409282700422e-06	0.0022742616033755276
E66	J44	23	1109	226	50560	1.401869617794644e-09	4.219409282700422e-06	0.002278481012658228
M25	M62	10	375	90	50560	1.5102430076879108e-09	4.219409282700422e-06	0.0022827004219409283
J45	L20	9	363	68	50560	1.5584237550323344e-09	4.219409282700422e-06	0.0022869198312236287
D52	F10	9	15	2140	50560	1.702824450760361e-09	4.219409282700422e-06	0.002291139240506329
K29	K58	24	1804	156	50560	1.8194043582118193e-09	4.219409282700422e-06	0.0022953586497890294
N32	N35	6	43	135	50560	1.8208593594455027e-09	4.219409282700422e-06	0.0022995780590717298
F10	F61	14	2140	44	50560	1.9717373185398018e-09	4.219409282700422e-06	0.0023037974683544305
E10	E78	35	248	2258	50560	1.9974046230939765e-09	4.219409282700422e-06	0.002308016877637131
K29	K52	68	1804	871	50560	2.1036647473358804e-09	4.219409282700422e-06	0.0023122362869198313
H35	I10	22	134	1789	50560	2.104277984818793e-09	4.219409282700422e-06	0.0023164556962025316
K81	K82	6	110	54	50560	2.191347744411464e-09	4.219409282700422e-06	0.002320675105485232
F10	F31	23	2140	124	50560	2.3022096012623507e-09	4.219409282700422e-06	0.0023248945147679324
K31	K44	12	89	666	50560	2.332431584679825e-09	4.219409282700422e-06	0.0023291139240506327
A41	K65	6	68	88	50560	2.346085776736876e-09	4.219409282700422e-06	0.0023333333333333335
F22	F60	9	71	367	50560	2.5421048188425077e-09	4.219409282700422e-06	0.002337552742616034
N31	N39	7	41	277	50560	2.6329080432583187e-09	4.219409282700422e-06	0.0023417721518987343
I42	I44	6	124	50	50560	2.801435778358316e-09	4.219409282700422e-06	0.0023459915611814346
E78	I63	20	2258	91	50560	2.8457269534928823e-09	4.219409282700422e-06	0.002350210970464135
B24	B37	6	113	55	50560	2.8891481583947313e-09	4.219409282700422e-06	0.0023544303797468353
H65	J34	24	117	2519	50560	3.026616188563528e-09	4.219409282700422e-06	0.0023586497890295357
H35	H53	7	134	85	50560	3.257939149213435e-09	4.219409282700422e-06	0.002362869198312236
N47	L90	12	648	94	50560	3.2598111395006247e-09	4.219409282700422e-06	0.002367088607594937
M17	M94	15	277	375	50560	3.332985263790259e-09	4.219409282700422e-06	0.0023713080168776372
G40	I69	8	810	25	50560	3.5640395204951755e-09	4.219409282700422e-06	0.0023755274261603376
H66	H91	14	173	516	50560	3.6573759130578007e-09	4.219409282700422e-06	0.002379746835443038
F43	F44	9	797	36	50560	3.697248642156303e-09	4.219409282700422e-06	0.0023839662447257383
E04	E05	9	193	139	50560	3.813287684591224e-09	4.219409282700422e-06	0.0023881856540084387
K70	K72	6	334	21	50560	3.966075555762231e-09	4.219409282700422e-06	0.002392405063291139
I10	K70	36	1789	334	50560	4.040221573128878e-09	4.219409282700422e-06	0.00239662447257384
M25	M53	16	375	326	50560	4.073772368276059e-09	4.219409282700422e-06	0.00240084388185654
M22	M71	11	303	160	50560	4.199159199916169e-09	4.219409282700422e-06	0.0024050632911392406
M50	M54	29	203	2051	50560	4.363954026118186e-09	4.219409282700422e-06	0.002409282700421941
G45	I63	7	134	91	50560	5.27251697863706e-09	4.219409282700422e-06	0.0024135021097046413
D64	A41	6	102	68	50560	5.7442015214888525e-09	4.219409282700422e-06	0.0024177215189873417
B44	J34	7	8	2519	50560	5.7848069783618956e-09	4.219409282700422e-06	0.002421940928270042
E79	E87	11	600	85	50560	5.793742878330124e-09	4.219409282700422e-06	0.0024261603375527424
D13	K44	9	45	666	50560	6.57099693525131e-09	4.219409282700422e-06	0.002430379746835443
M25	M67	21	375	604	50560	7.4014121016044345e-09	4.219409282700422e-06	0.0024345991561181436
H81	H93	18	331	501	50560	8.078936393311959e-09	4.219409282700422e-06	0.002438818565400844
H65	H71	6	117	64	50560	9.064040338085697e-09	4.219409282700422e-06	0.0024430379746835443
E78	M51	146	2258	2023	50560	9.536352176879546e-09	4.219409282700422e-06	0.0024472573839662446
K05	K12	6	46	166	50560	9.609248831428109e-09	4.219409282700422e-06	0.002451476793248945
E78	M10	19	2258	88	50560	9.614043537076935e-09	4.219409282700422e-06	0.0024556962025316454
F17	G40	51	1316	810	50560	9.918291927308367e-09	4.219409282700422e-06	0.002459915611814346
H61	H90	7	89	151	50560	1.0340256048866043e-08	4.219409282700422e-06	0.0024641350210970465
J30	J33	11	203	260	50560	1.0348783659481682e-08	4.219409282700422e-06	0.002468354430379747
I25	I34	8	344	62	50560	1.039792013606321e-08	4.219409282700422e-06	0.0024725738396624473
D69	J96	6	109	71	50560	1.1161919754868146e-08	4.219409282700422e-06	0.0024767932489451476
I48	I50	7	182	75	50560	1.1260080302238035e-08	4.219409282700422e-06	0.002481012658227848
K21	K52	45	1012	871	50560	1.1397972263335903e-08	4.219409282700422e-06	0.0024852320675105483
G45	I10	21	134	1789	50560	1.140666000243449e-08	4.219409282700422e-06	0.002489451476793249
G40	I61	9	810	40	50560	1.166560707245674e-08	4.219409282700422e-06	0.0024936708860759495
H33	H40	7	176	79	50560	1.2893096118782872e-08	4.219409282700422e-06	0.00249789029535865
K70	K71	11	334	162	50560	1.3054849572730822e-08	4.219409282700422e-06	0.0025021097046413502
M21	M24	10	93	455	50560	1.3107879935815048e-08	4.219409282700422e-06	0.0025063291139240506
F32	L21	9	927	36	50560	1.3607951354169656e-08	4.219409282700422e-06	0.002510548523206751
F19	F33	14	376	262	50560	1.364264053328433e-08	4.219409282700422e-06	0.0025147679324894513
F32	K76	49	927	1092	50560	1.3777569815077057e-08	4.219409282700422e-06	0.0025189873417721517
E87	F10	18	85	2140	50560	1.4250889074565946e-08	4.219409282700422e-06	0.0025232067510548525
D69	K76	15	109	1092	50560	1.447729498842413e-08	4.219409282700422e-06	0.002527426160337553
L20	B00	6	68	119	50560	1.4540837784249099e-08	4.219409282700422e-06	0.002531645569620253
K01	K05	6	178	46	50560	1.457897552619412e-08	4.219409282700422e-06	0.0025358649789029536
K81	K85	9	110	286	50560	1.4738771310815652e-08	4.219409282700422e-06	0.002540084388185654
M43	M47	8	101	218	50560	1.5043441600389102e-08	4.219409282700422e-06	0.0025443037974683543
I10	I64	12	1789	42	50560	1.5318871371915612e-08	4.219409282700422e-06	0.0025485232067510547
I26	J90	7	150	95	50560	1.560333466723635e-08	4.219409282700422e-06	0.0025527426160337555
M41	M53	8	69	326	50560	1.6289524230144278e-08	4.219409282700422e-06	0.002556962025316456
N18	N39	9	115	277	50560	1.6542844061648823e-08	4.219409282700422e-06	0.002561181434599156
E11	F17	29	332	1316	50560	1.831646990922257e-08	4.219409282700422e-06	0.0025654008438818566
K83	K85	7	52	286	50560	1.8530515205718905e-08	4.219409282700422e-06	0.002569620253164557
E11	E88	8	332	69	50560	1.875671896557518e-08	4.219409282700422e-06	0.0025738396624472573
B24	J18	12	113	631	50560	2.0234333846075887e-08	4.219409282700422e-06	0.0025780590717299576
E78	I64	13	2258	42	50560	2.0539812672946696e-08	4.219409282700422e-06	0.002582278481012658
F10	I85	10	2140	24	50560	2.0552528133765386e-08	4.219409282700422e-06	0.002586497890295359
N20	N21	8	1417	19	50560	2.1423968958829223e-08	4.219409282700422e-06	0.002590717299578059
N18	I50	6	115	75	50560	2.150218005726623e-08	4.219409282700422e-06	0.0025949367088607595
F12	F23	7	86	175	50560	2.2514443241709356e-08	4.219409282700422e-06	0.00259915611814346
D69	G40	13	109	810	50560	2.3725383714194215e-08	4.219409282700422e-06	0.0026033755274261603
I25	I49	10	344	130	50560	2.4140775276396696e-08	4.219409282700422e-06	0.0026075949367088606
A46	L30	10	334	134	50560	2.4462266552511118e-08	4.219409282700422e-06	0.002611814345991561
I31	I51	6	62	143	50560	2.4850670742689545e-08	4.219409282700422e-06	0.0026160337552742618
I85	K76	8	24	1092	50560	2.4973261574624384e-08	4.219409282700422e-06	0.002620253164556962
I80	I82	9	299	113	50560	2.7346584352719322e-08	4.219409282700422e-06	0.0026244725738396625
J03	J36	15	358	340	50560	2.7731259977361e-08	4.219409282700422e-06	0.002628691983122363
E78	I47	25	2258	156	50560	3.06635292655078e-08	4.219409282700422e-06	0.0026329113924050632
F43	F45	19	797	255	50560	3.145752927700819e-08	4.219409282700422e-06	0.0026371308016877636
D50	K50	8	113	215	50560	3.273884769001325e-08	4.219409282700422e-06	0.002641350210970464
F11	K73	6	177	53	50560	3.3857291567463304e-08	4.219409282700422e-06	0.0026455696202531643
J32	J45	26	1018	363	50560	3.4021494288205756e-08	4.219409282700422e-06	0.002649789029535865
J30	J35	22	203	1356	50560	3.561862020770066e-08	4.219409282700422e-06	0.0026540084388185655
D23	H10	6	172	55	50560	3.5850691384857564e-08	4.219409282700422e-06	0.002658227848101266
F19	F61	7	376	44	50560	3.598170463559535e-08	4.219409282700422e-06	0.002662447257383966
J01	J06	11	226	264	50560	3.6521294532205254e-08	4.219409282700422e-06	0.0026666666666666666
F32	F63	9	927	40	50560	3.70139247042803e-08	4.219409282700422e-06	0.002670886075949367
N18	E78	21	115	2258	50560	3.763940195291005e-08	4.219409282700422e-06	0.0026751054852320673
M19	M65	13	212	427	50560	3.921233348882983e-08	4.219409282700422e-06	0.002679324894514768
J02	J03	9	99	358	50560	4.000971954721175e-08	4.219409282700422e-06	0.0026835443037974685
K01	K08	7	178	92	50560	4.053666623885649e-08	4.219409282700422e-06	0.002687763713080169
I34	I47	6	62	156	50560	4.174463892666599e-08	4.219409282700422e-06	0.002691983122362869
K56	K57	11	199	304	50560	4.17464082210583e-08	4.219409282700422e-06	0.0026962025316455696
I21	I50	7	222	75	50560	4.4084931530401684e-08	4.219409282700422e-06	0.00270042194092827
F72	G40	6	14	810	50560	4.4673433265740634e-08	4.219409282700422e-06	0.0027046413502109703
I11	I25	8	75	344	50560	4.805008916706026e-08	4.219409282700422e-06	0.002708860759493671
I50	J44	7	75	226	50560	4.980521535750701e-08	4.219409282700422e-06	0.0027130801687763714
F32	G44	22	927	300	50560	5.101823797837601e-08	4.219409282700422e-06	0.002717299578059072
D69	K70	9	109	334	50560	5.13831777062782e-08	4.219409282700422e-06	0.002721518987341772
I10	I67	14	1789	65	50560	5.1490698352308065e-08	4.219409282700422e-06	0.0027257383966244725
B99	J40	7	159	107	50560	5.334902784498201e-08	4.219409282700422e-06	0.002729957805907173
B18	F60	15	349	367	50560	5.4026384805281827e-08	4.219409282700422e-06	0.0027341772151898733
K21	K92	23	1012	301	50560	5.819381355394883e-08	4.219409282700422e-06	0.0027383966244725736
F12	F32	12	86	927	50560	5.9351456454246815e-08	4.219409282700422e-06	0.0027426160337552744
F19	G40	23	376	810	50560	6.180682333293007e-08	4.219409282700422e-06	0.002746835443037975
K50	K60	14	215	519	50560	6.213539051416041e-08	4.219409282700422e-06	0.002751054852320675
H40	H52	7	79	223	50560	6.54080016363366e-08	4.219409282700422e-06	0.0027552742616033755
F17	K21	57	1316	1012	50560	6.557968572081493e-08	4.219409282700422e-06	0.002759493670886076
M24	M66	8	455	60	50560	6.873604311630172e-08	4.219409282700422e-06	0.0027637130801687762
F22	F32	11	71	927	50560	6.979580985864153e-08	4.219409282700422e-06	0.0027679324894514766
M24	M94	17	455	375	50560	7.299889562818864e-08	4.219409282700422e-06	0.0027721518987341774
D52	G40	6	15	810	50560	7.344297471664084e-08	4.219409282700422e-06	0.0027763713080168778
I85	K29	9	24	1804	50560	7.393283979366896e-08	4.219409282700422e-06	0.002780590717299578
F31	F32	14	124	927	50560	7.428598176334125e-08	4.219409282700422e-06	0.0027848101265822785
E78	I24	8	2258	15	50560	7.58932374646097e-08	4.219409282700422e-06	0.002789029535864979
N13	N39	16	547	277	50560	7.862214884802188e-08	4.219409282700422e-06	0.002793248945147679
D12	K57	9	126	304	50560	8.120711005577468e-08	4.219409282700422e-06	0.0027974683544303796
K04	K07	8	192	143	50560	8.568980309514636e-08	4.219409282700422e-06	0.00280168776371308
F34	F43	12	103	797	50560	8.952596357263344e-08	4.219409282700422e-06	0.0028059071729957807
G40	K76	43	810	1092	50560	9.365650917108063e-08	4.219409282700422e-06	0.002810126582278481
E79	K29	49	600	1804	50560	9.395745681949778e-08	4.219409282700422e-06	0.0028143459915611815
F07	F10	16	76	2140	50560	9.766717698732639e-08	4.219409282700422e-06	0.002818565400843882
K71	K76	17	162	1092	50560	9.81442727042459e-08	4.219409282700422e-06	0.002822784810126582
M65	M93	11	427	155	50560	9.986159711667098e-08	4.219409282700422e-06	0.0028270042194092826
F06	G40	8	37	810	50560	1.0735561951257469e-07	4.219409282700422e-06	0.002831223628691983
B34	D69	6	104	109	50560	1.1164078313525993e-07	4.219409282700422e-06	0.0028354430379746837
F32	F42	7	927	23	50560	1.2922177747554148e-07	4.219409282700422e-06	0.002839662447257384
F40	F41	7	46	434	50560	1.312179858923375e-07	4.219409282700422e-06	0.0028438818565400844
N32	N39	6	43	277	50560	1.317257168668894e-07	4.219409282700422e-06	0.002848101265822785
N19	I10	10	33	1789	50560	1.3184756024204652e-07	4.219409282700422e-06	0.002852320675105485
M24	M62	9	455	90	50560	1.3268617225397067e-07	4.219409282700422e-06	0.0028565400843881855
F17	G47	51	1316	880	50560	1.349516930802262e-07	4.219409282700422e-06	0.002860759493670886
F32	F40	9	927	46	50560	1.3516437600312814e-07	4.219409282700422e-06	0.0028649789029535867
F19	K73	7	376	53	50560	1.366530460476904e-07	4.219409282700422e-06	0.002869198312236287
D50	K51	7	113	173	50560	1.3836345164482162e-07	4.219409282700422e-06	0.0028734177215189874
F10	K74	12	2140	43	50560	1.4471550451038014e-07	4.219409282700422e-06	0.002877637130801688
D69	F10	19	109	2140	50560	1.5543505559820895e-07	4.219409282700422e-06	0.002881856540084388
E66	K42	27	1109	386	50560	1.6845750989507044e-07	4.219409282700422e-06	0.0028860759493670885
J20	J96	6	172	71	50560	1.693234061452789e-07	4.219409282700422e-06	0.002890295358649789
H83	H91	9	82	516	50560	1.6970780844117366e-07	4.219409282700422e-06	0.0028945147679324892
K51	K62	10	173	318	50560	1.7293695325657409e-07	4.219409282700422e-06	0.00289873417721519
N46	N50	7	256	80	50560	1.822154997100285e-07	4.219409282700422e-06	0.0029029535864978904
N39	N41	8	277	110	50560	1.8544974088609582e-07	4.219409282700422e-06	0.0029071729957805908
H83	H90	6	82	151	50560	1.86467139258649e-07	4.219409282700422e-06	0.002911392405063291
D50	I84	15	113	1286	50560	1.9649240257662068e-07	4.219409282700422e-06	0.0029156118143459915
K29	K57	31	1804	304	50560	1.97704595002933e-07	4.219409282700422e-06	0.002919831223628692
J35	J39	10	1356	44	50560	2.0160292600927854e-07	4.219409282700422e-06	0.0029240506329113922
G40	G81	8	810	40	50560	2.049695874125294e-07	4.219409282700422e-06	0.002928270042194093
N20	E79	41	1417	600	50560	2.165221217070142e-07	4.219409282700422e-06	0.0029324894514767934
F17	I73	11	1316	57	50560	2.1953947040980603e-07	4.219409282700422e-06	0.0029367088607594937
J90	J98	6	95	134	50560	2.2173032406610954e-07	4.219409282700422e-06	0.002940928270042194
B35	B00	6	107	119	50560	2.2282161030419452e-07	4.219409282700422e-06	0.0029451476793248945
D13	K21	9	45	1012	50560	2.3111702293361098e-07	4.219409282700422e-06	0.002949367088607595
B99	J03	10	159	358	50560	2.342592399576057e-07	4.219409282700422e-06	0.002953586497890295
E86	K56	6	65	199	50560	2.3468167054626563e-07	4.219409282700422e-06	0.0029578059071729956
K50	K52	17	215	871	50560	2.4475031164320917e-07	4.219409282700422e-06	0.0029620253164556964
E79	K21	33	600	1012	50560	2.507704568760978e-07	4.219409282700422e-06	0.0029662447257383967
B35	I80	8	107	299	50560	2.674548065132641e-07	4.219409282700422e-06	0.002970464135021097
K07	K08	6	143	92	50560	2.6887085822368466e-07	4.219409282700422e-06	0.0029746835443037974
M21	M23	21	93	3196	50560	2.713285065317419e-07	4.219409282700422e-06	0.002978902953586498
K02	K09	6	185	72	50560	2.828445743835703e-07	4.219409282700422e-06	0.002983122362869198
N20	N28	13	1417	79	50560	2.955522496216754e-07	4.219409282700422e-06	0.0029873417721518985
G40	G93	10	810	74	50560	3.0054782737380287e-07	4.219409282700422e-06	0.0029915611814345993
G47	I10	62	880	1789	50560	3.057431679214117e-07	4.219409282700422e-06	0.0029957805907172997
F31	F33	8	124	262	50560	3.062628651752609e-07	4.219409282700422e-06	0.003
A41	K56	6	68	199	50560	3.0794778800504887e-07	4.219409282700422e-06	0.0030042194092827004
N17	I10	13	64	1789	50560	3.184566823855371e-07	4.219409282700422e-06	0.003008438818565401
J15	J18	12	145	631	50560	3.22269792401696e-07	4.219409282700422e-06	0.003012658227848101
M43	M53	8	101	326	50560	3.292958905328863e-07	4.219409282700422e-06	0.0030168776371308015
I21	I31	6	222	62	50560	3.352943975156465e-07	4.219409282700422e-06	0.003021097046413502
E78	H81	37	2258	331	50560	3.48720470846701e-07	4.219409282700422e-06	0.0030253164556962027
F12	F17	13	86	1316	50560	3.5525564107117833e-07	4.219409282700422e-06	0.003029535864978903
B24	A16	6	113	122	50560	3.5677199087161506e-07	4.219409282700422e-06	0.0030337552742616034
F32	G31	6	927	17	50560	3.892564469987293e-07	4.219409282700422e-06	0.0030379746835443038
F32	I10	64	927	1789	50560	4.0112457881142704e-07	4.219409282700422e-06	0.003042194092827004
H66	H83	6	173	82	50560	4.152708588618525e-07	4.219409282700422e-06	0.0030464135021097045
F30	F60	6	40	367	50560	4.3762615996823984e-07	4.219409282700422e-06	0.003050632911392405
H18	H52	6	65	223	50560	4.5745936762689205e-07	4.219409282700422e-06	0.0030548523206751057
F10	F25	19	2140	117	50560	4.880369514887856e-07	4.219409282700422e-06	0.003059071729957806
N04	I10	8	22	1789	50560	4.963053716876576e-07	4.219409282700422e-06	0.0030632911392405064
E78	F45	31	2258	255	50560	4.96397930780067e-07	4.219409282700422e-06	0.0030675105485232067
F19	J69	6	376	40	50560	5.039705172798195e-07	4.219409282700422e-06	0.003071729957805907
E66	M10	12	1109	88	50560	5.194789753142264e-07	4.219409282700422e-06	0.0030759493670886075
F17	I31	11	1316	62	50560	5.370328130552351e-07	4.219409282700422e-06	0.003080168776371308
J20	J45	10	172	363	50560	5.496970966800062e-07	4.219409282700422e-06	0.0030843881856540086
F17	J06	23	1316	264	50560	5.513364563762561e-07	4.219409282700422e-06	0.003088607594936709
F45	K29	27	255	1804	50560	5.645455662728177e-07	4.219409282700422e-06	0.0030928270042194094
E86	A09	8	65	553	50560	5.68730919477159e-07	4.219409282700422e-06	0.0030970464135021097
F20	F22	7	343	71	50560	5.700663605213424e-07	4.219409282700422e-06	0.00310126582278481
J40	J44	7	107	226	50560	5.797091834025647e-07	4.219409282700422e-06	0.0031054852320675105
D23	H11	6	172	88	50560	6.108248201988962e-07	4.219409282700422e-06	0.003109704641350211
F10	L71	7	2140	14	50560	6.361458072024872e-07	4.219409282700422e-06	0.003113924050632911
K51	K63	9	173	282	50560	6.411631419139304e-07	4.219409282700422e-06	0.003118143459915612
K08	K12	6	92	166	50560	6.457986631891015e-07	4.219409282700422e-06	0.0031223628691983123
G47	J30	16	880	203	50560	6.551942274473741e-07	4.219409282700422e-06	0.0031265822784810127
E03	I25	8	105	344	50560	6.653451519283252e-07	4.219409282700422e-06	0.003130801687763713
E66	I51	15	1109	143	50560	6.689072257908689e-07	4.219409282700422e-06	0.0031350210970464134
E78	K85	33	2258	286	50560	7.178414988087265e-07	4.219409282700422e-06	0.003139240506329114
I84	K29	81	1286	1804	50560	7.494829314182053e-07	4.219409282700422e-06	0.003143459915611814
I10	J81	6	1789	11	50560	7.715667408055542e-07	4.219409282700422e-06	0.003147679324894515
F17	J40	14	1316	107	50560	7.829127119441956e-07	4.219409282700422e-06	0.0031518987341772153
F71	G40	7	33	810	50560	7.846041038473186e-07	4.219409282700422e-06	0.0031561181434599157
F14	F60	6	44	367	50560	7.853791773895677e-07	4.219409282700422e-06	0.003160337552742616
E66	K80	45	1109	924	50560	7.987845045198095e-07	4.219409282700422e-06	0.0031645569620253164
N43	N45	9	215	233	50560	8.057417812563419e-07	4.219409282700422e-06	0.0031687763713080168
M67	M94	18	604	375	50560	8.302769143993446e-07	4.219409282700422e-06	0.003172995780590717
N41	N45	7	110	233	50560	8.576831203035535e-07	4.219409282700422e-06	0.0031772151898734175
D22	L72	11	182	451	50560	8.592749011607784e-07	4.219409282700422e-06	0.0031814345991561183
J31	J35	10	51	1356	50560	8.756864978024577e-07	4.219409282700422e-06	0.0031856540084388187
N39	G82	6	277	59	50560	9.04636316483048e-07	4.219409282700422e-06	0.003189873417721519
E03	I10	16	105	1789	50560	9.062843191513426e-07	4.219409282700422e-06	0.0031940928270042194
K29	K50	24	1804	215	50560	9.133114874149074e-07	4.219409282700422e-06	0.0031983122362869197
K20	K76	9	49	1092	50560	9.363125871695283e-07	4.219409282700422e-06	0.00320253164556962
J02	L50	6	99	167	50560	1.0312596711683513e-06	4.219409282700422e-06	0.0032067510548523205
F33	F45	10	262	255	50560	1.0371632217474052e-06	4.219409282700422e-06	0.0032109704641350213
I31	J18	8	62	631	50560	1.0526073723750411e-06	4.219409282700422e-06	0.0032151898734177216
F17	F45	22	1316	255	50560	1.1355655344987037e-06	4.219409282700422e-06	0.003219409282700422
G44	J01	10	300	226	50560	1.1810449564081719e-06	4.219409282700422e-06	0.0032236286919831224
F51	G47	6	21	880	50560	1.186381822915421e-06	4.219409282700422e-06	0.0032278481012658227
J20	J44	8	172	226	50560	1.2088479868127169e-06	4.219409282700422e-06	0.003232067510548523
F17	M47	20	1316	218	50560	1.3310304163242324e-06	4.219409282700422e-06	0.0032362869198312235
G58	I20	7	119	230	50560	1.3374780967226312e-06	4.219409282700422e-06	0.0032405063291139242
K44	K63	16	666	282	50560	1.3509820270239257e-06	4.219409282700422e-06	0.0032447257383966246
I10	I70	11	1789	51	50560	1.364622123370122e-06	4.219409282700422e-06	0.003248945147679325
I25	I47	9	344	156	50560	1.3959727096125897e-06	4.219409282700422e-06	0.0032531645569620253
A16	J44	7	122	226	50560	1.4070777439239184e-06	4.219409282700422e-06	0.0032573839662447257
I45	I48	6	96	182	50560	1.4193407896384009e-06	4.219409282700422e-06	0.003261603375527426
F17	F43	45	1316	797	50560	1.456472085783367e-06	4.219409282700422e-06	0.0032658227848101264
F44	G40	7	36	810	50560	1.4704513095165582e-06	4.219409282700422e-06	0.003270042194092827
F41	K70	14	434	334	50560	1.4925011154775674e-06	4.219409282700422e-06	0.0032742616033755276
N35	N47	11	135	648	50560	1.5019083908556031e-06	4.219409282700422e-06	0.003278481012658228
E73	K52	8	48	871	50560	1.54164610924335e-06	4.219409282700422e-06	0.0032827004219409283
I10	I34	12	1789	62	50560	1.5551877165310364e-06	4.219409282700422e-06	0.0032869198312236287
D38	J18	7	46	631	50560	1.6011064455967298e-06	4.219409282700422e-06	0.003291139240506329
F10	F14	11	2140	44	50560	1.6032865110646632e-06	4.219409282700422e-06	0.0032953586497890294
K44	K85	16	666	286	50560	1.6226827542079638e-06	4.219409282700422e-06	0.0032995780590717298
F17	I49	15	1316	130	50560	1.6301216214933688e-06	4.219409282700422e-06	0.0033037974683544306
E87	K70	7	85	334	50560	1.6365083376858678e-06	4.219409282700422e-06	0.003308016877637131
K60	K63	14	519	282	50560	1.6494470505313938e-06	4.219409282700422e-06	0.0033122362869198313
F19	K70	13	376	334	50560	1.6571961380791787e-06	4.219409282700422e-06	0.0033164556962025317
F20	F60	13	343	367	50560	1.7014707509094077e-06	4.219409282700422e-06	0.003320675105485232
M47	M53	10	218	326	50560	1.7975898965482685e-06	4.219409282700422e-06	0.0033248945147679324
F45	F48	6	255	72	50560	1.8348651720261647e-06	4.219409282700422e-06	0.0033291139240506328
I21	I49	7	222	130	50560	1.9129448726247042e-06	4.219409282700422e-06	0.003333333333333333
N05	I10	9	34	1789	50560	2.005770797208229e-06	4.219409282700422e-06	0.0033417721518987343
I10	I65	9	1789	34	50560	2.005770797208229e-06	4.219409282700422e-06	0.003337552742616034
J32	K04	16	1018	192	50560	2.057077339212668e-06	4.219409282700422e-06	0.0033459915611814346
K56	K59	8	199	210	50560	2.0796721366925163e-06	4.219409282700422e-06	0.003350210970464135
K26	K65	6	214	88	50560	2.175155590358416e-06	4.219409282700422e-06	0.0033544303797468354
F19	B16	7	376	79	50560	2.177364474299562e-06	4.219409282700422e-06	0.0033586497890295357
E03	E14	6	105	179	50560	2.1790277341182444e-06	4.219409282700422e-06	0.003362869198312236
F17	K85	23	1316	286	50560	2.1874915954342703e-06	4.219409282700422e-06	0.003367088607594937
I10	I48	21	1789	182	50560	2.2154398534888215e-06	4.219409282700422e-06	0.0033713080168776373
I10	M53	30	1789	326	50560	2.234426300958537e-06	4.219409282700422e-06	0.0033755274261603376
H52	H53	6	223	85	50560	2.2507652111428964e-06	4.219409282700422e-06	0.003379746835443038
F20	F70	6	343	56	50560	2.2767093148563552e-06	4.219409282700422e-06	0.0033839662447257383
M42	M50	7	146	203	50560	2.2940998270362734e-06	4.219409282700422e-06	0.0033881856540084387
E11	I21	10	332	222	50560	2.4882819326325753e-06	4.219409282700422e-06	0.003392405063291139
F10	I10	117	2140	1789	50560	2.5589490447496002e-06	4.219409282700422e-06	0.0033966244725738394
F10	F40	11	2140	46	50560	2.5797214756790237e-06	4.219409282700422e-06	0.0034008438818565402
B18	F10	35	349	2140	50560	2.6061042898103045e-06	4.219409282700422e-06	0.0034050632911392406
H10	J45	6	55	363	50560	2.8319146497006682e-06	4.219409282700422e-06	0.003409282700421941
H90	J30	7	151	203	50560	2.8692826251219314e-06	4.219409282700422e-06	0.0034135021097046413
F17	J20	17	1316	172	50560	2.961502834833805e-06	4.219409282700422e-06	0.0034177215189873417
E79	I11	8	600	75	50560	3.1514033429038926e-06	4.219409282700422e-06	0.003421940928270042
F10	G31	7	2140	17	50560	3.221917722030054e-06	4.219409282700422e-06	0.0034261603375527424
D75	F17	8	36	1316	50560	3.2629413375276266e-06	4.219409282700422e-06	0.003430379746835443
D22	D23	7	182	172	50560	3.304218431352576e-06	4.219409282700422e-06	0.0034345991561181436
D13	K29	10	45	1804	50560	3.322879200504561e-06	4.219409282700422e-06	0.003438818565400844
F60	F70	6	367	56	50560	3.357048354534216e-06	4.219409282700422e-06	0.0034430379746835443
F33	F41	12	262	434	50560	3.3868552404943513e-06	4.219409282700422e-06	0.0034472573839662447
K21	K58	14	1012	156	50560	3.484692196619207e-06	4.219409282700422e-06	0.003451476793248945
J40	K76	12	107	1092	50560	3.6641387162069764e-06	4.219409282700422e-06	0.0034556962025316454
K44	K51	12	666	173	50560	3.664249375778133e-06	4.219409282700422e-06	0.003459915611814346
K52	K76	41	871	1092	50560	3.831240122383804e-06	4.219409282700422e-06	0.0034641350210970465
I42	J18	10	124	631	50560	3.896732593747248e-06	4.219409282700422e-06	0.003468354430379747
N43	K40	24	215	1966	50560	3.9939142408665765e-06	4.219409282700422e-06	0.0034725738396624473
F17	J42	8	1316	37	50560	4.068098651990577e-06	4.219409282700422e-06	0.0034767932489451476
E03	E78	17	105	2258	50560	4.102985868670114e-06	4.219409282700422e-06	0.003481012658227848
G93	J18	8	74	631	50560	4.1152885025019045e-06	4.219409282700422e-06	0.0034852320675105484
F17	M79	19	1316	215	50560	4.208521594654295e-06	4.219409282700422e-06	0.0034894514767932487
