ICD1	ICD2	val11	occ1	occ2	NN	pval	bonf_thresh	fdr_thresh
H65	J35	3858	5037	8691	49230	0.0	5.2659294365455505e-06	5.2659294365455505e-06
E86	A08	1422	2657	6031	49230	0.0	5.2659294365455505e-06	1.0531858873091101e-05
K02	K04	442	1914	660	49230	0.0	5.2659294365455505e-06	1.579778830963665e-05
N13	N39	398	963	2832	49230	6.306646699856892e-237	5.2659294365455505e-06	2.1063717746182202e-05
K02	K08	189	1914	221	49230	3.3319476284009153e-233	5.2659294365455505e-06	2.6329647182727753e-05
E86	A09	782	2657	4578	49230	1.0443577815594334e-205	5.2659294365455505e-06	3.15955766192733e-05
J00	J20	411	1670	3273	49230	7.732490167454939e-126	5.2659294365455505e-06	3.686150605581886e-05
H50	H52	72	564	125	49230	7.00553676930322e-107	5.2659294365455505e-06	4.2127435492364404e-05
K04	K08	88	660	221	49230	1.556319523569374e-105	5.2659294365455505e-06	4.739336492890995e-05
J18	J20	437	2184	3273	49230	1.1068805581307547e-100	5.2659294365455505e-06	5.2659294365455505e-05
H65	H90	179	5037	306	49230	4.541981895727286e-96	5.2659294365455505e-06	5.792522380200106e-05
E86	E87	165	2657	462	49230	2.1191146992762315e-89	5.2659294365455505e-06	6.31911532385466e-05
E87	A08	227	462	6031	49230	1.410955437600293e-84	5.2659294365455505e-06	6.845708267509215e-05
H90	J35	203	306	8691	49230	2.3010994947643014e-79	5.2659294365455505e-06	7.372301211163771e-05
N10	N39	177	663	2832	49230	1.186377300186105e-68	5.2659294365455505e-06	7.898894154818326e-05
G80	G82	37	154	108	49230	1.8478964892367025e-66	5.2659294365455505e-06	8.425487098472881e-05
G40	G41	55	1089	100	49230	5.691316093400585e-64	5.2659294365455505e-06	8.952080042127436e-05
N10	N13	105	663	963	49230	1.9094533860575534e-62	5.2659294365455505e-06	9.47867298578199e-05
G80	M62	30	154	71	49230	3.0695899601962127e-57	5.2659294365455505e-06	0.00010005265929436546
J15	J20	196	824	3273	49230	9.606666786722427e-57	5.2659294365455505e-06	0.00010531858873091101
F80	F83	40	211	206	49230	1.6203636397935206e-54	5.2659294365455505e-06	0.00011058451816745656
H50	H53	37	564	75	49230	1.0732299256462572e-51	5.2659294365455505e-06	0.00011585044760400212
N13	N28	47	963	110	49230	1.5735760319635626e-50	5.2659294365455505e-06	0.00012111637704054767
K59	K60	48	1081	109	49230	5.698513526799116e-50	5.2659294365455505e-06	0.0001263823064770932
G51	A69	26	145	66	49230	2.2001664032597356e-49	5.2659294365455505e-06	0.00013164823591363877
F83	G40	60	206	1089	49230	2.6436152526093193e-49	5.2659294365455505e-06	0.0001369141653501843
K02	K12	79	1914	259	49230	7.569392189942873e-48	5.2659294365455505e-06	0.00014218009478672987
G40	G82	44	1089	108	49230	6.419425825914402e-44	5.2659294365455505e-06	0.00014744602422327543
H61	J35	121	198	8691	49230	2.7391087340387408e-42	5.2659294365455505e-06	0.00015271195365982096
H52	H53	22	125	75	49230	5.23318816246928e-40	5.2659294365455505e-06	0.00015797788309636652
E10	E16	25	180	94	49230	6.935657560983823e-40	5.2659294365455505e-06	0.00016324381253291206
N10	B96	33	663	88	49230	7.022423484201872e-39	5.2659294365455505e-06	0.00016850974196945762
B37	L22	84	1048	692	49230	4.789969490059364e-38	5.2659294365455505e-06	0.00017377567140600318
G82	M62	20	108	71	49230	2.118359904501377e-37	5.2659294365455505e-06	0.0001790416008425487
G40	G80	44	1089	154	49230	4.551084344268897e-36	5.2659294365455505e-06	0.00018430753027909427
G91	G93	22	123	113	49230	9.379350419128683e-36	5.2659294365455505e-06	0.0001895734597156398
B37	J20	187	1048	3273	49230	1.82222991125095e-35	5.2659294365455505e-06	0.00019483938915218537
N31	N39	51	104	2832	49230	2.789722514335617e-35	5.2659294365455505e-06	0.00020010531858873093
E10	E14	18	180	36	49230	4.873272909469906e-35	5.2659294365455505e-06	0.00020537124802527646
J45	J46	31	778	82	49230	1.3977473441334525e-34	5.2659294365455505e-06	0.00021063717746182202
G40	G93	38	1089	113	49230	2.3710339804996177e-34	5.2659294365455505e-06	0.00021590310689836758
F89	G40	39	126	1089	49230	1.2632636936868577e-33	5.2659294365455505e-06	0.00022116903633491312
J00	L22	98	1670	692	49230	4.43942922384999e-33	5.2659294365455505e-06	0.00022643496577145868
H70	K04	29	90	660	49230	4.1110795103737096e-32	5.2659294365455505e-06	0.00023170089520800424
H10	J00	75	423	1670	49230	4.963557789519546e-32	5.2659294365455505e-06	0.00023696682464454977
H66	J06	196	1457	2675	49230	6.64277163885195e-32	5.2659294365455505e-06	0.00024223275408109533
F80	F82	22	211	97	49230	6.8003955960986e-32	5.2659294365455505e-06	0.0002474986835176409
J30	J45	31	101	778	49230	2.7080719072529825e-31	5.2659294365455505e-06	0.0002527646129541864
N12	N39	60	174	2832	49230	9.804426822732303e-31	5.2659294365455505e-06	0.00025803054239073196
C71	D43	12	69	19	49230	1.0434292451242239e-30	5.2659294365455505e-06	0.00026329647182727755
F41	K02	30	49	1914	49230	3.6291440513227965e-30	5.2659294365455505e-06	0.0002685624012638231
J20	L22	135	3273	692	49230	7.960508929054986e-30	5.2659294365455505e-06	0.0002738283307003686
J18	J45	115	2184	778	49230	8.525493882467683e-30	5.2659294365455505e-06	0.0002790942601369142
E84	J96	23	88	354	49230	1.405101908118605e-29	5.2659294365455505e-06	0.00028436018957345974
H90	H91	24	306	118	49230	1.821110787101178e-29	5.2659294365455505e-06	0.00028962611901000527
N39	A41	68	2832	235	49230	2.2759257195566367e-29	5.2659294365455505e-06	0.00029489204844655086
N28	N39	47	110	2832	49230	3.069643296337342e-29	5.2659294365455505e-06	0.0003001579778830964
L22	A09	163	692	4578	49230	5.022149662823616e-29	5.2659294365455505e-06	0.0003054239073196419
H66	J00	141	1457	1670	49230	6.230464429076206e-29	5.2659294365455505e-06	0.00031068983675618746
N39	B96	42	2832	88	49230	1.073839289650224e-28	5.2659294365455505e-06	0.00031595576619273305
N17	D59	10	24	28	49230	1.112783806447939e-27	5.2659294365455505e-06	0.0003212216956292786
J18	J44	117	2184	848	49230	1.4100843604935534e-27	5.2659294365455505e-06	0.0003264876250658241
F84	G40	31	101	1089	49230	7.023771589057657e-27	5.2659294365455505e-06	0.0003317535545023697
K35	K65	17	770	23	49230	1.557903024193781e-26	5.2659294365455505e-06	0.00033701948393891523
H66	J20	210	1457	3273	49230	1.6787096879821124e-26	5.2659294365455505e-06	0.00034228541337546077
F83	F89	20	206	126	49230	6.084271274293091e-26	5.2659294365455505e-06	0.00034755134281200636
N10	A41	35	663	235	49230	7.296232366732907e-26	5.2659294365455505e-06	0.0003528172722485519
J45	L20	43	778	340	49230	1.0176184501417633e-25	5.2659294365455505e-06	0.0003580832016850974
G80	G81	16	154	71	49230	1.0412719710988673e-25	5.2659294365455505e-06	0.000363349131121643
C91	C95	10	90	14	49230	2.47270337571757e-25	5.2659294365455505e-06	0.00036861506055818854
I42	I50	9	31	21	49230	1.2608143770331644e-24	5.2659294365455505e-06	0.0003738809899947341
J18	J90	29	2184	58	49230	4.165046252742173e-24	5.2659294365455505e-06	0.0003791469194312796
C71	G93	14	69	113	49230	6.798868373489445e-24	5.2659294365455505e-06	0.0003844128488678252
H66	J18	155	1457	2184	49230	8.3766949577367e-24	5.2659294365455505e-06	0.00038967877830437073
M13	M25	16	128	111	49230	1.0941838323756629e-23	5.2659294365455505e-06	0.00039494470774091627
E87	A09	116	462	4578	49230	1.7632764747484707e-23	5.2659294365455505e-06	0.00040021063717746185
N10	N12	29	663	174	49230	4.456744888476343e-23	5.2659294365455505e-06	0.0004054765666140074
F82	F83	17	97	206	49230	5.313730855955145e-23	5.2659294365455505e-06	0.0004107424960505529
G82	G93	15	108	113	49230	7.219179264877286e-23	5.2659294365455505e-06	0.0004160084254870985
A08	L22	178	6031	692	49230	1.8283525004113926e-22	5.2659294365455505e-06	0.00042127435492364404
H66	H92	27	1457	75	49230	1.9608874111797796e-22	5.2659294365455505e-06	0.0004265402843601896
F83	G82	17	206	108	49230	3.721651274520625e-22	5.2659294365455505e-06	0.00043180621379673516
B37	J00	103	1048	1670	49230	7.297306927658448e-22	5.2659294365455505e-06	0.0004370721432332807
G81	I63	9	71	19	49230	1.4543142632705504e-21	5.2659294365455505e-06	0.00044233807266982623
F82	G40	26	97	1089	49230	4.333482839175833e-21	5.2659294365455505e-06	0.0004476040021063718
H05	J01	13	57	157	49230	4.608274316739115e-21	5.2659294365455505e-06	0.00045286993154291735
C71	D33	8	69	14	49230	2.9167142952755483e-20	5.2659294365455505e-06	0.0004581358609794629
G40	J96	44	1089	354	49230	3.072127676597976e-20	5.2659294365455505e-06	0.0004634017904160085
H73	J02	23	104	786	49230	7.000171960529621e-20	5.2659294365455505e-06	0.000468667719852554
N12	N13	30	174	963	49230	1.0694933188228333e-19	5.2659294365455505e-06	0.00047393364928909954
H50	H55	16	564	48	49230	1.1463838754103276e-19	5.2659294365455505e-06	0.0004791995787256451
G40	G81	22	1089	71	49230	1.3927539700592597e-19	5.2659294365455505e-06	0.00048446550816219066
C71	G91	12	69	123	49230	2.6647533949090053e-19	5.2659294365455505e-06	0.0004897314375987362
I47	J96	17	94	354	49230	3.186198830646204e-19	5.2659294365455505e-06	0.0004949973670352818
J00	J18	158	1670	2184	49230	3.2117337765289187e-19	5.2659294365455505e-06	0.0005002632964718273
B37	J21	60	1048	718	49230	3.725007191783791e-19	5.2659294365455505e-06	0.0005055292259083729
D69	D70	16	298	91	49230	3.753641230228676e-19	5.2659294365455505e-06	0.0005107951553449184
N13	N31	24	963	104	49230	3.9238933092685474e-19	5.2659294365455505e-06	0.0005160610847814639
H10	J20	83	423	3273	49230	5.042929811778709e-19	5.2659294365455505e-06	0.0005213270142180095
H66	J03	129	1457	1903	49230	2.7717822721056128e-18	5.2659294365455505e-06	0.0005265929436545551
J20	J45	120	3273	778	49230	6.6858559491660435e-18	5.2659294365455505e-06	0.0005318588730911006
H73	J00	28	104	1670	49230	8.535403061203137e-18	5.2659294365455505e-06	0.0005371248025276462
B27	J03	32	127	1903	49230	1.5031484129459625e-17	5.2659294365455505e-06	0.0005423907319641917
H10	J18	63	423	2184	49230	4.414232482719169e-17	5.2659294365455505e-06	0.0005476566614007372
N35	N39	24	50	2832	49230	4.424906750362032e-17	5.2659294365455505e-06	0.0005529225908372828
F41	K05	8	49	41	49230	4.9168865738908353e-17	5.2659294365455505e-06	0.0005581885202738284
E84	K86	7	88	13	49230	7.770153381755402e-17	5.2659294365455505e-06	0.0005634544497103739
B37	J31	43	1048	441	49230	1.8063696618844367e-16	5.2659294365455505e-06	0.0005687203791469195
B37	A08	221	1048	6031	49230	2.6976434950504133e-16	5.2659294365455505e-06	0.0005739863085834651
H10	J31	28	423	441	49230	3.491788067062806e-16	5.2659294365455505e-06	0.0005792522380200105
C91	A41	13	90	235	49230	5.678113821375582e-16	5.2659294365455505e-06	0.0005845181674565561
G44	H81	7	99	15	49230	6.80263401986434e-16	5.2659294365455505e-06	0.0005897840968931017
J15	J90	16	824	58	49230	1.36647426133869e-15	5.2659294365455505e-06	0.0005950500263296472
H66	H70	23	1457	90	49230	1.3769277074542923e-15	5.2659294365455505e-06	0.0006003159557661928
C91	D70	10	90	91	49230	1.4167006830437188e-15	5.2659294365455505e-06	0.0006055818852027383
F92	F93	7	23	68	49230	1.6804862301029392e-15	5.2659294365455505e-06	0.0006108478146392838
J12	J21	27	260	718	49230	2.4743105438362196e-15	5.2659294365455505e-06	0.0006161137440758294
J21	J96	31	718	354	49230	2.534657668835314e-15	5.2659294365455505e-06	0.0006213796735123749
J44	J45	50	848	778	49230	2.8368435657070437e-15	5.2659294365455505e-06	0.0006266456029489205
H26	H27	6	25	28	49230	3.351074885793637e-15	5.2659294365455505e-06	0.0006319115323854661
J00	J21	70	1670	718	49230	4.409374191057659e-15	5.2659294365455505e-06	0.0006371774618220116
D64	J96	18	192	354	49230	4.764093688190237e-15	5.2659294365455505e-06	0.0006424433912585572
H66	J02	68	1457	786	49230	5.323323311583899e-15	5.2659294365455505e-06	0.0006477093206951027
J86	J90	6	14	58	49230	6.104983092097811e-15	5.2659294365455505e-06	0.0006529752501316482
G82	M67	9	108	58	49230	8.148744840829808e-15	5.2659294365455505e-06	0.0006582411795681938
B37	A09	176	1048	4578	49230	9.3359169692073e-15	5.2659294365455505e-06	0.0006635071090047394
F80	H52	13	211	125	49230	1.1390885493010422e-14	5.2659294365455505e-06	0.0006687730384412849
E84	K74	6	88	11	49230	1.2576773516477566e-14	5.2659294365455505e-06	0.0006740389678778305
E23	E34	9	34	206	49230	1.580070236103393e-14	5.2659294365455505e-06	0.0006793048973143761
B07	B08	25	288	588	49230	1.8667998479056767e-14	5.2659294365455505e-06	0.0006845708267509215
D43	G91	7	19	123	49230	2.511847635122735e-14	5.2659294365455505e-06	0.0006898367561874671
J03	B00	65	1903	581	49230	2.6289711141300045e-14	5.2659294365455505e-06	0.0006951026856240127
B37	H10	39	1048	423	49230	2.8384212195489016e-14	5.2659294365455505e-06	0.0007003686150605582
H69	J35	22	25	8691	49230	3.4862433233157363e-14	5.2659294365455505e-06	0.0007056345444971038
F80	G40	28	211	1089	49230	4.132694295839614e-14	5.2659294365455505e-06	0.0007109004739336494
K21	K29	15	369	127	49230	5.4409180104607817e-14	5.2659294365455505e-06	0.0007161664033701948
K21	K44	8	369	15	49230	5.676854804584846e-14	5.2659294365455505e-06	0.0007214323328067404
F83	F90	10	206	58	49230	5.785309832192986e-14	5.2659294365455505e-06	0.000726698262243286
K02	K05	17	1914	41	49230	6.165039033080554e-14	5.2659294365455505e-06	0.0007319641916798315
H61	H65	58	198	5037	49230	7.558275635627204e-14	5.2659294365455505e-06	0.0007372301211163771
D61	D70	7	29	91	49230	8.79497733053966e-14	5.2659294365455505e-06	0.0007424960505529227
J31	J44	35	441	848	49230	1.1020971396290313e-13	5.2659294365455505e-06	0.0007477619799894682
G81	M62	8	71	71	49230	1.2319440892481604e-13	5.2659294365455505e-06	0.0007530279094260137
H66	L22	60	1457	692	49230	1.9551751559983583e-13	5.2659294365455505e-06	0.0007582938388625592
J12	J20	53	260	3273	49230	2.2619226047882927e-13	5.2659294365455505e-06	0.0007635597682991048
J90	J96	11	58	354	49230	3.832291128224739e-13	5.2659294365455505e-06	0.0007688256977356504
E73	E74	8	72	81	49230	4.1370711572101193e-13	5.2659294365455505e-06	0.0007740916271721959
K56	K59	32	306	1081	49230	4.388154493094364e-13	5.2659294365455505e-06	0.0007793575566087415
H52	H55	8	125	48	49230	4.768771090537498e-13	5.2659294365455505e-06	0.000784623486045287
J18	J96	50	2184	354	49230	5.842507614383579e-13	5.2659294365455505e-06	0.0007898894154818325
H10	L22	30	423	692	49230	6.814387538626811e-13	5.2659294365455505e-06	0.0007951553449183781
K51	K92	6	14	125	49230	7.009154926348447e-13	5.2659294365455505e-06	0.0008004212743549237
J20	J44	114	3273	848	49230	7.140665679264162e-13	5.2659294365455505e-06	0.0008056872037914692
H10	H66	44	423	1457	49230	7.82453123463732e-13	5.2659294365455505e-06	0.0008109531332280148
E66	I10	9	299	36	49230	8.127786081341264e-13	5.2659294365455505e-06	0.0008162190626645604
J20	J96	63	3273	354	49230	8.574595821091677e-13	5.2659294365455505e-06	0.0008214849921011058
M21	M24	6	70	24	49230	8.750991337373763e-13	5.2659294365455505e-06	0.0008267509215376514
J02	A09	136	786	4578	49230	1.1300938688708971e-12	5.2659294365455505e-06	0.000832016850974197
N39	N76	40	2832	193	49230	1.3298342691470712e-12	5.2659294365455505e-06	0.0008372827804107425
N30	N35	8	139	50	49230	1.599962702510183e-12	5.2659294365455505e-06	0.0008425487098472881
G83	M21	6	27	70	49230	1.918133553060567e-12	5.2659294365455505e-06	0.0008478146392838337
N10	N28	16	663	110	49230	2.12149109173833e-12	5.2659294365455505e-06	0.0008530805687203792
N13	N20	12	963	36	49230	2.3854164941298265e-12	5.2659294365455505e-06	0.0008583464981569247
N11	N13	11	28	963	49230	2.40384977890104e-12	5.2659294365455505e-06	0.0008636124275934703
B37	H66	75	1048	1457	49230	3.2362567390330253e-12	5.2659294365455505e-06	0.0008688783570300158
K00	K01	6	55	37	49230	3.320622925798702e-12	5.2659294365455505e-06	0.0008741442864665614
H27	H53	6	28	75	49230	3.7377823837204725e-12	5.2659294365455505e-06	0.000879410215903107
A02	E86	42	232	2657	49230	5.1131792026340215e-12	5.2659294365455505e-06	0.0008846761453396525
J00	J04	76	1670	944	49230	5.408674832183692e-12	5.2659294365455505e-06	0.000889942074776198
F50	B00	17	158	581	49230	7.844373459000134e-12	5.2659294365455505e-06	0.0008952080042127436
G82	G91	9	108	123	49230	8.951171972632849e-12	5.2659294365455505e-06	0.0009004739336492891
F70	F80	6	13	211	49230	9.659394738669994e-12	5.2659294365455505e-06	0.0009057398630858347
F40	K02	9	11	1914	49230	1.021219579557164e-11	5.2659294365455505e-06	0.0009110057925223803
N13	N35	13	963	50	49230	1.0312245612660272e-11	5.2659294365455505e-06	0.0009162717219589258
J20	J31	70	3273	441	49230	1.2741630211497997e-11	5.2659294365455505e-06	0.0009215376513954714
G80	M67	8	154	58	49230	1.2810518248985656e-11	5.2659294365455505e-06	0.000926803580832017
A31	L04	6	14	207	49230	1.5003698358478825e-11	5.2659294365455505e-06	0.0009320695102685624
B37	B99	55	1048	928	49230	1.5927588736868135e-11	5.2659294365455505e-06	0.000937335439705108
B96	A41	10	88	235	49230	1.652047869275225e-11	5.2659294365455505e-06	0.0009426013691416535
J15	J96	28	824	354	49230	1.7731265929172444e-11	5.2659294365455505e-06	0.0009478672985781991
H27	H50	9	28	564	49230	1.8158610147261482e-11	5.2659294365455505e-06	0.0009531332280147447
J18	J86	10	2184	14	49230	2.4600313912485204e-11	5.2659294365455505e-06	0.0009583991574512901
G40	I47	17	1089	94	49230	2.7404497847005377e-11	5.2659294365455505e-06	0.0009636650868878357
G40	G91	19	1089	123	49230	3.386381113210994e-11	5.2659294365455505e-06	0.0009689310163243813
D68	J35	38	74	8691	49230	4.4622731491414104e-11	5.2659294365455505e-06	0.0009741969457609268
D50	E46	8	434	26	49230	4.651268577220276e-11	5.2659294365455505e-06	0.0009794628751974724
F43	F94	7	192	33	49230	4.8205440953840355e-11	5.2659294365455505e-06	0.0009847288046340179
E66	K76	9	299	55	49230	4.962686865933418e-11	5.2659294365455505e-06	0.0009899947340705636
B37	J18	95	1048	2184	49230	5.1484677865643566e-11	5.2659294365455505e-06	0.000995260663507109
F43	F80	12	192	211	49230	5.2668543579133287e-11	5.2659294365455505e-06	0.0010005265929436545
D64	E87	16	192	462	49230	5.3049997751490005e-11	5.2659294365455505e-06	0.0010057925223802002
F83	G93	10	206	113	49230	5.6401590703323105e-11	5.2659294365455505e-06	0.0010110584518167457
C71	D70	7	69	91	49230	5.726910878544466e-11	5.2659294365455505e-06	0.0010163243812532912
E86	B00	72	2657	581	49230	5.807799636296638e-11	5.2659294365455505e-06	0.0010215903106898369
N30	N39	31	139	2832	49230	6.023343916690837e-11	5.2659294365455505e-06	0.0010268562401263824
E86	K52	95	2657	867	49230	6.123178427007656e-11	5.2659294365455505e-06	0.0010321221695629278
J44	L20	27	848	340	49230	7.027892171910704e-11	5.2659294365455505e-06	0.0010373880989994735
K02	K10	11	1914	21	49230	7.340034835701641e-11	5.2659294365455505e-06	0.001042654028436019
J96	J98	20	354	433	49230	7.688138559673948e-11	5.2659294365455505e-06	0.0010479199578725645
B37	J98	34	1048	433	49230	1.0333619143566765e-10	5.2659294365455505e-06	0.0010531858873091102
J31	K52	31	441	867	49230	1.060896436622637e-10	5.2659294365455505e-06	0.0010584518167456557
B37	D50	34	1048	434	49230	1.0987641752343075e-10	5.2659294365455505e-06	0.0010637177461822011
H73	J20	28	104	3273	49230	1.1929013127060264e-10	5.2659294365455505e-06	0.0010689836756187468
M08	M25	7	63	111	49230	1.218904329306049e-10	5.2659294365455505e-06	0.0010742496050552923
K21	K31	8	369	34	49230	1.4147189073387448e-10	5.2659294365455505e-06	0.0010795155344918378
H66	J31	41	1457	441	49230	1.5617160208893261e-10	5.2659294365455505e-06	0.0010847814639283835
F80	F90	8	211	58	49230	1.5893581562613257e-10	5.2659294365455505e-06	0.001090047393364929
F81	F98	7	36	216	49230	2.1272273295733804e-10	5.2659294365455505e-06	0.0010953133228014745
B99	J40	28	928	352	49230	2.335012163658978e-10	5.2659294365455505e-06	0.0011005792522380202
G81	G82	7	71	108	49230	2.3781264878258266e-10	5.2659294365455505e-06	0.0011058451816745656
F84	F89	8	101	126	49230	2.434004496421322e-10	5.2659294365455505e-06	0.0011111111111111111
J05	J31	14	161	441	49230	2.662949185614237e-10	5.2659294365455505e-06	0.0011163770405476568
J21	L22	35	718	692	49230	3.1533053054075285e-10	5.2659294365455505e-06	0.0011216429699842023
F83	H50	17	206	564	49230	3.3447356868868796e-10	5.2659294365455505e-06	0.0011269088994207478
D61	D69	7	29	298	49230	3.8644150293660297e-10	5.2659294365455505e-06	0.0011321748288572935
J02	J20	100	786	3273	49230	4.0454360180006086e-10	5.2659294365455505e-06	0.001137440758293839
K60	K92	8	109	125	49230	4.220296472161471e-10	5.2659294365455505e-06	0.0011427066877303844
J21	J44	39	718	848	49230	4.73957540685193e-10	5.2659294365455505e-06	0.0011479726171669301
F83	F84	9	206	101	49230	4.941164375948753e-10	5.2659294365455505e-06	0.0011532385466034756
G40	J69	12	1089	49	49230	5.617199247641084e-10	5.2659294365455505e-06	0.001158504476040021
J10	J20	28	111	3273	49230	6.174622256216748e-10	5.2659294365455505e-06	0.0011637704054765668
F43	F83	11	192	206	49230	6.654832635589267e-10	5.2659294365455505e-06	0.0011690363349131123
G93	J96	11	113	354	49230	6.883440746221443e-10	5.2659294365455505e-06	0.0011743022643496577
I47	I49	6	94	52	49230	7.815303138048633e-10	5.2659294365455505e-06	0.0011795681937862034
F41	K04	10	49	660	49230	9.001188641421895e-10	5.2659294365455505e-06	0.001184834123222749
F80	H90	13	211	306	49230	9.6662869098063e-10	5.2659294365455505e-06	0.0011901000526592944
K59	K62	12	1081	52	49230	1.0881934120633595e-09	5.2659294365455505e-06	0.0011953659820958399
E87	J96	19	462	354	49230	1.578338154820765e-09	5.2659294365455505e-06	0.0012006319115323856
J00	J12	31	1670	260	49230	1.62998511414701e-09	5.2659294365455505e-06	0.001205897840968931
K60	K62	6	109	52	49230	1.920503992979618e-09	5.2659294365455505e-06	0.0012111637704054765
J44	L22	37	848	692	49230	2.0200126256840456e-09	5.2659294365455505e-06	0.0012164296998420222
B99	J31	30	928	441	49230	2.236125899271291e-09	5.2659294365455505e-06	0.0012216956292785677
N13	N30	17	963	139	49230	2.303592266803702e-09	5.2659294365455505e-06	0.0012269615587151132
J69	J96	8	49	354	49230	2.304219942076823e-09	5.2659294365455505e-06	0.0012322274881516589
D64	D69	12	192	298	49230	2.7164571820474943e-09	5.2659294365455505e-06	0.0012374934175882043
F83	G91	9	206	123	49230	2.8764780850421114e-09	5.2659294365455505e-06	0.0012427593470247498
G80	G93	8	154	113	49230	2.9582575406477766e-09	5.2659294365455505e-06	0.0012480252764612955
F80	F98	11	211	216	49230	2.960673361232908e-09	5.2659294365455505e-06	0.001253291205897841
G41	J96	10	100	354	49230	3.1768511849326808e-09	5.2659294365455505e-06	0.0012585571353343865
G41	G93	7	100	113	49230	3.7326221153375545e-09	5.2659294365455505e-06	0.0012638230647709322
F80	H50	16	211	564	49230	3.773843240081861e-09	5.2659294365455505e-06	0.0012690889942074777
G31	G40	7	13	1089	49230	3.88443323057758e-09	5.2659294365455505e-06	0.0012743549236440231
B37	J44	47	1048	848	49230	4.0588702003037806e-09	5.2659294365455505e-06	0.0012796208530805688
F80	F89	9	211	126	49230	4.390053406222393e-09	5.2659294365455505e-06	0.0012848867825171143
I88	K56	17	451	306	49230	4.818984354233409e-09	5.2659294365455505e-06	0.0012901527119536598
D50	J20	63	434	3273	49230	5.009896075357747e-09	5.2659294365455505e-06	0.0012954186413902055
F83	F94	6	206	33	49230	5.029671989113119e-09	5.2659294365455505e-06	0.001300684570826751
H61	H90	12	198	306	49230	5.171534080051398e-09	5.2659294365455505e-06	0.0013059505002632964
H73	J18	21	104	2184	49230	5.19956477453382e-09	5.2659294365455505e-06	0.0013112164296998421
F80	F94	6	211	33	49230	5.804583979464443e-09	5.2659294365455505e-06	0.0013164823591363876
J15	J45	38	824	778	49230	6.527633628610875e-09	5.2659294365455505e-06	0.001321748288572933
I50	J96	6	21	354	49230	6.5647923274161135e-09	5.2659294365455505e-06	0.0013270142180094788
J34	J35	27	50	8691	49230	6.777423564999023e-09	5.2659294365455505e-06	0.0013322801474460243
G40	H54	7	1089	14	49230	7.619706257914675e-09	5.2659294365455505e-06	0.0013375460768825698
D50	J18	48	434	2184	49230	7.802017319853845e-09	5.2659294365455505e-06	0.0013428120063191155
H66	H72	11	1457	38	49230	8.484106345432046e-09	5.2659294365455505e-06	0.001348077935755661
N10	L22	31	663	692	49230	8.590509565595126e-09	5.2659294365455505e-06	0.0013533438651922064
B99	H66	61	928	1457	49230	8.590766050860046e-09	5.2659294365455505e-06	0.0013586097946287521
N32	N39	11	22	2832	49230	8.743154922200843e-09	5.2659294365455505e-06	0.0013638757240652976
I88	J03	45	451	1903	49230	8.803035778829413e-09	5.2659294365455505e-06	0.001369141653501843
F43	F93	7	192	68	49230	9.749629341122608e-09	5.2659294365455505e-06	0.0013744075829383888
F80	F81	6	211	36	49230	1.0099307633770726e-08	5.2659294365455505e-06	0.0013796735123749342
N13	N76	19	963	193	49230	1.0406546122573733e-08	5.2659294365455505e-06	0.0013849394418114797
G80	J69	6	154	49	49230	1.0630087716557466e-08	5.2659294365455505e-06	0.0013902053712480254
F82	F98	8	97	216	49230	1.246630594950037e-08	5.2659294365455505e-06	0.001395471300684571
F89	G82	7	126	108	49230	1.3678594415305289e-08	5.2659294365455505e-06	0.0014007372301211164
H10	J06	53	423	2675	49230	1.6095659196396604e-08	5.2659294365455505e-06	0.001406003159557662
N11	N39	12	28	2832	49230	1.6419248474390986e-08	5.2659294365455505e-06	0.0014112690889942076
J06	K52	88	2675	867	49230	1.700562616045854e-08	5.2659294365455505e-06	0.001416535018430753
B99	D70	13	928	91	49230	1.7285892422543258e-08	5.2659294365455505e-06	0.0014218009478672987
J44	J46	12	848	82	49230	1.7370816832784766e-08	5.2659294365455505e-06	0.0014270668773038442
F80	F93	7	211	68	49230	1.8675632229954126e-08	5.2659294365455505e-06	0.0014323328067403897
J12	J18	34	260	2184	49230	2.015928525929792e-08	5.2659294365455505e-06	0.0014375987361769354
J18	J21	66	2184	718	49230	2.6155262881497572e-08	5.2659294365455505e-06	0.0014428646656134809
J00	J03	111	1670	1903	49230	2.6422401447781723e-08	5.2659294365455505e-06	0.0014481305950500263
E10	K90	9	180	182	49230	2.741884740208842e-08	5.2659294365455505e-06	0.001453396524486572
H10	J02	25	423	786	49230	3.03658317936537e-08	5.2659294365455505e-06	0.0014586624539231175
F83	F98	10	206	216	49230	3.08544883364984e-08	5.2659294365455505e-06	0.001463928383359663
F43	F45	7	192	81	49230	3.350764729867542e-08	5.2659294365455505e-06	0.0014691943127962087
N83	K40	10	62	752	49230	3.426378804111008e-08	5.2659294365455505e-06	0.0014744602422327542
L01	B00	11	101	581	49230	3.433417919801782e-08	5.2659294365455505e-06	0.0014797261716692997
H65	H74	19	5037	46	49230	4.016387373129251e-08	5.2659294365455505e-06	0.0014849921011058453
B97	J21	9	50	718	49230	4.174404488785845e-08	5.2659294365455505e-06	0.0014902580305423908
B34	B37	39	685	1048	49230	4.189630642988753e-08	5.2659294365455505e-06	0.0014955239599789363
J06	J45	80	2675	778	49230	4.314356782082601e-08	5.2659294365455505e-06	0.001500789889415482
J12	J45	19	260	778	49230	4.4417515218832314e-08	5.2659294365455505e-06	0.0015060558188520275
G40	M62	12	1089	71	49230	4.9873713987540247e-08	5.2659294365455505e-06	0.001511321748288573
K52	K92	14	867	125	49230	5.018577540348511e-08	5.2659294365455505e-06	0.0015165876777251184
E88	J96	7	48	354	49230	5.354673919469852e-08	5.2659294365455505e-06	0.0015218536071616641
F83	H52	8	206	125	49230	6.343641015353824e-08	5.2659294365455505e-06	0.0015271195365982096
K04	K05	8	660	41	49230	6.473001564936551e-08	5.2659294365455505e-06	0.001532385466034755
K42	K43	6	303	35	49230	7.226354318306445e-08	5.2659294365455505e-06	0.0015376513954713008
B97	J20	16	50	3273	49230	7.851223635821807e-08	5.2659294365455505e-06	0.0015429173249078463
C91	D69	8	90	298	49230	8.274758373003585e-08	5.2659294365455505e-06	0.0015481832543443918
J22	J44	20	275	848	49230	8.634468065872271e-08	5.2659294365455505e-06	0.0015534491837809374
L02	L03	13	272	347	49230	8.835019320230342e-08	5.2659294365455505e-06	0.001558715113217483
J00	J02	57	1670	786	49230	9.156309597192353e-08	5.2659294365455505e-06	0.0015639810426540284
N39	B37	103	2832	1048	49230	9.819626023716903e-08	5.2659294365455505e-06	0.001569246972090574
D50	J15	25	434	824	49230	1.2175809790056898e-07	5.2659294365455505e-06	0.0015745129015271196
L21	L22	8	43	692	49230	1.375769526969538e-07	5.2659294365455505e-06	0.001579778830963665
B37	K21	26	1048	369	49230	1.3852149473092166e-07	5.2659294365455505e-06	0.0015850447604002108
N13	N32	7	963	22	49230	1.4153108956583088e-07	5.2659294365455505e-06	0.0015903106898367562
J00	J45	56	1670	778	49230	1.5106893143029126e-07	5.2659294365455505e-06	0.0015955766192733017
J31	J40	16	441	352	49230	1.5929736717598892e-07	5.2659294365455505e-06	0.0016008425487098474
J15	J44	37	824	848	49230	1.7775314981253547e-07	5.2659294365455505e-06	0.001606108478146393
J04	J20	105	944	3273	49230	1.8537016437197381e-07	5.2659294365455505e-06	0.0016113744075829384
B37	D64	18	1048	192	49230	1.8720109036361496e-07	5.2659294365455505e-06	0.001616640337019484
J21	J31	23	718	441	49230	2.012674189170225e-07	5.2659294365455505e-06	0.0016219062664560295
J06	J44	83	2675	848	49230	2.020229830239774e-07	5.2659294365455505e-06	0.001627172195892575
F84	G91	6	101	123	49230	2.2452535296494614e-07	5.2659294365455505e-06	0.0016324381253291207
L03	L60	6	347	37	49230	2.270853444123404e-07	5.2659294365455505e-06	0.0016377040547656662
F83	G41	7	206	100	49230	2.3353781200627942e-07	5.2659294365455505e-06	0.0016429699842022117
J06	L22	71	2675	692	49230	2.633037541683124e-07	5.2659294365455505e-06	0.0016482359136387574
A38	J03	20	135	1903	49230	2.7182193292306376e-07	5.2659294365455505e-06	0.0016535018430753029
K59	L30	13	1081	99	49230	2.781046077939287e-07	5.2659294365455505e-06	0.0016587677725118483
F80	F84	7	211	101	49230	2.940160142922176e-07	5.2659294365455505e-06	0.001664033701948394
J44	J96	22	848	354	49230	3.0835210512325906e-07	5.2659294365455505e-06	0.0016692996313849395
F83	G80	8	206	154	49230	3.1716884651107196e-07	5.2659294365455505e-06	0.001674565560821485
E84	J44	11	88	848	49230	3.5631987416396014e-07	5.2659294365455505e-06	0.0016798314902580307
H10	J21	22	423	718	49230	3.864698005223945e-07	5.2659294365455505e-06	0.0016850974196945762
D64	A41	9	192	235	49230	4.1826865211082424e-07	5.2659294365455505e-06	0.0016903633491311216
J00	J15	57	1670	824	49230	4.277445279618663e-07	5.2659294365455505e-06	0.0016956292785676673
E16	J96	8	94	354	49230	4.294529653382714e-07	5.2659294365455505e-06	0.0017008952080042128
J15	J98	24	824	433	49230	4.338611053803306e-07	5.2659294365455505e-06	0.0017061611374407583
J15	J18	69	824	2184	49230	4.3938251705082476e-07	5.2659294365455505e-06	0.001711427066877304
D64	D68	6	192	74	49230	4.835283896987038e-07	5.2659294365455505e-06	0.0017166929963138495
J12	J96	12	260	354	49230	4.969470491520628e-07	5.2659294365455505e-06	0.001721958925750395
M25	M65	6	111	128	49230	4.971159579894348e-07	5.2659294365455505e-06	0.0017272248551869407
F89	G93	6	126	113	49230	5.034655914157578e-07	5.2659294365455505e-06	0.0017324907846234861
J03	L04	25	1903	207	49230	5.304394672619223e-07	5.2659294365455505e-06	0.0017377567140600316
G47	J35	100	354	8691	49230	5.432787519841257e-07	5.2659294365455505e-06	0.0017430226434965773
I88	L04	12	451	207	49230	5.652346340173617e-07	5.2659294365455505e-06	0.0017482885729331228
F83	M62	6	206	71	49230	5.69826965130971e-07	5.2659294365455505e-06	0.0017535545023696683
J02	J03	60	786	1903	49230	5.96201086753339e-07	5.2659294365455505e-06	0.001758820431806214
N76	J02	15	193	786	49230	5.966823661219469e-07	5.2659294365455505e-06	0.0017640863612427594
L01	B01	7	101	235	49230	6.067026894608598e-07	5.2659294365455505e-06	0.001769352290679305
J44	J98	24	848	433	49230	7.196640051133361e-07	5.2659294365455505e-06	0.0017746182201158506
B37	J40	24	1048	352	49230	7.464427466456157e-07	5.2659294365455505e-06	0.001779884149552396
J18	L22	60	2184	692	49230	7.882840302137233e-07	5.2659294365455505e-06	0.0017851500789889416
K21	L21	6	369	43	49230	8.214247904758021e-07	5.2659294365455505e-06	0.0017904160084254873
F84	G80	6	101	154	49230	8.427082461155696e-07	5.2659294365455505e-06	0.0017956819378620328
F80	H91	7	211	118	49230	8.474994681801363e-07	5.2659294365455505e-06	0.0018009478672985782
B37	A41	19	1048	235	49230	8.532222571551088e-07	5.2659294365455505e-06	0.001806213796735124
H66	J40	29	1457	352	49230	9.056142786259865e-07	5.2659294365455505e-06	0.0018114797261716694
E84	K90	6	88	182	49230	9.905310148793669e-07	5.2659294365455505e-06	0.0018167456556082149
H60	H66	15	111	1457	49230	1.0371808759278816e-06	5.2659294365455505e-06	0.0018220115850447606
L03	B01	11	347	235	49230	1.068322363172993e-06	5.2659294365455505e-06	0.001827277514481306
J40	J44	21	352	848	49230	1.0985142438786328e-06	5.2659294365455505e-06	0.0018325434439178515
J03	L22	54	1903	692	49230	1.1068908366213331e-06	5.2659294365455505e-06	0.0018378093733543972
K40	K42	18	752	303	49230	1.2744385329685881e-06	5.2659294365455505e-06	0.0018430753027909427
D50	D64	11	434	192	49230	1.2937192074841356e-06	5.2659294365455505e-06	0.0018483412322274882
C91	D64	6	90	192	49230	1.5432173175485639e-06	5.2659294365455505e-06	0.001853607161664034
J31	K21	15	441	369	49230	1.5640130229857632e-06	5.2659294365455505e-06	0.0018588730911005794
J20	J98	56	3273	433	49230	1.5910243509769724e-06	5.2659294365455505e-06	0.0018641390205371249
J01	J20	28	157	3273	49230	1.6244898254141721e-06	5.2659294365455505e-06	0.0018694049499736703
H10	J44	23	423	848	49230	1.6852689158540756e-06	5.2659294365455505e-06	0.001874670879410216
N10	N11	6	663	28	49230	1.7074561026183753e-06	5.2659294365455505e-06	0.0018799368088467615
F82	H50	9	97	564	49230	1.8650497885773596e-06	5.2659294365455505e-06	0.001885202738283307
J06	J31	49	2675	441	49230	1.989515570078657e-06	5.2659294365455505e-06	0.0018904686677198527
J18	J98	42	2184	433	49230	2.1905871813632156e-06	5.2659294365455505e-06	0.0018957345971563982
D80	J18	13	61	2184	49230	2.2206888889677e-06	5.2659294365455505e-06	0.0019010005265929436
G40	I61	6	1089	19	49230	2.4500501215450643e-06	5.2659294365455505e-06	0.0019062664560294893
A04	E86	37	299	2657	49230	2.532849146361118e-06	5.2659294365455505e-06	0.0019115323854660348
H74	J35	22	46	8691	49230	2.538921977958222e-06	5.2659294365455505e-06	0.0019167983149025803
G80	G91	6	154	123	49230	2.6702705813840392e-06	5.2659294365455505e-06	0.001922064244339126
J15	L22	30	824	692	49230	2.897909474477447e-06	5.2659294365455505e-06	0.0019273301737756715
E16	E87	8	94	462	49230	3.114063845471466e-06	5.2659294365455505e-06	0.001932596103212217
H65	H71	12	5037	26	49230	3.1610629433470214e-06	5.2659294365455505e-06	0.0019378620326487626
N76	E66	9	193	299	49230	3.185385646101954e-06	5.2659294365455505e-06	0.0019431279620853081
D22	D23	6	181	108	49230	3.187369559818597e-06	5.2659294365455505e-06	0.0019483938915218536
J11	J22	9	212	275	49230	3.4747472927224835e-06	5.2659294365455505e-06	0.0019536598209583993
N20	N39	11	36	2832	49230	3.5167016676084584e-06	5.2659294365455505e-06	0.0019589257503949448
F50	B08	11	158	588	49230	3.5571555255930467e-06	5.2659294365455505e-06	0.0019641916798314903
H10	J03	37	423	1903	49230	4.187165232228632e-06	5.2659294365455505e-06	0.0019694576092680357
H66	J44	50	1457	848	49230	4.2133939779182394e-06	5.2659294365455505e-06	0.0019747235387045817
D50	A08	86	434	6031	49230	4.43538148040753e-06	5.2659294365455505e-06	0.001979989468141127
K35	K37	9	770	80	49230	4.60804000819539e-06	5.2659294365455505e-06	0.0019852553975776726
N13	A41	17	963	235	49230	4.646904519863731e-06	5.2659294365455505e-06	0.001990521327014218
J20	J21	80	3273	718	49230	4.754078861276487e-06	5.2659294365455505e-06	0.0019957872564507636
