ICD1	ICD2	val11	occ1	occ2	NN	pval	bonf_thresh	fdr_thresh
E86	A08	1584	2925	7044	68700	0.0	3.7285607755406415e-06	3.7285607755406415e-06
K02	K04	644	2446	959	68700	0.0	3.7285607755406415e-06	7.457121551081283e-06
H65	J35	5844	7413	12466	68700	0.0	3.7285607755406415e-06	1.1185682326621925e-05
E86	A09	884	2925	5307	68700	2.608232885918562e-299	3.7285607755406415e-06	1.4914243102162566e-05
K02	K08	248	2446	313	68700	4.007020920830085e-298	3.7285607755406415e-06	1.864280387770321e-05
J00	J20	595	2172	5095	68700	1.0612193319353396e-182	3.7285607755406415e-06	2.237136465324385e-05
N13	N39	192	740	1031	68700	1.9737971267914906e-179	3.7285607755406415e-06	2.609992542878449e-05
N47	N48	437	10451	736	68700	9.950067656503542e-168	3.7285607755406415e-06	2.9828486204325132e-05
K04	K08	127	959	313	68700	1.3457171616207816e-150	3.7285607755406415e-06	3.3557046979865775e-05
N43	K40	254	919	2438	68700	2.3368693931835988e-150	3.7285607755406415e-06	3.728560775540642e-05
E86	E87	214	2925	600	68700	7.096869980846912e-136	3.7285607755406415e-06	4.1014168530947055e-05
H65	H90	269	7413	472	68700	8.437464980566703e-134	3.7285607755406415e-06	4.47427293064877e-05
H50	H52	82	628	133	68700	3.548986834920582e-133	3.7285607755406415e-06	4.847129008202834e-05
E87	A08	291	600	7044	68700	7.527241305297198e-126	3.7285607755406415e-06	5.219985085756898e-05
J18	J20	584	2731	5095	68700	1.537666203532899e-125	3.7285607755406415e-06	5.592841163310962e-05
G80	G82	62	231	166	68700	1.1961231576909515e-111	3.7285607755406415e-06	5.9656972408650264e-05
H90	J35	296	472	12466	68700	2.3469253697136734e-102	3.7285607755406415e-06	6.338553318419091e-05
N13	N28	66	740	133	68700	2.7388529613379276e-93	3.7285607755406415e-06	6.711409395973155e-05
G80	M62	43	231	113	68700	1.7651341085188623e-77	3.7285607755406415e-06	7.08426547352722e-05
F80	F83	69	469	369	68700	3.010344453312523e-77	3.7285607755406415e-06	7.457121551081284e-05
K02	K12	106	2446	320	68700	1.6778503917602913e-71	3.7285607755406415e-06	7.829977628635347e-05
N10	N39	70	229	1031	68700	2.1624623485736295e-70	3.7285607755406415e-06	8.202833706189411e-05
F80	F82	55	469	215	68700	8.622624437336225e-70	3.7285607755406415e-06	8.575689783743475e-05
J30	J45	74	219	1421	68700	7.810212750250388e-68	3.7285607755406415e-06	8.94854586129754e-05
H70	K04	57	156	959	68700	1.8463828385045883e-64	3.7285607755406415e-06	9.321401938851604e-05
G40	G41	52	1223	107	68700	1.6994037383558185e-61	3.7285607755406415e-06	9.694258016405668e-05
B37	J20	246	1043	5095	68700	1.2216431328227183e-60	3.7285607755406415e-06	0.00010067114093959733
J15	J20	233	983	5095	68700	6.994575189968325e-58	3.7285607755406415e-06	0.00010439970171513796
F83	G40	76	369	1223	68700	1.2841760856751952e-56	3.7285607755406415e-06	0.0001081282624906786
G82	M62	31	166	113	68700	1.8639727597417665e-55	3.7285607755406415e-06	0.00011185682326621924
H50	H53	40	628	98	68700	2.3665449627105986e-55	3.7285607755406415e-06	0.00011558538404175989
L22	A09	192	705	5307	68700	4.36290023953739e-55	3.7285607755406415e-06	0.00011931394481730053
H66	J00	209	1999	2172	68700	4.125859991217267e-52	3.7285607755406415e-06	0.00012304250559284116
H61	J35	185	337	12466	68700	6.286164143751408e-52	3.7285607755406415e-06	0.00012677106636838182
H66	J06	264	1999	3261	68700	1.8382140240560536e-51	3.7285607755406415e-06	0.00013049962714392244
B37	L22	86	1043	705	68700	3.2865566655940793e-50	3.7285607755406415e-06	0.0001342281879194631
H66	J03	220	1999	2449	68700	6.436411407783926e-50	3.7285607755406415e-06	0.00013795674869500373
F82	F90	40	215	420	68700	8.232134636992265e-47	3.7285607755406415e-06	0.0001416853094705444
K60	K61	26	119	136	68700	4.155223010267064e-46	3.7285607755406415e-06	0.00014541387024608502
G51	A69	22	122	65	68700	4.691707393554912e-45	3.7285607755406415e-06	0.00014914243102162567
J00	L22	110	2172	705	68700	1.4595521418375276e-43	3.7285607755406415e-06	0.0001528709917971663
J18	J45	181	2731	1421	68700	2.0612135112607086e-43	3.7285607755406415e-06	0.00015659955257270693
H90	H91	37	472	184	68700	8.317984779322041e-43	3.7285607755406415e-06	0.0001603281133482476
H66	J20	327	1999	5095	68700	3.1148408098224744e-42	3.7285607755406415e-06	0.00016405667412378822
F80	F90	47	469	420	68700	8.272997571491446e-42	3.7285607755406415e-06	0.00016778523489932888
E10	E16	26	228	106	68700	2.5369805264701724e-41	3.7285607755406415e-06	0.0001715137956748695
G40	G82	46	1223	166	68700	4.594348964551535e-41	3.7285607755406415e-06	0.00017524235645041016
K40	K42	86	2438	413	68700	1.640967517762145e-40	3.7285607755406415e-06	0.0001789709172259508
A08	L22	198	7044	705	68700	1.775981504826811e-40	3.7285607755406415e-06	0.00018269947800149142
G40	G93	44	1223	152	68700	2.9053222225291142e-40	3.7285607755406415e-06	0.00018642803877703208
H10	J00	95	578	2172	68700	1.072887986554361e-39	3.7285607755406415e-06	0.0001901565995525727
J45	J46	43	1421	137	68700	2.3608675296785017e-38	3.7285607755406415e-06	0.00019388516032811337
N10	N13	41	229	740	68700	3.935478185641492e-37	3.7285607755406415e-06	0.000197613721103654
F83	F90	40	369	420	68700	4.627231377907319e-37	3.7285607755406415e-06	0.00020134228187919465
J00	J18	220	2172	2731	68700	7.654301192962363e-37	3.7285607755406415e-06	0.00020507084265473528
J20	J31	147	5095	622	68700	9.232329146665537e-37	3.7285607755406415e-06	0.0002087994034302759
H73	J00	46	125	2172	68700	2.0908932631310467e-36	3.7285607755406415e-06	0.00021252796420581657
F81	F90	24	68	420	68700	4.497432714774112e-36	3.7285607755406415e-06	0.0002162565249813572
N28	N39	37	133	1031	68700	4.884052396398006e-36	3.7285607755406415e-06	0.00021998508575689786
J18	J44	180	2731	1606	68700	9.603288652137031e-36	3.7285607755406415e-06	0.00022371364653243848
B37	A08	244	1043	7044	68700	3.419488299196379e-35	3.7285607755406415e-06	0.00022744220730797914
H52	H53	20	133	98	68700	3.689852581915889e-35	3.7285607755406415e-06	0.00023117076808351977
F84	G40	43	187	1223	68700	1.0538994049769858e-34	3.7285607755406415e-06	0.00023489932885906043
E10	E14	18	228	40	68700	1.2770339029214831e-34	3.7285607755406415e-06	0.00023862788963460106
F80	H90	43	469	472	68700	1.6590708647067525e-34	3.7285607755406415e-06	0.0002423564504101417
H10	J20	137	578	5095	68700	1.7036405428589227e-34	3.7285607755406415e-06	0.0002460850111856823
E84	J96	26	83	544	68700	2.0202240053092826e-34	3.7285607755406415e-06	0.000249813571961223
H50	H55	24	628	57	68700	4.239880812934462e-34	3.7285607755406415e-06	0.00025354213273676363
F90	F91	26	420	109	68700	7.2549379307447595e-34	3.7285607755406415e-06	0.00025727069351230426
J20	J45	240	5095	1421	68700	2.455023920055562e-33	3.7285607755406415e-06	0.0002609992542878449
J20	L22	152	5095	705	68700	4.127759060172854e-33	3.7285607755406415e-06	0.0002647278150633856
K35	K65	20	925	26	68700	6.672923126946728e-33	3.7285607755406415e-06	0.0002684563758389262
H66	J02	105	1999	914	68700	8.099303479943799e-33	3.7285607755406415e-06	0.00027218493661446683
B37	J31	63	1043	622	68700	2.879416402266931e-32	3.7285607755406415e-06	0.00027591349739000746
H05	J01	19	67	226	68700	6.488902052975198e-32	3.7285607755406415e-06	0.0002796420581655481
F89	G40	41	193	1223	68700	1.1336074079271673e-31	3.7285607755406415e-06	0.0002833706189410888
E87	A09	137	600	5307	68700	6.843209965512036e-31	3.7285607755406415e-06	0.0002870991797166294
E73	E74	15	72	76	68700	1.143827384708821e-30	3.7285607755406415e-06	0.00029082774049217004
F82	F83	28	215	369	68700	4.198951989426067e-30	3.7285607755406415e-06	0.00029455630126771067
F90	F98	33	420	322	68700	6.083860037466196e-30	3.7285607755406415e-06	0.00029828486204325135
B37	A09	192	1043	5307	68700	1.6232900210455442e-29	3.7285607755406415e-06	0.000302013422818792
D50	J20	144	699	5095	68700	2.9591520320011233e-29	3.7285607755406415e-06	0.0003057419835943326
F83	F84	26	369	187	68700	8.424404369942196e-29	3.7285607755406415e-06	0.00030947054436987324
G40	G80	41	1223	231	68700	2.1086902093083585e-28	3.7285607755406415e-06	0.00031319910514541387
F41	K02	29	53	2446	68700	2.8488896440388957e-28	3.7285607755406415e-06	0.00031692766592095455
J31	J44	71	622	1606	68700	6.186729664355304e-28	3.7285607755406415e-06	0.0003206562266964952
M13	M25	18	165	123	68700	3.839074643638535e-27	3.7285607755406415e-06	0.0003243847874720358
F83	F89	25	369	193	68700	6.06312003167164e-27	3.7285607755406415e-06	0.00032811334824757644
B37	J00	108	1043	2172	68700	7.139080067378444e-27	3.7285607755406415e-06	0.00033184190902311707
F81	F98	18	68	322	68700	7.598748359372162e-27	3.7285607755406415e-06	0.00033557046979865775
F90	F92	19	420	66	68700	7.68678654523172e-27	3.7285607755406415e-06	0.0003392990305741984
D69	D70	21	329	121	68700	1.1134532359127633e-26	3.7285607755406415e-06	0.000343027591349739
F41	K05	11	53	36	68700	1.1212836091817366e-26	3.7285607755406415e-06	0.00034675615212527964
C71	D43	11	80	26	68700	1.9824688840228503e-26	3.7285607755406415e-06	0.0003504847129008203
B37	H10	54	1043	578	68700	4.1246782213560573e-26	3.7285607755406415e-06	0.00035421327367636096
F81	F82	16	68	215	68700	6.102978177095174e-26	3.7285607755406415e-06	0.0003579418344519016
J00	A09	309	2172	5307	68700	8.653149982204988e-26	3.7285607755406415e-06	0.0003616703952274422
K71	K76	10	16	96	68700	1.3910505812677522e-25	3.7285607755406415e-06	0.00036539895600298285
J45	L20	60	1421	551	68700	1.9628803541587368e-25	3.7285607755406415e-06	0.00036912751677852353
J18	J90	27	2731	49	68700	2.855875028323362e-25	3.7285607755406415e-06	0.00037285607755406416
J12	J20	85	325	5095	68700	4.8482266662704155e-25	3.7285607755406415e-06	0.0003765846383296048
F82	F98	23	215	322	68700	2.7395088904505278e-24	3.7285607755406415e-06	0.0003803131991051454
G91	G93	18	190	152	68700	2.9235421290590716e-24	3.7285607755406415e-06	0.0003840417598806861
I88	K56	37	598	462	68700	4.110347440495091e-24	3.7285607755406415e-06	0.00038777032065622673
J00	J03	176	2172	2449	68700	6.5737792547212984e-24	3.7285607755406415e-06	0.00039149888143176736
H66	J18	179	1999	2731	68700	6.820862353959804e-24	3.7285607755406415e-06	0.000395227442207308
K59	K60	27	1072	119	68700	1.2596456413940283e-23	3.7285607755406415e-06	0.0003989560029828486
N10	A41	22	229	279	68700	1.2973521394912376e-23	3.7285607755406415e-06	0.0004026845637583893
B95	N00	9	34	32	68700	1.5551683550340764e-23	3.7285607755406415e-06	0.00040641312453392993
K02	K05	22	2446	36	68700	2.910306126572266e-23	3.7285607755406415e-06	0.00041014168530947056
H69	J35	40	47	12466	68700	3.4416701016225055e-23	3.7285607755406415e-06	0.0004138702460850112
H66	H70	37	1999	156	68700	3.5650278813141804e-23	3.7285607755406415e-06	0.0004175988068605518
J20	J96	112	5095	544	68700	4.7270641367079657e-23	3.7285607755406415e-06	0.0004213273676360925
C71	G93	14	80	152	68700	4.8480120339701665e-23	3.7285607755406415e-06	0.00042505592841163314
H66	H92	31	1999	103	68700	4.9514154182813255e-23	3.7285607755406415e-06	0.00042878448918717377
J44	J45	101	1606	1421	68700	1.1233199199558377e-22	3.7285607755406415e-06	0.0004325130499627144
G93	J96	23	152	544	68700	1.1619897129275762e-22	3.7285607755406415e-06	0.0004362416107382551
J18	J98	81	2731	580	68700	1.3539301922240583e-22	3.7285607755406415e-06	0.0004399701715137957
G40	G81	24	1223	83	68700	1.3894062930797632e-22	3.7285607755406415e-06	0.00044369873228933634
F80	F98	28	469	322	68700	2.6260993474324446e-22	3.7285607755406415e-06	0.00044742729306487697
F70	F80	14	33	469	68700	2.8610663256097094e-22	3.7285607755406415e-06	0.0004511558538404176
N13	N26	15	740	31	68700	6.785317496169053e-22	3.7285607755406415e-06	0.0004548844146159583
J20	J98	114	5095	580	68700	9.892801625722503e-22	3.7285607755406415e-06	0.0004586129753914989
C91	A41	16	93	279	68700	1.020327689582123e-21	3.7285607755406415e-06	0.00046234153616703954
N39	A41	35	1031	279	68700	1.072485329081204e-21	3.7285607755406415e-06	0.00046607009694258017
C91	D70	13	93	121	68700	1.860373060946405e-21	3.7285607755406415e-06	0.00046979865771812086
C91	D61	10	93	37	68700	4.236068198721956e-21	3.7285607755406415e-06	0.0004735272184936615
F82	G40	33	215	1223	68700	4.4265873005172084e-21	3.7285607755406415e-06	0.0004772557792692021
F80	H91	22	469	184	68700	8.03430799867673e-21	3.7285607755406415e-06	0.00048098434004474274
E86	K52	113	2925	1000	68700	8.354716446138648e-21	3.7285607755406415e-06	0.0004847129008202834
G44	H81	9	106	21	68700	1.0124691573544395e-20	3.7285607755406415e-06	0.000488441461595824
N44	N45	14	149	121	68700	1.6900626198945184e-20	3.7285607755406415e-06	0.0004921700223713646
E84	K86	8	83	15	68700	2.049334068094024e-20	3.7285607755406415e-06	0.0004958985831469054
I88	J03	74	598	2449	68700	2.3538753908360167e-20	3.7285607755406415e-06	0.000499627143922446
C71	D70	12	80	121	68700	2.768381190349092e-20	3.7285607755406415e-06	0.0005033557046979866
B37	J21	58	1043	890	68700	3.474906837800779e-20	3.7285607755406415e-06	0.0005070842654735273
E87	J96	35	600	544	68700	9.415852618902704e-20	3.7285607755406415e-06	0.0005108128262490679
C71	J96	17	80	544	68700	9.453069162136582e-20	3.7285607755406415e-06	0.0005145413870246085
F83	G82	19	369	166	68700	9.76821582108089e-20	3.7285607755406415e-06	0.0005182699478001491
J18	J96	73	2731	544	68700	1.6578897958656375e-19	3.7285607755406415e-06	0.0005219985085756898
D61	D69	12	37	329	68700	1.979430048374015e-19	3.7285607755406415e-06	0.0005257270693512304
F80	F84	21	469	187	68700	2.3224360497977227e-19	3.7285607755406415e-06	0.0005294556301267711
H66	J31	66	1999	622	68700	2.8256149357372304e-19	3.7285607755406415e-06	0.0005331841909023118
M21	M96	7	99	9	68700	3.7321429312483084e-19	3.7285607755406415e-06	0.0005369127516778524
J20	L20	105	5095	551	68700	4.1037141854582538e-19	3.7285607755406415e-06	0.000540641312453393
J69	J96	16	71	544	68700	4.114147478870511e-19	3.7285607755406415e-06	0.0005443698732289337
J20	J44	221	5095	1606	68700	4.3367790785045713e-19	3.7285607755406415e-06	0.0005480984340044743
E72	E88	8	32	51	68700	5.37236270124582e-19	3.7285607755406415e-06	0.0005518269947800149
K04	K05	15	959	36	68700	5.665788176576665e-19	3.7285607755406415e-06	0.0005555555555555556
B37	J18	107	1043	2731	68700	7.841396408837761e-19	3.7285607755406415e-06	0.0005592841163310962
C91	C95	7	93	10	68700	7.909252296202382e-19	3.7285607755406415e-06	0.0005630126771066369
F80	F94	14	469	55	68700	1.3272657299940865e-18	3.7285607755406415e-06	0.0005667412378821776
G81	I63	8	83	23	68700	1.5494048627197277e-18	3.7285607755406415e-06	0.0005704697986577182
K61	L02	16	136	297	68700	1.6264478630432405e-18	3.7285607755406415e-06	0.0005741983594332588
F83	G80	20	369	231	68700	2.8097017757946396e-18	3.7285607755406415e-06	0.0005779269202087994
C47	C74	6	10	37	68700	3.3390022631918372e-18	3.7285607755406415e-06	0.0005816554809843401
M21	M24	9	99	39	68700	3.771150938939923e-18	3.7285607755406415e-06	0.0005853840417598807
G31	G40	14	27	1223	68700	4.825295518406727e-18	3.7285607755406415e-06	0.0005891126025354213
J00	J04	131	2172	1826	68700	5.6528738398260454e-18	3.7285607755406415e-06	0.000592841163310962
I47	J96	17	101	544	68700	6.3934824845884944e-18	3.7285607755406415e-06	0.0005965697240865027
F84	F89	15	187	193	68700	1.0379837669981779e-17	3.7285607755406415e-06	0.0006002982848620433
J03	L04	50	2449	334	68700	1.3124743226466497e-17	3.7285607755406415e-06	0.000604026845637584
J03	B00	68	2449	580	68700	1.3849049301612964e-17	3.7285607755406415e-06	0.0006077554064131246
D61	D70	9	37	121	68700	1.4365256660936252e-17	3.7285607755406415e-06	0.0006114839671886652
C71	C79	6	80	7	68700	1.4395558385738524e-17	3.7285607755406415e-06	0.0006152125279642058
F70	F83	11	33	369	68700	1.609811679881215e-17	3.7285607755406415e-06	0.0006189410887397465
I45	I47	8	25	101	68700	1.7408710950204087e-17	3.7285607755406415e-06	0.0006226696495152871
G80	M21	13	231	99	68700	2.3924466247215557e-17	3.7285607755406415e-06	0.0006263982102908277
H61	H65	92	337	7413	68700	2.747395329302356e-17	3.7285607755406415e-06	0.0006301267710663684
B37	J06	116	1043	3261	68700	3.0898839318912717e-17	3.7285607755406415e-06	0.0006338553318419091
F43	F94	11	221	55	68700	3.1376751781164777e-17	3.7285607755406415e-06	0.0006375838926174497
J06	J44	156	3261	1606	68700	3.4941828585519375e-17	3.7285607755406415e-06	0.0006413124533929904
C91	E24	6	93	7	68700	3.650968552272892e-17	3.7285607755406415e-06	0.000645041014168531
J06	J45	143	3261	1421	68700	3.960317601243559e-17	3.7285607755406415e-06	0.0006487695749440716
E23	E34	11	50	251	68700	4.090001078144428e-17	3.7285607755406415e-06	0.0006524981357196123
F83	F93	14	369	88	68700	5.83585800090749e-17	3.7285607755406415e-06	0.0006562266964951529
K00	K01	9	110	49	68700	9.636133787323124e-17	3.7285607755406415e-06	0.0006599552572706935
B34	H66	74	846	1999	68700	9.678359085731478e-17	3.7285607755406415e-06	0.0006636838180462341
G82	G93	13	166	152	68700	9.716425105307526e-17	3.7285607755406415e-06	0.0006674123788217749
N10	B96	10	229	41	68700	1.422648100651571e-16	3.7285607755406415e-06	0.0006711409395973155
F80	F89	19	469	193	68700	1.451332864402427e-16	3.7285607755406415e-06	0.0006748695003728561
D50	A08	145	699	7044	68700	1.453942962591105e-16	3.7285607755406415e-06	0.0006785980611483968
G03	A69	9	86	65	68700	1.4796201023926215e-16	3.7285607755406415e-06	0.0006823266219239374
G47	J35	159	470	12466	68700	2.7019987553154277e-16	3.7285607755406415e-06	0.000686055182699478
B37	H66	83	1043	1999	68700	3.312093298271802e-16	3.7285607755406415e-06	0.0006897837434750187
I42	I50	6	28	24	68700	3.456323969785412e-16	3.7285607755406415e-06	0.0006935123042505593
J15	J44	70	983	1606	68700	3.9076194273917844e-16	3.7285607755406415e-06	0.0006972408650260999
G91	G94	6	190	6	68700	4.132890870596297e-16	3.7285607755406415e-06	0.0007009694258016407
B27	J03	39	227	2449	68700	4.281764775342078e-16	3.7285607755406415e-06	0.0007046979865771813
H73	J02	20	125	914	68700	4.746210541990472e-16	3.7285607755406415e-06	0.0007084265473527219
K63	K92	9	42	155	68700	5.007587315410969e-16	3.7285607755406415e-06	0.0007121551081282625
G54	G83	6	22	33	68700	5.630284002751217e-16	3.7285607755406415e-06	0.0007158836689038032
J05	J31	25	324	622	68700	6.035140577869444e-16	3.7285607755406415e-06	0.0007196122296793438
H10	J31	32	578	622	68700	7.317865942244172e-16	3.7285607755406415e-06	0.0007233407904548844
H10	J18	69	578	2731	68700	7.425124706015357e-16	3.7285607755406415e-06	0.0007270693512304251
D16	M85	7	61	31	68700	7.87654497847153e-16	3.7285607755406415e-06	0.0007307979120059657
F83	H52	15	369	133	68700	9.195379517468908e-16	3.7285607755406415e-06	0.0007345264727815064
J30	J46	13	219	137	68700	9.24458160049756e-16	3.7285607755406415e-06	0.0007382550335570471
J02	A09	142	914	5307	68700	1.4313453731564882e-15	3.7285607755406415e-06	0.0007419835943325877
N30	N39	14	44	1031	68700	2.0401300495601452e-15	3.7285607755406415e-06	0.0007457121551081283
J34	J35	51	93	12466	68700	2.140116372162055e-15	3.7285607755406415e-06	0.000749440715883669
G47	J96	27	470	544	68700	2.273632144293765e-15	3.7285607755406415e-06	0.0007531692766592096
F79	G40	13	31	1223	68700	2.5963032660163453e-15	3.7285607755406415e-06	0.0007568978374347502
J21	J96	36	890	544	68700	2.8045279955357302e-15	3.7285607755406415e-06	0.0007606263982102908
J02	J20	137	914	5095	68700	3.400824067536329e-15	3.7285607755406415e-06	0.0007643549589858315
J00	A08	338	2172	7044	68700	4.263862684373537e-15	3.7285607755406415e-06	0.0007680835197613722
J00	J45	104	2172	1421	68700	4.4780150985158555e-15	3.7285607755406415e-06	0.0007718120805369128
J12	J21	28	325	890	68700	5.2523992535979765e-15	3.7285607755406415e-06	0.0007755406413124535
N35	N36	9	138	60	68700	5.535251100017905e-15	3.7285607755406415e-06	0.0007792692020879941
D64	J96	21	265	544	68700	5.7087939542173035e-15	3.7285607755406415e-06	0.0007829977628635347
J15	J90	14	983	49	68700	5.843755687151533e-15	3.7285607755406415e-06	0.0007867263236390754
J04	J20	228	1826	5095	68700	7.845039095209545e-15	3.7285607755406415e-06	0.000790454884414616
F93	F98	12	88	322	68700	1.3674804625416101e-14	3.7285607755406415e-06	0.0007941834451901566
D80	D84	7	69	40	68700	1.367892958712456e-14	3.7285607755406415e-06	0.0007979120059656972
G81	M62	9	83	113	68700	1.8894216966638315e-14	3.7285607755406415e-06	0.000801640566741238
B27	L27	10	227	65	68700	1.9402777058451094e-14	3.7285607755406415e-06	0.0008053691275167786
K40	K46	13	2438	21	68700	2.1398104455930553e-14	3.7285607755406415e-06	0.0008090976882923192
N39	B96	13	1031	41	68700	2.1729862004638656e-14	3.7285607755406415e-06	0.0008128262490678599
N13	N18	11	740	32	68700	2.21055310358901e-14	3.7285607755406415e-06	0.0008165548098434005
B97	J21	14	59	890	68700	2.6302602987222584e-14	3.7285607755406415e-06	0.0008202833706189411
H10	H66	55	578	1999	68700	2.711058341715192e-14	3.7285607755406415e-06	0.0008240119313944818
G80	M67	9	231	44	68700	3.005630556432741e-14	3.7285607755406415e-06	0.0008277404921700224
K02	K10	14	2446	26	68700	3.275369445212913e-14	3.7285607755406415e-06	0.000831469052945563
C91	D69	12	93	329	68700	3.5052871200295615e-14	3.7285607755406415e-06	0.0008351976137211036
N35	N99	7	138	24	68700	3.8046637050892426e-14	3.7285607755406415e-06	0.0008389261744966444
G40	J96	40	1223	544	68700	8.031348787653086e-14	3.7285607755406415e-06	0.000842654735272185
D69	E24	6	329	7	68700	8.034558883515769e-14	3.7285607755406415e-06	0.0008463832960477256
F80	K07	11	469	54	68700	9.817641398490392e-14	3.7285607755406415e-06	0.0008501118568232663
J20	J21	130	5095	890	68700	1.1800086843701124e-13	3.7285607755406415e-06	0.0008538404175988069
N13	N32	10	740	27	68700	1.4158755604991328e-13	3.7285607755406415e-06	0.0008575689783743475
F83	G93	14	369	152	68700	1.4481675461622858e-13	3.7285607755406415e-06	0.0008612975391498882
H73	J20	37	125	5095	68700	1.4907641767689387e-13	3.7285607755406415e-06	0.0008650260999254288
K04	K12	27	959	320	68700	1.5483498860668043e-13	3.7285607755406415e-06	0.0008687546607009694
K40	K45	13	2438	24	68700	2.3754071491284467e-13	3.7285607755406415e-06	0.0008724832214765102
G40	I47	18	1223	101	68700	2.651053194237236e-13	3.7285607755406415e-06	0.0008762117822520508
F90	F93	12	420	88	68700	3.1496003126010855e-13	3.7285607755406415e-06	0.0008799403430275914
B37	J98	37	1043	580	68700	4.3707775019344804e-13	3.7285607755406415e-06	0.000883668903803132
F81	F92	7	68	66	68700	5.033745459333732e-13	3.7285607755406415e-06	0.0008873974645786727
F80	G80	17	469	231	68700	6.98839192595518e-13	3.7285607755406415e-06	0.0008911260253542133
G40	G91	23	1223	190	68700	7.004079906369121e-13	3.7285607755406415e-06	0.0008948545861297539
K29	K92	10	135	155	68700	7.876281512345724e-13	3.7285607755406415e-06	0.0008985831469052946
F80	F81	11	469	68	68700	1.4432124934783924e-12	3.7285607755406415e-06	0.0009023117076808352
C71	G91	9	80	190	68700	1.5309987038628875e-12	3.7285607755406415e-06	0.0009060402684563759
B37	J44	65	1043	1606	68700	1.8573074765943677e-12	3.7285607755406415e-06	0.0009097688292319166
F80	G40	35	469	1223	68700	1.8709910630777785e-12	3.7285607755406415e-06	0.0009134973900074572
M08	M13	7	34	165	68700	2.065109092396053e-12	3.7285607755406415e-06	0.0009172259507829978
N35	N47	55	138	10451	68700	2.0769673552897593e-12	3.7285607755406415e-06	0.0009209545115585385
N43	N47	220	919	10451	68700	2.1897499570258193e-12	3.7285607755406415e-06	0.0009246830723340791
K21	K29	12	320	135	68700	2.3535012922107754e-12	3.7285607755406415e-06	0.0009284116331096197
H66	L22	58	1999	705	68700	2.49177528413927e-12	3.7285607755406415e-06	0.0009321401938851603
H66	H72	15	1999	47	68700	2.695827066416156e-12	3.7285607755406415e-06	0.000935868754660701
G91	G97	6	190	16	68700	3.2344256678761957e-12	3.7285607755406415e-06	0.0009395973154362417
F92	F93	7	66	88	68700	3.247117133405339e-12	3.7285607755406415e-06	0.0009433258762117823
G03	G51	8	86	122	68700	3.701623987119262e-12	3.7285607755406415e-06	0.000947054436987323
N32	N39	10	27	1031	68700	3.71603208096997e-12	3.7285607755406415e-06	0.0009507829977628636
F43	F98	14	221	322	68700	3.893713423413221e-12	3.7285607755406415e-06	0.0009545115585384042
K56	K59	32	462	1072	68700	3.916608071584665e-12	3.7285607755406415e-06	0.0009582401193139449
F70	F84	7	33	187	68700	3.9783703292312485e-12	3.7285607755406415e-06	0.0009619686800894855
B37	B99	50	1043	1066	68700	4.241802622706475e-12	3.7285607755406415e-06	0.0009656972408650261
F43	F80	16	221	469	68700	4.266900531361464e-12	3.7285607755406415e-06	0.0009694258016405667
K21	K22	8	320	35	68700	4.282890585407855e-12	3.7285607755406415e-06	0.0009731543624161075
H10	L22	29	578	705	68700	4.294851831272946e-12	3.7285607755406415e-06	0.000976882923191648
D50	J15	38	699	983	68700	4.455963529311308e-12	3.7285607755406415e-06	0.0009806114839671887
J31	K52	36	622	1000	68700	4.480050839626861e-12	3.7285607755406415e-06	0.0009843400447427293
N10	N12	8	229	48	68700	4.5345155538576725e-12	3.7285607755406415e-06	0.00098806860551827
D50	J00	60	699	2172	68700	5.319254781911487e-12	3.7285607755406415e-06	0.0009917971662938107
J02	J03	77	914	2449	68700	5.563598860552865e-12	3.7285607755406415e-06	0.0009955257270693513
D64	A41	14	265	279	68700	6.57448398830127e-12	3.7285607755406415e-06	0.000999254287844892
J44	J96	43	1606	544	68700	6.7759061720665584e-12	3.7285607755406415e-06	0.0010029828486204325
H10	J15	34	578	983	68700	7.147139511603543e-12	3.7285607755406415e-06	0.0010067114093959733
H65	H74	24	7413	47	68700	7.929303484780255e-12	3.7285607755406415e-06	0.0010104399701715138
B37	J12	26	1043	325	68700	9.429493541630474e-12	3.7285607755406415e-06	0.0010141685309470545
J15	J91	8	983	15	68700	1.0058084186537496e-11	3.7285607755406415e-06	0.001017897091722595
G80	G81	9	231	83	68700	1.2440276963358283e-11	3.7285607755406415e-06	0.0010216256524981358
A02	E86	39	263	2925	68700	1.41123804918473e-11	3.7285607755406415e-06	0.0010253542132736765
G82	M67	7	166	44	68700	1.5044775590362265e-11	3.7285607755406415e-06	0.001029082774049217
F83	F94	9	369	55	68700	1.7263360867512202e-11	3.7285607755406415e-06	0.0010328113348247578
J15	J45	56	983	1421	68700	1.9015543843916446e-11	3.7285607755406415e-06	0.0010365398956002983
H52	H55	7	133	57	68700	2.118599499757323e-11	3.7285607755406415e-06	0.001040268456375839
F83	F91	11	369	109	68700	2.2189190032210873e-11	3.7285607755406415e-06	0.0010439970171513796
H68	J35	27	41	12466	68700	2.2851709027941245e-11	3.7285607755406415e-06	0.0010477255779269203
K56	K91	8	462	31	68700	2.7125979008013868e-11	3.7285607755406415e-06	0.0010514541387024608
G40	J69	14	1223	71	68700	2.7983776003982062e-11	3.7285607755406415e-06	0.0010551826994780016
N10	N28	10	229	133	68700	3.279165092096078e-11	3.7285607755406415e-06	0.0010589112602535423
J18	J40	58	2731	555	68700	3.482801277184656e-11	3.7285607755406415e-06	0.0010626398210290828
F82	F92	8	215	66	68700	3.966995865212771e-11	3.7285607755406415e-06	0.0010663683818046236
H10	J21	31	578	890	68700	5.143717888973498e-11	3.7285607755406415e-06	0.001070096942580164
F90	F94	9	420	55	68700	5.4320374523212044e-11	3.7285607755406415e-06	0.0010738255033557048
G80	M24	7	231	39	68700	6.225234055359572e-11	3.7285607755406415e-06	0.0010775540641312453
J15	J18	84	983	2731	68700	7.160636832280153e-11	3.7285607755406415e-06	0.001081282624906786
F98	K59	25	322	1072	68700	7.925375965238613e-11	3.7285607755406415e-06	0.0010850111856823266
J96	J98	24	544	580	68700	8.008946702621307e-11	3.7285607755406415e-06	0.0010887397464578673
D70	A41	10	121	279	68700	8.837134792266934e-11	3.7285607755406415e-06	0.001092468307233408
N12	N13	10	48	740	68700	8.956220613160418e-11	3.7285607755406415e-06	0.0010961968680089486
B07	B08	19	305	628	68700	9.10722608652994e-11	3.7285607755406415e-06	0.0010999254287844893
B37	D50	37	1043	699	68700	9.650166604193761e-11	3.7285607755406415e-06	0.0011036539895600299
F81	F83	9	68	369	68700	1.2583604501727878e-10	3.7285607755406415e-06	0.0011073825503355706
K21	K31	8	320	52	68700	1.2785217060825163e-10	3.7285607755406415e-06	0.0011111111111111111
D69	D72	8	329	51	68700	1.3525553475350586e-10	3.7285607755406415e-06	0.0011148396718866518
B34	J02	38	846	914	68700	1.3665152355682715e-10	3.7285607755406415e-06	0.0011185682326621924
A41	J96	17	279	544	68700	1.4120546334256196e-10	3.7285607755406415e-06	0.001122296793437733
N39	B37	46	1031	1043	68700	1.5664833710666312e-10	3.7285607755406415e-06	0.0011260253542132738
H35	H53	6	53	98	68700	1.5683499569193628e-10	3.7285607755406415e-06	0.0011297539149888144
F41	K04	11	53	959	68700	1.6559978766622948e-10	3.7285607755406415e-06	0.001133482475764355
H04	H10	17	266	578	68700	1.7026925888266096e-10	3.7285607755406415e-06	0.0011372110365398956
I88	L04	19	598	334	68700	1.8690767724308165e-10	3.7285607755406415e-06	0.0011409395973154364
F94	F98	8	55	322	68700	2.1466839628043648e-10	3.7285607755406415e-06	0.0011446681580909769
J06	J31	68	3261	622	68700	2.1937441723643352e-10	3.7285607755406415e-06	0.0011483967188665176
F82	G80	11	215	231	68700	2.3494940882133205e-10	3.7285607755406415e-06	0.0011521252796420581
F50	B00	13	139	580	68700	2.3933805559948534e-10	3.7285607755406415e-06	0.0011558538404175989
D22	D23	8	184	97	68700	2.6786795305624986e-10	3.7285607755406415e-06	0.0011595824011931396
F43	F83	13	221	369	68700	3.0893323587935655e-10	3.7285607755406415e-06	0.0011633109619686801
N11	N13	6	10	740	68700	3.098558671235597e-10	3.7285607755406415e-06	0.0011670395227442209
D48	L72	7	110	100	68700	3.14709744053955e-10	3.7285607755406415e-06	0.0011707680835197614
D66	M25	6	48	123	68700	3.359497904944004e-10	3.7285607755406415e-06	0.0011744966442953021
D50	J18	65	699	2731	68700	3.4061312521406916e-10	3.7285607755406415e-06	0.0011782252050708427
D70	G93	8	121	152	68700	3.4718831390902266e-10	3.7285607755406415e-06	0.0011819537658463834
H50	H51	7	628	20	68700	3.6073445081974496e-10	3.7285607755406415e-06	0.001185682326621924
J93	J98	8	34	580	68700	3.682231660465215e-10	3.7285607755406415e-06	0.0011894108873974647
H66	A08	292	1999	7044	68700	3.8434142714517735e-10	3.7285607755406415e-06	0.0011931394481730054
D64	I50	6	265	24	68700	3.951981031063773e-10	3.7285607755406415e-06	0.001196868008948546
J30	L20	15	219	551	68700	4.053630419153607e-10	3.7285607755406415e-06	0.0012005965697240867
D50	H66	53	699	1999	68700	4.154170179606125e-10	3.7285607755406415e-06	0.0012043251304996272
F82	F93	8	215	88	68700	4.185472504863474e-10	3.7285607755406415e-06	0.001208053691275168
I47	I49	6	101	61	68700	4.5159561858097533e-10	3.7285607755406415e-06	0.0012117822520507084
N13	B37	37	740	1043	68700	4.658033594948051e-10	3.7285607755406415e-06	0.0012155108128262492
G91	J96	14	190	544	68700	5.079922388132752e-10	3.7285607755406415e-06	0.0012192393736017897
I50	J96	7	24	544	68700	5.785846618710807e-10	3.7285607755406415e-06	0.0012229679343773304
B97	J20	21	59	5095	68700	5.877495783373347e-10	3.7285607755406415e-06	0.001226696495152871
F82	G91	10	215	190	68700	5.940154796630528e-10	3.7285607755406415e-06	0.0012304250559284117
G40	H54	8	1223	19	68700	6.262610881000815e-10	3.7285607755406415e-06	0.0012341536167039524
J03	J06	184	2449	3261	68700	7.04931310954651e-10	3.7285607755406415e-06	0.001237882177479493
G81	G93	7	83	152	68700	8.14205408120022e-10	3.7285607755406415e-06	0.0012416107382550337
G44	J06	23	106	3261	68700	8.209506862973876e-10	3.7285607755406415e-06	0.0012453392990305742
E66	K76	9	320	96	68700	8.382532350210739e-10	3.7285607755406415e-06	0.001249067859806115
F92	F98	8	66	322	68700	9.683812640398938e-10	3.7285607755406415e-06	0.0012527964205816555
H35	H52	6	53	133	68700	1.0008342637215128e-09	3.7285607755406415e-06	0.0012565249813571962
F84	G80	10	187	231	68700	1.019640600706955e-09	3.7285607755406415e-06	0.0012602535421327367
G91	H47	6	190	38	68700	1.0600931032952218e-09	3.7285607755406415e-06	0.0012639821029082775
H73	A09	32	125	5307	68700	1.1232966065086981e-09	3.7285607755406415e-06	0.0012677106636838182
F91	F92	6	109	66	68700	1.1667745064247487e-09	3.7285607755406415e-06	0.0012714392244593587
E86	L22	67	2925	705	68700	1.2102885055413413e-09	3.7285607755406415e-06	0.0012751677852348995
J18	J21	75	2731	890	68700	1.3499758519402272e-09	3.7285607755406415e-06	0.00127889634601044
G40	J06	107	1223	3261	68700	1.3591795704649336e-09	3.7285607755406415e-06	0.0012826249067859807
F89	G80	10	193	231	68700	1.384680818437683e-09	3.7285607755406415e-06	0.0012863534675615212
N31	N39	11	60	1031	68700	1.4463773052234428e-09	3.7285607755406415e-06	0.001290082028337062
J44	L20	39	1606	551	68700	1.525012298010885e-09	3.7285607755406415e-06	0.0012938105891126025
B34	B37	39	846	1043	68700	1.5734124425614077e-09	3.7285607755406415e-06	0.0012975391498881432
K52	K56	27	1000	462	68700	1.6875379787505299e-09	3.7285607755406415e-06	0.001301267710663684
H47	H50	8	38	628	68700	1.7917795879235345e-09	3.7285607755406415e-06	0.0013049962714392245
G40	M62	15	1223	113	68700	1.8718813328476283e-09	3.7285607755406415e-06	0.0013087248322147652
G71	M62	6	69	113	68700	1.9072949181506913e-09	3.7285607755406415e-06	0.0013124533929903058
J44	J98	40	1606	580	68700	1.9858466308161185e-09	3.7285607755406415e-06	0.0013161819537658465
H74	J35	27	47	12466	68700	2.0129922131742843e-09	3.7285607755406415e-06	0.001319910514541387
K10	K12	6	26	320	68700	2.0742708407612085e-09	3.7285607755406415e-06	0.0013236390753169278
N12	N39	10	48	1031	68700	2.1668375199281503e-09	3.7285607755406415e-06	0.0013273676360924683
D64	J18	34	265	2731	68700	2.292812608955479e-09	3.7285607755406415e-06	0.001331096196868009
F80	H52	11	469	133	68700	2.387166355014152e-09	3.7285607755406415e-06	0.0013348247576435498
D50	J02	32	699	914	68700	2.464341617588311e-09	3.7285607755406415e-06	0.0013385533184190903
J15	J98	30	983	580	68700	2.4946522507136072e-09	3.7285607755406415e-06	0.001342281879194631
E86	H66	142	2925	1999	68700	2.6060627582214875e-09	3.7285607755406415e-06	0.0013460104399701715
E16	E87	11	106	600	68700	2.7075193146209694e-09	3.7285607755406415e-06	0.0013497390007457123
L20	L27	9	551	65	68700	2.761355940886747e-09	3.7285607755406415e-06	0.0013534675615212528
J18	L22	63	2731	705	68700	2.9926014206975903e-09	3.7285607755406415e-06	0.0013571961222967935
H66	J15	64	1999	983	68700	3.1959651670523777e-09	3.7285607755406415e-06	0.001360924683072334
F90	G40	28	420	1223	68700	3.701355246266845e-09	3.7285607755406415e-06	0.0013646532438478748
K08	K12	13	313	320	68700	3.773192507566145e-09	3.7285607755406415e-06	0.0013683818046234155
G71	J96	9	69	544	68700	4.260989785878872e-09	3.7285607755406415e-06	0.001372110365398956
C91	K76	6	93	96	68700	4.389847097657004e-09	3.7285607755406415e-06	0.0013758389261744968
F80	F91	10	469	109	68700	4.664158414697244e-09	3.7285607755406415e-06	0.0013795674869500373
K59	K62	11	1072	65	68700	5.270371799092216e-09	3.7285607755406415e-06	0.001383296047725578
B34	H10	27	846	578	68700	5.79690373313458e-09	3.7285607755406415e-06	0.0013870246085011186
B37	K21	22	1043	320	68700	6.119179908645291e-09	3.7285607755406415e-06	0.0013907531692766593
N13	D64	17	740	265	68700	6.488066441902497e-09	3.7285607755406415e-06	0.0013944817300521998
K21	K91	6	320	31	68700	6.504826927561673e-09	3.7285607755406415e-06	0.0013982102908277406
L01	B00	12	149	580	68700	6.514303188311815e-09	3.7285607755406415e-06	0.0014019388516032813
B37	J11	19	1043	240	68700	6.7710141774945855e-09	3.7285607755406415e-06	0.0014056674123788218
E88	J96	8	51	544	68700	6.935290485755135e-09	3.7285607755406415e-06	0.0014093959731543626
G82	K21	10	166	320	68700	7.3072127687075445e-09	3.7285607755406415e-06	0.001413124533929903
F83	G41	9	369	107	68700	7.617699432932589e-09	3.7285607755406415e-06	0.0014168530947054438
D68	J35	43	100	12466	68700	7.64039508605787e-09	3.7285607755406415e-06	0.0014205816554809843
J06	A08	434	3261	7044	68700	7.832152959154325e-09	3.7285607755406415e-06	0.001424310216256525
F40	K02	7	10	2446	68700	7.852018688207947e-09	3.7285607755406415e-06	0.0014280387770320656
H66	J44	89	1999	1606	68700	8.668330117072721e-09	3.7285607755406415e-06	0.0014317673378076063
F90	F95	8	420	67	68700	8.690441228305062e-09	3.7285607755406415e-06	0.001435495898583147
J15	J96	28	983	544	68700	9.350347097225202e-09	3.7285607755406415e-06	0.0014392244593586876
E72	E87	7	32	600	68700	1.0426051427175472e-08	3.7285607755406415e-06	0.0014429530201342283
H90	J96	19	472	544	68700	1.1636679273891608e-08	3.7285607755406415e-06	0.0014466815809097689
F83	H50	18	369	628	68700	1.3307214775628265e-08	3.7285607755406415e-06	0.0014504101416853096
B99	J03	76	1066	2449	68700	1.3575857205078548e-08	3.7285607755406415e-06	0.0014541387024608501
F89	G93	8	193	152	68700	1.3909638129597964e-08	3.7285607755406415e-06	0.0014578672632363909
G41	I47	6	107	101	68700	1.3918835305080389e-08	3.7285607755406415e-06	0.0014615958240119314
H50	H54	6	628	19	68700	1.397145117062817e-08	3.7285607755406415e-06	0.0014653243847874721
J06	J11	34	3261	240	68700	1.4162063381812267e-08	3.7285607755406415e-06	0.0014690529455630129
E16	J96	10	106	544	68700	1.4411355166584783e-08	3.7285607755406415e-06	0.0014727815063385534
F79	F83	6	31	369	68700	1.5155614006952032e-08	3.7285607755406415e-06	0.0014765100671140941
E86	B00	56	2925	580	68700	1.5445248822734573e-08	3.7285607755406415e-06	0.0014802386278896346
L20	B00	21	551	580	68700	1.560124863705582e-08	3.7285607755406415e-06	0.0014839671886651754
L04	M43	9	334	128	68700	1.5637797841876914e-08	3.7285607755406415e-06	0.001487695749440716
G41	J96	10	107	544	68700	1.5785241356377614e-08	3.7285607755406415e-06	0.0014914243102162566
J31	J45	37	622	1421	68700	1.5979555471440753e-08	3.7285607755406415e-06	0.0014951528709917972
B37	K52	41	1043	1000	68700	1.6651079618649032e-08	3.7285607755406415e-06	0.001498881431767338
N13	N31	9	740	60	68700	1.6848716992601544e-08	3.7285607755406415e-06	0.0015026099925428786
E66	I10	6	320	36	68700	1.6874322958724342e-08	3.7285607755406415e-06	0.0015063385533184192
D64	E87	15	265	600	68700	1.7007521399157343e-08	3.7285607755406415e-06	0.00151006711409396
E86	J00	148	2925	2172	68700	1.7325083846389333e-08	3.7285607755406415e-06	0.0015137956748695004
C71	G40	12	80	1223	68700	1.9027358838836405e-08	3.7285607755406415e-06	0.0015175242356450412
N18	N39	8	32	1031	68700	1.914553226468046e-08	3.7285607755406415e-06	0.0015212527964205817
E71	J96	6	23	544	68700	2.159473580753473e-08	3.7285607755406415e-06	0.0015249813571961224
F84	G82	8	187	166	68700	2.164630702801266e-08	3.7285607755406415e-06	0.001528709917971663
F82	F94	6	215	55	68700	2.2343703071321633e-08	3.7285607755406415e-06	0.0015324384787472037
G82	G91	8	166	190	68700	2.4494834185531048e-08	3.7285607755406415e-06	0.0015361670395227444
H71	H90	7	45	472	68700	2.5037383562998862e-08	3.7285607755406415e-06	0.001539895600298285
J00	J02	62	2172	914	68700	2.5258495766702883e-08	3.7285607755406415e-06	0.0015436241610738257
D50	E61	9	699	67	68700	2.8070086657300734e-08	3.7285607755406415e-06	0.0015473527218493662
F83	F98	13	369	322	68700	2.8423243894748583e-08	3.7285607755406415e-06	0.001551081282624907
F95	F98	7	67	322	68700	3.181636528755284e-08	3.7285607755406415e-06	0.0015548098434004474
J02	L04	20	914	334	68700	3.393420468270038e-08	3.7285607755406415e-06	0.0015585384041759882
F44	G40	7	20	1223	68700	3.526613998252305e-08	3.7285607755406415e-06	0.0015622669649515287
J42	J98	11	140	580	68700	3.5928091427028545e-08	3.7285607755406415e-06	0.0015659955257270694
E71	E87	6	23	600	68700	3.851264333018513e-08	3.7285607755406415e-06	0.0015697240865026102
G47	H90	17	470	472	68700	4.148061967798599e-08	3.7285607755406415e-06	0.0015734526472781507
F91	F98	8	109	322	68700	5.3795609191292913e-08	3.7285607755406415e-06	0.0015771812080536914
J31	J40	21	622	555	68700	5.752227246614728e-08	3.7285607755406415e-06	0.001580909768829232
J40	J44	36	555	1606	68700	5.846785127451684e-08	3.7285607755406415e-06	0.0015846383296047727
F83	J96	16	369	544	68700	6.03118119184095e-08	3.7285607755406415e-06	0.0015883668903803132
J30	J44	21	219	1606	68700	6.190720323638185e-08	3.7285607755406415e-06	0.001592095451155854
F82	G82	8	215	166	68700	6.36828000805358e-08	3.7285607755406415e-06	0.0015958240119313945
J00	J12	31	2172	325	68700	6.539191505475429e-08	3.7285607755406415e-06	0.0015995525727069352
N20	N39	8	37	1031	68700	6.576314017817969e-08	3.7285607755406415e-06	0.001603281133482476
F83	F92	7	369	66	68700	7.227124967697471e-08	3.7285607755406415e-06	0.0016070096942580165
J12	J44	26	325	1606	68700	7.247125590130529e-08	3.7285607755406415e-06	0.0016107382550335572
F43	F91	7	221	109	68700	7.310491007901167e-08	3.7285607755406415e-06	0.0016144668158090977
E03	G40	12	90	1223	68700	7.349497762472306e-08	3.7285607755406415e-06	0.0016181953765846385
B99	J40	28	1066	555	68700	7.697741797333164e-08	3.7285607755406415e-06	0.001621923937360179
J06	L22	67	3261	705	68700	7.814785604266252e-08	3.7285607755406415e-06	0.0016256524981357197
E34	E45	7	251	99	68700	8.936013650845369e-08	3.7285607755406415e-06	0.0016293810589112603
J06	B09	21	3261	114	68700	9.096068607188455e-08	3.7285607755406415e-06	0.001633109619686801
E61	K59	10	67	1072	68700	9.109768564225648e-08	3.7285607755406415e-06	0.0016368381804623417
H10	J06	58	578	3261	68700	9.219947445492286e-08	3.7285607755406415e-06	0.0016405667412378823
F43	F81	6	221	68	68700	9.593504680319646e-08	3.7285607755406415e-06	0.001644295302013423
J00	J40	43	2172	555	68700	9.719245678521667e-08	3.7285607755406415e-06	0.0016480238627889635
D50	L22	25	699	705	68700	1.0738313765561651e-07	3.7285607755406415e-06	0.0016517524235645043
G93	I47	6	152	101	68700	1.1318419847120311e-07	3.7285607755406415e-06	0.0016554809843400448
F82	H50	13	215	628	68700	1.1910443581643823e-07	3.7285607755406415e-06	0.0016592095451155855
B37	B00	28	1043	580	68700	1.2183614149399919e-07	3.7285607755406415e-06	0.001662938105891126
H61	H90	14	337	472	68700	1.224598555906915e-07	3.7285607755406415e-06	0.0016666666666666668
J21	J44	48	890	1606	68700	1.2337498600714362e-07	3.7285607755406415e-06	0.0016703952274422073
N13	N20	7	740	37	68700	1.2716604455041608e-07	3.7285607755406415e-06	0.001674123788217748
D50	E86	61	699	2925	68700	1.3947877049334117e-07	3.7285607755406415e-06	0.0016778523489932888
E10	E87	13	228	600	68700	1.396965060658134e-07	3.7285607755406415e-06	0.0016815809097688293
F43	F90	11	221	420	68700	1.48524056541727e-07	3.7285607755406415e-06	0.00168530947054437
J10	J20	28	127	5095	68700	1.5768364969766421e-07	3.7285607755406415e-06	0.0016890380313199106
G80	J69	6	231	71	68700	1.615674457322706e-07	3.7285607755406415e-06	0.0016927665920954513
D18	D48	7	249	110	68700	1.7488988184878116e-07	3.7285607755406415e-06	0.0016964951528709918
F80	F93	8	469	88	68700	1.7723076724115815e-07	3.7285607755406415e-06	0.0017002237136465325
F83	M62	8	369	113	68700	2.0118297441797462e-07	3.7285607755406415e-06	0.001703952274422073
B27	L04	10	227	334	68700	2.081447655296702e-07	3.7285607755406415e-06	0.0017076808351976138
H35	J96	7	53	544	68700	2.113022685538468e-07	3.7285607755406415e-06	0.0017114093959731545
J01	J32	6	226	76	68700	2.138922143668908e-07	3.7285607755406415e-06	0.001715137956748695
E66	K59	20	320	1072	68700	2.16072347832105e-07	3.7285607755406415e-06	0.0017188665175242358
J95	K40	11	43	2438	68700	2.2146220758607645e-07	3.7285607755406415e-06	0.0017225950782997763
D50	A09	93	699	5307	68700	2.3251513284270227e-07	3.7285607755406415e-06	0.001726323639075317
J00	J38	64	2172	1019	68700	2.4197047179594765e-07	3.7285607755406415e-06	0.0017300521998508576
D70	A04	8	121	356	68700	2.599625637257039e-07	3.7285607755406415e-06	0.0017337807606263983
L20	B08	20	551	628	68700	2.664861528246479e-07	3.7285607755406415e-06	0.0017375093214019388
D43	G40	7	26	1223	68700	2.725929770420798e-07	3.7285607755406415e-06	0.0017412378821774796
G80	G91	8	231	190	68700	3.10406219332441e-07	3.7285607755406415e-06	0.0017449664429530203
E87	E88	7	600	51	68700	3.106780961715955e-07	3.7285607755406415e-06	0.0017486950037285608
E10	K90	7	228	132	68700	3.351208655467831e-07	3.7285607755406415e-06	0.0017524235645041016
K60	K92	6	119	155	68700	3.364844445291125e-07	3.7285607755406415e-06	0.001756152125279642
J03	A09	257	2449	5307	68700	3.503706064380112e-07	3.7285607755406415e-06	0.0017598806860551828
J22	J40	15	363	555	68700	3.699256705005986e-07	3.7285607755406415e-06	0.0017636092468307234
F80	H65	87	469	7413	68700	3.741717989046686e-07	3.7285607755406415e-06	0.001767337807606264
D50	E03	9	699	90	68700	3.7670461708087587e-07	3.7285607755406415e-06	0.0017710663683818046
N31	K59	9	60	1072	68700	3.8451720862132714e-07	3.7285607755406415e-06	0.0017747949291573454
L01	L20	10	149	551	68700	4.0957388409819286e-07	3.7285607755406415e-06	0.001778523489932886
I88	A08	101	598	7044	68700	4.15507201701987e-07	3.7285607755406415e-06	0.0017822520507084266
J06	K52	84	3261	1000	68700	4.21823131825956e-07	3.7285607755406415e-06	0.0017859806114839674
J12	J96	14	325	544	68700	4.345329334021057e-07	3.7285607755406415e-06	0.0017897091722595079
A41	E86	32	279	2925	68700	4.405861177352582e-07	3.7285607755406415e-06	0.0017934377330350486
D69	K76	7	329	96	68700	4.483992696839877e-07	3.7285607755406415e-06	0.0017971662938105891
F43	F93	6	221	88	68700	4.502292273863352e-07	3.7285607755406415e-06	0.0018008948545861299
H66	J21	54	1999	890	68700	4.869943536703404e-07	3.7285607755406415e-06	0.0018046234153616704
N13	A41	15	740	279	68700	4.877619926148726e-07	3.7285607755406415e-06	0.0018083519761372111
A41	A49	9	279	229	68700	4.935874490994515e-07	3.7285607755406415e-06	0.0018120805369127519
D64	J21	16	265	890	68700	4.942570337129811e-07	3.7285607755406415e-06	0.0018158090976882924
F70	H50	6	33	628	68700	5.115628325044192e-07	3.7285607755406415e-06	0.0018195376584638331
J18	J31	52	2731	622	68700	5.397293779370092e-07	3.7285607755406415e-06	0.0018232662192393737
E86	I88	53	2925	598	68700	5.558039959143085e-07	3.7285607755406415e-06	0.0018269947800149144
L20	L30	9	551	119	68700	5.69753744207715e-07	3.7285607755406415e-06	0.001830723340790455
B37	J40	26	1043	555	68700	5.983132539647877e-07	3.7285607755406415e-06	0.0018344519015659957
H49	H50	6	34	628	68700	6.163823338342313e-07	3.7285607755406415e-06	0.0018381804623415362
E03	F83	7	90	369	68700	6.208506644776217e-07	3.7285607755406415e-06	0.001841909023117077
F83	H55	6	369	57	68700	6.640436526252018e-07	3.7285607755406415e-06	0.0018456375838926176
A04	E86	37	356	2925	68700	6.869627930125316e-07	3.7285607755406415e-06	0.0018493661446681582
J00	L21	14	2172	88	68700	6.879361175487878e-07	3.7285607755406415e-06	0.001853094705443699
F50	H66	17	139	1999	68700	6.879945120727925e-07	3.7285607755406415e-06	0.0018568232662192394
N39	D64	17	1031	265	68700	7.099432321660264e-07	3.7285607755406415e-06	0.0018605518269947802
J18	J85	6	2731	10	68700	7.179409648925848e-07	3.7285607755406415e-06	0.0018642803877703207
E86	J03	155	2925	2449	68700	7.323501261768784e-07	3.7285607755406415e-06	0.0018680089485458614
D50	H10	21	699	578	68700	7.508475036372629e-07	3.7285607755406415e-06	0.001871737509321402
K21	K92	8	320	155	68700	7.713961577406377e-07	3.7285607755406415e-06	0.0018754660700969427
H65	H91	43	7413	184	68700	8.091835507181636e-07	3.7285607755406415e-06	0.0018791946308724834
B37	D64	17	1043	265	68700	8.308221501254584e-07	3.7285607755406415e-06	0.001882923191648024
E66	F81	6	320	68	68700	8.366267620629613e-07	3.7285607755406415e-06	0.0018866517524235647
J44	J46	15	1606	137	68700	8.622951844762829e-07	3.7285607755406415e-06	0.0018903803131991052
J44	L22	39	1606	705	68700	9.815033542841145e-07	3.7285607755406415e-06	0.001894108873974646
C71	A41	6	80	279	68700	9.928831979225686e-07	3.7285607755406415e-06	0.0018978374347501865
J00	J01	23	2172	226	68700	1.0161178133906014e-06	3.7285607755406415e-06	0.0019015659955257272
E86	I99	6	2925	10	68700	1.0733067029196115e-06	3.7285607755406415e-06	0.0019052945563012677
E03	E34	6	90	251	68700	1.0789950803429047e-06	3.7285607755406415e-06	0.0019090231170768085
F89	H90	10	193	472	68700	1.0856170352642805e-06	3.7285607755406415e-06	0.0019127516778523492
F80	G93	9	469	152	68700	1.1818393684439909e-06	3.7285607755406415e-06	0.0019164802386278897
D69	A41	10	329	279	68700	1.189747433323242e-06	3.7285607755406415e-06	0.0019202087994034305
J96	K40	43	544	2438	68700	1.2015255422931363e-06	3.7285607755406415e-06	0.001923937360178971
A37	J40	7	67	555	68700	1.236949418094735e-06	3.7285607755406415e-06	0.0019276659209545117
J06	A09	325	3261	5307	68700	1.2722110552973683e-06	3.7285607755406415e-06	0.0019313944817300522
E86	J06	195	2925	3261	68700	1.3017391821007154e-06	3.7285607755406415e-06	0.001935123042505593
D50	J22	16	699	363	68700	1.3392807599759279e-06	3.7285607755406415e-06	0.0019388516032811335
B80	K35	6	27	925	68700	1.363060029908943e-06	3.7285607755406415e-06	0.0019425801640566742
J00	J15	60	2172	983	68700	1.4211955061660244e-06	3.7285607755406415e-06	0.001946308724832215
J03	J18	145	2449	2731	68700	1.5081620367588362e-06	3.7285607755406415e-06	0.0019500372856077555
E84	K56	7	83	462	68700	1.5888561296797642e-06	3.7285607755406415e-06	0.001953765846383296
E86	K56	43	2925	462	68700	1.7826870254733114e-06	3.7285607755406415e-06	0.0019574944071588368
B99	F50	12	1066	139	68700	2.0130204306093197e-06	3.7285607755406415e-06	0.0019612229679343775
J00	K00	15	2172	110	68700	2.1014212087831334e-06	3.7285607755406415e-06	0.0019649515287099182
J96	K21	13	544	320	68700	2.132809560850055e-06	3.7285607755406415e-06	0.0019686800894854585
J04	J06	131	1826	3261	68700	2.250375346162544e-06	3.7285607755406415e-06	0.0019724086502609993
B99	J31	27	1066	622	68700	2.3417706397557097e-06	3.7285607755406415e-06	0.00197613721103654
A08	K56	80	7044	462	68700	2.3583637797525673e-06	3.7285607755406415e-06	0.0019798657718120807
D70	J20	25	121	5095	68700	2.5157729465424946e-06	3.7285607755406415e-06	0.0019835943325876215
J30	J35	68	219	12466	68700	2.603913552836241e-06	3.7285607755406415e-06	0.001987322893363162
J00	J21	55	2172	890	68700	2.6608927105228737e-06	3.7285607755406415e-06	0.0019910514541387025
F84	F90	9	187	420	68700	2.6639423716820874e-06	3.7285607755406415e-06	0.0019947800149142433
J02	A08	138	914	7044	68700	2.7409882934571702e-06	3.7285607755406415e-06	0.001998508575689784
F43	F84	7	221	187	68700	2.810893319801027e-06	3.7285607755406415e-06	0.0020022371364653243
F82	F89	7	215	193	68700	2.8882188664148257e-06	3.7285607755406415e-06	0.002005965697240865
G12	J18	6	12	2731	68700	2.948454517983666e-06	3.7285607755406415e-06	0.002009694258016406
F95	G40	9	67	1223	68700	2.955350145434717e-06	3.7285607755406415e-06	0.0020134228187919465
J21	J31	24	890	622	68700	2.977521861878215e-06	3.7285607755406415e-06	0.0020171513795674873
I88	K29	9	598	135	68700	3.1951783032930536e-06	3.7285607755406415e-06	0.0020208799403430276
J00	B09	15	2172	114	68700	3.310257275115754e-06	3.7285607755406415e-06	0.0020246085011185683
J98	L22	20	580	705	68700	3.4109567588976653e-06	3.7285607755406415e-06	0.002028337061894109
F89	F90	9	193	420	68700	3.448996385772511e-06	3.7285607755406415e-06	0.0020320656226696498
E88	J06	12	51	3261	68700	3.605773346630475e-06	3.7285607755406415e-06	0.00203579418344519
D68	A41	6	100	279	68700	3.680108983115669e-06	3.7285607755406415e-06	0.002039522744220731
