ICD1	ICD2	val11	occ1	occ2	NN	pval	bonf_thresh	fdr_thresh
H65	J35	3755	4804	9126	47629	0.0	5.350454788657036e-06	5.350454788657036e-06
K02	K04	285	1419	533	47629	1.010317881080993e-292	5.350454788657036e-06	1.0700909577314071e-05
K02	K08	221	1419	344	47629	6.884959521109114e-251	5.350454788657036e-06	1.6051364365971107e-05
N13	N39	370	776	2794	47629	1.578858225959691e-244	5.350454788657036e-06	2.1401819154628142e-05
E86	A09	595	1712	4140	47629	1.0948512138100735e-209	5.350454788657036e-06	2.6752273943285178e-05
E86	A08	584	1712	4247	47629	3.622399599263751e-195	5.350454788657036e-06	3.2102728731942213e-05
H50	H52	87	565	127	47629	3.3320416046865776e-138	5.350454788657036e-06	3.745318352059925e-05
H74	J39	54	143	140	47629	1.2275046360455916e-102	5.350454788657036e-06	4.2803638309256285e-05
N10	N39	206	639	2794	47629	3.542805990019609e-95	5.350454788657036e-06	4.815409309791332e-05
F83	G40	103	299	1166	47629	3.001312527217776e-88	5.350454788657036e-06	5.3504547886570356e-05
G40	G41	72	1166	114	47629	1.2553759055711057e-86	5.350454788657036e-06	5.8855002675227395e-05
J18	J20	358	1820	3140	47629	7.313404378732112e-81	5.350454788657036e-06	6.420545746388443e-05
J15	J20	225	820	3140	47629	1.8465789612014605e-78	5.350454788657036e-06	6.955591225254146e-05
H70	K04	63	198	533	47629	2.7192530613631813e-73	5.350454788657036e-06	7.49063670411985e-05
J00	J20	286	1338	3140	47629	1.3512370703340452e-72	5.350454788657036e-06	8.025682182985554e-05
H61	J35	170	238	9126	47629	8.119997059534752e-69	5.350454788657036e-06	8.560727661851257e-05
E86	E87	108	1712	354	47629	1.4177232029237177e-68	5.350454788657036e-06	9.09577314071696e-05
G40	J96	106	1166	556	47629	1.0234458429382341e-61	5.350454788657036e-06	9.630818619582663e-05
H74	J35	119	143	9126	47629	1.6270919523531367e-61	5.350454788657036e-06	0.00010165864098448368
K04	K08	66	533	344	47629	1.0520904504391954e-60	5.350454788657036e-06	0.00010700909577314071
H90	J35	177	278	9126	47629	1.2009619063761244e-59	5.350454788657036e-06	0.00011235955056179774
C71	H53	31	113	112	47629	1.660190092256148e-56	5.350454788657036e-06	0.00011771000535045479
C71	J96	44	113	556	47629	3.802944087976625e-55	5.350454788657036e-06	0.00012306046013911182
F80	F83	45	225	299	47629	5.061783158503711e-54	5.350454788657036e-06	0.00012841091492776885
J35	J39	110	9126	140	47629	4.207323630077724e-52	5.350454788657036e-06	0.00013376136971642589
E84	K86	20	79	28	47629	5.524716343621175e-51	5.350454788657036e-06	0.00013911182450508292
G80	M62	29	175	85	47629	8.044108212611432e-50	5.350454788657036e-06	0.00014446227929373995
H65	H90	123	4804	278	47629	3.0162577194753086e-49	5.350454788657036e-06	0.000149812734082397
J20	J45	148	3140	564	47629	4.277169107068301e-49	5.350454788657036e-06	0.00015516318887105404
G40	G80	58	1166	175	47629	6.983258388718233e-49	5.350454788657036e-06	0.00016051364365971107
N10	N13	83	639	776	47629	9.340337572850343e-49	5.350454788657036e-06	0.0001658640984483681
J00	L22	108	1338	684	47629	1.6762836112311147e-48	5.350454788657036e-06	0.00017121455323702514
K02	K12	76	1419	300	47629	7.542732055037074e-48	5.350454788657036e-06	0.00017656500802568217
H90	H91	33	278	120	47629	6.3538483307671055e-46	5.350454788657036e-06	0.0001819154628143392
E10	E16	33	240	140	47629	1.216957659258692e-45	5.350454788657036e-06	0.00018726591760299624
D69	D70	35	381	117	47629	3.693126750055377e-45	5.350454788657036e-06	0.00019261637239165327
E87	A08	126	354	4247	47629	6.243167776608616e-44	5.350454788657036e-06	0.00019796682718031033
N13	N31	39	776	106	47629	3.9585064773588344e-42	5.350454788657036e-06	0.00020331728196896736
H52	H53	25	127	112	47629	1.7988064844474948e-41	5.350454788657036e-06	0.0002086677367576244
G51	A69	22	151	57	47629	6.781733760157533e-41	5.350454788657036e-06	0.00021401819154628142
G80	G82	26	175	102	47629	7.089714093966785e-41	5.350454788657036e-06	0.00021936864633493846
C47	C74	13	20	24	47629	1.856494811371411e-40	5.350454788657036e-06	0.0002247191011235955
K59	K60	37	1170	72	47629	2.9880871909297827e-40	5.350454788657036e-06	0.00023006955591225252
N13	N28	35	776	89	47629	3.7102693471888284e-39	5.350454788657036e-06	0.00023542001070090958
G40	G82	41	1166	102	47629	5.952487408272052e-39	5.350454788657036e-06	0.0002407704654895666
B37	J20	174	891	3140	47629	1.0560433484480996e-38	5.350454788657036e-06	0.00024612092027822364
J20	J31	104	3140	363	47629	1.6262020826294592e-38	5.350454788657036e-06	0.0002514713750668807
J20	L22	147	3140	684	47629	9.92894264706688e-38	5.350454788657036e-06	0.0002568218298555377
H50	H53	33	565	112	47629	1.1736065046786413e-36	5.350454788657036e-06	0.00026217228464419474
C71	G81	21	113	91	47629	2.0344833047814367e-36	5.350454788657036e-06	0.00026752273943285177
F84	G40	36	81	1166	47629	2.6577595231220687e-36	5.350454788657036e-06	0.0002728731942215088
D64	D70	25	230	117	47629	4.559278304172423e-34	5.350454788657036e-06	0.00027822364901016584
F89	G40	44	156	1166	47629	6.004114693367199e-34	5.350454788657036e-06	0.00028357410379882287
C71	G91	21	113	130	47629	7.511609388326573e-33	5.350454788657036e-06	0.0002889245585874799
C71	D64	24	113	230	47629	1.128082981602365e-32	5.350454788657036e-06	0.00029427501337613693
G81	M62	18	91	85	47629	2.0871856102774693e-32	5.350454788657036e-06	0.000299625468164794
D64	J96	38	230	556	47629	5.359340363134182e-32	5.350454788657036e-06	0.00030497592295345105
C71	D70	20	113	117	47629	7.596345573899013e-32	5.350454788657036e-06	0.0003103263777421081
C71	G62	12	113	13	47629	2.256568682889269e-31	5.350454788657036e-06	0.0003156768325307651
G40	G81	34	1166	91	47629	3.080747710544062e-31	5.350454788657036e-06	0.00032102728731942215
J05	J31	29	161	363	47629	3.7884446462707833e-31	5.350454788657036e-06	0.0003263777421080792
J18	J45	90	1820	564	47629	1.1761799523211698e-30	5.350454788657036e-06	0.0003317281968967362
D61	D70	15	40	117	47629	1.0750124412469072e-29	5.350454788657036e-06	0.00033707865168539324
B37	L22	68	891	684	47629	4.417449241591881e-29	5.350454788657036e-06	0.0003424291064740503
G91	G93	18	130	90	47629	6.664144415626125e-29	5.350454788657036e-06	0.0003477795612627073
D64	D69	31	230	381	47629	1.63819585392125e-28	5.350454788657036e-06	0.00035313001605136434
C71	D33	12	113	18	47629	3.1909566545452287e-28	5.350454788657036e-06	0.0003584804708400214
H66	J06	166	1192	2632	47629	4.64906350496867e-28	5.350454788657036e-06	0.0003638309256286784
H05	J01	14	47	92	47629	1.156175501611832e-27	5.350454788657036e-06	0.00036918138041733544
K08	K12	32	344	300	47629	1.5696341697791105e-27	5.350454788657036e-06	0.00037453183520599247
K10	K12	17	40	300	47629	1.9043359252410028e-27	5.350454788657036e-06	0.0003798822899946495
B37	J00	93	891	1338	47629	1.9372757867007886e-27	5.350454788657036e-06	0.00038523274478330653
E16	E87	25	140	354	47629	3.4939458145442804e-27	5.350454788657036e-06	0.0003905831995719636
N28	N39	41	89	2794	47629	5.887713787156068e-27	5.350454788657036e-06	0.00039593365436062065
F83	J96	37	299	556	47629	1.5693398109028735e-26	5.350454788657036e-06	0.0004012841091492777
H26	H27	11	39	37	47629	1.9734796945332558e-26	5.350454788657036e-06	0.0004066345639379347
N11	N13	21	46	776	47629	1.0259453634792131e-25	5.350454788657036e-06	0.00041198501872659175
B37	J21	75	891	954	47629	1.7289211101672945e-25	5.350454788657036e-06	0.0004173354735152488
N31	N39	43	106	2794	47629	1.9804648594272373e-25	5.350454788657036e-06	0.0004226859283039058
C71	C79	10	113	12	47629	2.4677699389521893e-25	5.350454788657036e-06	0.00042803638309256285
G82	M62	15	102	85	47629	4.9515854507559975e-25	5.350454788657036e-06	0.0004333868378812199
F89	J96	28	156	556	47629	6.153809174858334e-25	5.350454788657036e-06	0.0004387372926698769
C71	E23	13	113	42	47629	8.895832193313107e-25	5.350454788657036e-06	0.00044408774745853394
D44	E23	9	16	42	47629	1.4622005661448159e-24	5.350454788657036e-06	0.000449438202247191
C91	C95	10	83	17	47629	2.8321536522058526e-24	5.350454788657036e-06	0.000454788657035848
E16	E86	39	140	1712	47629	6.3479166251859446e-24	5.350454788657036e-06	0.00046013911182450504
D61	D69	16	40	381	47629	1.0817341387110141e-23	5.350454788657036e-06	0.00046548956661316207
C71	E89	10	113	15	47629	1.1162245682111466e-23	5.350454788657036e-06	0.00047084002140181916
L22	A09	144	684	4140	47629	1.36430022219947e-23	5.350454788657036e-06	0.0004761904761904762
E73	E74	14	75	106	47629	1.4997532970174914e-23	5.350454788657036e-06	0.0004815409309791332
G40	G93	28	1166	90	47629	2.041485563893968e-23	5.350454788657036e-06	0.00048689138576779025
F80	F82	18	225	105	47629	3.832872214668852e-23	5.350454788657036e-06	0.0004922418405564473
J15	J90	20	820	50	47629	1.2086372524356585e-22	5.350454788657036e-06	0.0004975922953451043
H10	J20	81	365	3140	47629	2.632209091047367e-22	5.350454788657036e-06	0.0005029427501337614
N12	N39	41	112	2794	47629	2.703229438208356e-22	5.350454788657036e-06	0.0005082932049224184
E87	A09	92	354	4140	47629	5.488332828438202e-22	5.350454788657036e-06	0.0005136436597110754
C71	G93	14	113	90	47629	6.0412289003018175e-22	5.350454788657036e-06	0.0005189941144997324
F82	G40	28	105	1166	47629	2.269567010652039e-21	5.350454788657036e-06	0.0005243445692883895
G40	I63	16	1166	23	47629	3.1403974513006956e-21	5.350454788657036e-06	0.0005296950240770465
F43	F93	16	197	99	47629	3.302795537969923e-21	5.350454788657036e-06	0.0005350454788657035
M08	M25	14	107	110	47629	5.2976192514469894e-21	5.350454788657036e-06	0.0005403959336543606
F83	G80	21	299	175	47629	8.35731588345466e-21	5.350454788657036e-06	0.0005457463884430176
B99	J40	42	981	333	47629	9.124986712872024e-21	5.350454788657036e-06	0.0005510968432316746
H50	H55	17	565	51	47629	1.4613006722919885e-20	5.350454788657036e-06	0.0005564472980203317
M13	M25	14	119	110	47629	2.5179935916595347e-20	5.350454788657036e-06	0.0005617977528089887
J18	J44	77	1820	606	47629	3.528031735675626e-20	5.350454788657036e-06	0.0005671482075976457
G81	J96	20	91	556	47629	4.769441410810257e-20	5.350454788657036e-06	0.0005724986623863028
B37	J31	41	891	363	47629	5.037856988717284e-20	5.350454788657036e-06	0.0005778491171749598
E87	J96	33	354	556	47629	6.52225589156257e-20	5.350454788657036e-06	0.0005831995719636168
C71	D69	19	113	381	47629	7.807643818292538e-20	5.350454788657036e-06	0.0005885500267522739
G40	G91	29	1166	130	47629	9.833903369952638e-20	5.350454788657036e-06	0.0005939004815409309
C91	A41	15	83	233	47629	1.2630575576150052e-19	5.350454788657036e-06	0.000599250936329588
K42	K43	13	268	43	47629	1.3304044273790563e-19	5.350454788657036e-06	0.0006046013911182451
G44	H81	9	90	23	47629	1.6263573510734684e-19	5.350454788657036e-06	0.0006099518459069021
F82	F83	17	105	299	47629	2.305515339774051e-19	5.350454788657036e-06	0.0006153023006955591
C79	D64	9	12	230	47629	2.649570316467267e-19	5.350454788657036e-06	0.0006206527554842162
G47	J35	143	363	9126	47629	2.674522080973375e-19	5.350454788657036e-06	0.0006260032102728732
F83	F90	16	299	87	47629	3.083598402580127e-19	5.350454788657036e-06	0.0006313536650615302
I88	A09	97	425	4140	47629	8.023174955074639e-19	5.350454788657036e-06	0.0006367041198501873
G02	A87	6	8	29	47629	8.198809211497758e-19	5.350454788657036e-06	0.0006420545746388443
D43	G91	10	32	130	47629	9.87924051227357e-19	5.350454788657036e-06	0.0006474050294275013
H65	H74	54	4804	143	47629	1.2751047063176178e-18	5.350454788657036e-06	0.0006527554842161584
D70	G62	8	117	13	47629	1.3234220147498701e-18	5.350454788657036e-06	0.0006581059390048154
C71	H49	10	113	38	47629	1.6793880866525615e-18	5.350454788657036e-06	0.0006634563937934724
J18	J90	22	1820	50	47629	1.803975354341152e-18	5.350454788657036e-06	0.0006688068485821295
N83	K40	18	71	645	47629	2.9604811838990368e-18	5.350454788657036e-06	0.0006741573033707865
E23	H53	10	42	112	47629	4.730236787533656e-18	5.350454788657036e-06	0.0006795077581594435
D69	J96	32	381	556	47629	5.228014317095212e-18	5.350454788657036e-06	0.0006848582129481006
G41	J96	20	114	556	47629	5.477584651061148e-18	5.350454788657036e-06	0.0006902086677367576
J21	J96	49	954	556	47629	7.423627104820206e-18	5.350454788657036e-06	0.0006955591225254146
G62	J96	10	13	556	47629	1.2017299467871302e-17	5.350454788657036e-06	0.0007009095773140717
J18	J31	54	1820	363	47629	1.5441804483967837e-17	5.350454788657036e-06	0.0007062600321027287
D69	M36	8	381	8	47629	1.5579562784411958e-17	5.350454788657036e-06	0.0007116104868913857
H66	J20	159	1192	3140	47629	1.8467925898847796e-17	5.350454788657036e-06	0.0007169609416800427
K02	K10	18	1419	40	47629	1.8747770016104356e-17	5.350454788657036e-06	0.0007223113964686998
C92	C95	6	19	17	47629	2.066258330491519e-17	5.350454788657036e-06	0.0007276618512573568
H27	H40	7	37	23	47629	2.268719297584186e-17	5.350454788657036e-06	0.0007330123060460138
G81	G91	12	91	130	47629	2.6704530717616842e-17	5.350454788657036e-06	0.0007383627608346709
F80	G40	34	225	1166	47629	2.7443070045188043e-17	5.350454788657036e-06	0.0007437132156233279
H66	H72	18	1192	47	47629	3.0126464787959764e-17	5.350454788657036e-06	0.0007490636704119849
E84	J96	17	79	556	47629	4.4643781450975067e-17	5.350454788657036e-06	0.000754414125200642
C71	D43	9	113	32	47629	4.607740833269064e-17	5.350454788657036e-06	0.000759764579989299
N10	N12	20	639	112	47629	5.505554056290571e-17	5.350454788657036e-06	0.000765115034777956
E86	B00	63	1712	521	47629	5.812721899746882e-17	5.350454788657036e-06	0.0007704654895666131
E10	E14	11	240	39	47629	6.248867777521587e-17	5.350454788657036e-06	0.0007758159443552702
F94	F98	12	54	244	47629	7.05594062959275e-17	5.350454788657036e-06	0.0007811663991439272
K60	K62	9	72	51	47629	7.091097028431097e-17	5.350454788657036e-06	0.0007865168539325843
J12	J20	55	234	3140	47629	8.824407249377023e-17	5.350454788657036e-06	0.0007918673087212413
F84	G41	11	81	114	47629	9.481951658983337e-17	5.350454788657036e-06	0.0007972177635098983
F80	H90	19	225	278	47629	1.226282125391304e-16	5.350454788657036e-06	0.0008025682182985554
H66	J02	62	1192	735	47629	1.359352380678616e-16	5.350454788657036e-06	0.0008079186730872124
F83	F98	20	299	244	47629	1.395644009525606e-16	5.350454788657036e-06	0.0008132691278758694
J18	J96	67	1820	556	47629	1.494244978519069e-16	5.350454788657036e-06	0.0008186195826645265
F83	F89	17	299	156	47629	2.307888389183015e-16	5.350454788657036e-06	0.0008239700374531835
F83	G91	16	299	130	47629	2.4853808327311666e-16	5.350454788657036e-06	0.0008293204922418405
M86	M89	7	63	19	47629	2.497016377265041e-16	5.350454788657036e-06	0.0008346709470304976
M00	M86	8	38	63	47629	2.7976664841284107e-16	5.350454788657036e-06	0.0008400214018191546
G81	H53	11	91	112	47629	2.968317107542282e-16	5.350454788657036e-06	0.0008453718566078116
F80	F90	13	225	87	47629	3.0916437619123e-16	5.350454788657036e-06	0.0008507223113964687
G91	H53	12	130	112	47629	3.5629015679316933e-16	5.350454788657036e-06	0.0008560727661851257
H66	H70	31	1192	198	47629	4.520439736526175e-16	5.350454788657036e-06	0.0008614232209737827
I88	K56	25	425	329	47629	5.174181837498237e-16	5.350454788657036e-06	0.0008667736757624398
N35	N39	19	32	2794	47629	6.210276441977337e-16	5.350454788657036e-06	0.0008721241305510968
J31	J44	30	363	606	47629	9.076399817683994e-16	5.350454788657036e-06	0.0008774745853397538
G91	J96	19	130	556	47629	1.269431895658091e-15	5.350454788657036e-06	0.0008828250401284109
H53	J96	18	112	556	47629	1.270169606765299e-15	5.350454788657036e-06	0.0008881754949170679
E23	E89	6	42	15	47629	1.6103552078797145e-15	5.350454788657036e-06	0.0008935259497057249
H66	H92	18	1192	57	47629	1.6161886839180861e-15	5.350454788657036e-06	0.000898876404494382
H73	J00	18	52	1338	47629	1.834579388883404e-15	5.350454788657036e-06	0.000904226859283039
G80	M21	13	175	127	47629	1.870972108273488e-15	5.350454788657036e-06	0.000909577314071696
G81	G93	10	91	90	47629	1.9639213489802106e-15	5.350454788657036e-06	0.000914927768860353
B99	J31	37	981	363	47629	2.0297542761752725e-15	5.350454788657036e-06	0.0009202782236490101
J30	J45	15	67	564	47629	2.0607452380942034e-15	5.350454788657036e-06	0.0009256286784376671
E89	H53	7	15	112	47629	2.081633520721676e-15	5.350454788657036e-06	0.0009309791332263241
N12	N13	20	112	776	47629	2.1900904079859434e-15	5.350454788657036e-06	0.0009363295880149812
K59	K62	17	1170	51	47629	2.5938662022330356e-15	5.350454788657036e-06	0.0009416800428036383
J45	L20	24	564	242	47629	2.6221196236685497e-15	5.350454788657036e-06	0.0009470304975922953
E88	J96	14	56	556	47629	2.7484519455658625e-15	5.350454788657036e-06	0.0009523809523809524
H10	J00	43	365	1338	47629	3.2187139465523567e-15	5.350454788657036e-06	0.0009577314071696094
H53	H55	9	112	51	47629	4.434485365138758e-15	5.350454788657036e-06	0.0009630818619582664
F83	F84	13	299	81	47629	4.640419332599653e-15	5.350454788657036e-06	0.0009684323167469235
D70	H53	11	117	112	47629	5.1732868487660755e-15	5.350454788657036e-06	0.0009737827715355805
G82	G93	10	102	90	47629	6.400503115502075e-15	5.350454788657036e-06	0.0009791332263242374
E66	I10	10	309	32	47629	6.49141251312653e-15	5.350454788657036e-06	0.0009844836811128946
N39	N76	41	2794	171	47629	7.287432364513292e-15	5.350454788657036e-06	0.0009898341359015515
J96	K86	11	556	28	47629	8.924578861033039e-15	5.350454788657036e-06	0.0009951845906902086
J45	J46	14	564	62	47629	1.56919567771232e-14	5.350454788657036e-06	0.0010005350454788656
F83	G41	14	299	114	47629	1.9391813993654638e-14	5.350454788657036e-06	0.0010058855002675227
H26	H40	6	39	23	47629	2.0114727421500423e-14	5.350454788657036e-06	0.0010112359550561796
N11	N39	21	46	2794	47629	2.1181416774229538e-14	5.350454788657036e-06	0.0010165864098448368
C71	C72	6	113	10	47629	3.2481870826689425e-14	5.350454788657036e-06	0.0010219368646334937
C47	A41	8	20	233	47629	3.4810444243268706e-14	5.350454788657036e-06	0.0010272873194221508
C79	G81	6	12	91	47629	3.764998829643935e-14	5.350454788657036e-06	0.001032637774210808
K29	K90	12	112	192	47629	4.043162372544158e-14	5.350454788657036e-06	0.001037988228999465
N17	D59	6	29	35	47629	4.700003979318253e-14	5.350454788657036e-06	0.001043338683788122
H61	H65	65	238	4804	47629	4.86579195382551e-14	5.350454788657036e-06	0.001048689138576779
K62	K92	9	51	146	47629	5.0740491492478366e-14	5.350454788657036e-06	0.001054039593365436
F80	F93	12	225	99	47629	5.919191839663714e-14	5.350454788657036e-06	0.001059390048154093
J20	J96	87	3140	556	47629	6.184544568556774e-14	5.350454788657036e-06	0.0010647405029427502
D68	A41	11	72	233	47629	7.041314565665926e-14	5.350454788657036e-06	0.001070090957731407
B37	B99	57	891	981	47629	7.950012107002878e-14	5.350454788657036e-06	0.0010754414125200642
D64	G62	7	230	13	47629	9.353497966407081e-14	5.350454788657036e-06	0.0010807918673087212
G93	J96	15	90	556	47629	1.732129724909257e-13	5.350454788657036e-06	0.0010861423220973783
M08	M13	10	107	119	47629	1.846684134032044e-13	5.350454788657036e-06	0.0010914927768860352
J20	J44	91	3140	606	47629	1.9173252870372507e-13	5.350454788657036e-06	0.0010968432316746924
E16	A08	43	140	4247	47629	2.200478079272827e-13	5.350454788657036e-06	0.0011021936864633493
G62	H53	6	13	112	47629	2.4991244290840284e-13	5.350454788657036e-06	0.0011075441412520064
E71	E88	6	24	56	47629	2.652747350688097e-13	5.350454788657036e-06	0.0011128945960406633
E23	G91	8	42	130	47629	2.7025401153691663e-13	5.350454788657036e-06	0.0011182450508293205
F70	F80	7	15	225	47629	2.9788248898321553e-13	5.350454788657036e-06	0.0011235955056179774
H27	H35	6	37	37	47629	3.2771102682609174e-13	5.350454788657036e-06	0.0011289459604066346
D64	H53	12	230	112	47629	3.4783755158589523e-13	5.350454788657036e-06	0.0011342964151952915
E87	E88	11	354	56	47629	3.6166753910034317e-13	5.350454788657036e-06	0.0011396468699839486
N39	A41	46	2794	233	47629	3.6403547040632077e-13	5.350454788657036e-06	0.0011449973247726055
B27	J03	29	149	1815	47629	4.382372773074858e-13	5.350454788657036e-06	0.0011503477795612627
C71	H55	8	113	51	47629	4.562272270178229e-13	5.350454788657036e-06	0.0011556982343499196
J13	J91	6	64	23	47629	4.587073441990162e-13	5.350454788657036e-06	0.0011610486891385767
I88	L04	17	425	177	47629	5.953389491924507e-13	5.350454788657036e-06	0.0011663991439272337
D70	J96	16	117	556	47629	6.535693532800201e-13	5.350454788657036e-06	0.0011717495987158908
C91	D68	8	83	72	47629	6.574989007577634e-13	5.350454788657036e-06	0.0011771000535045477
F89	G91	11	156	130	47629	6.768362737349751e-13	5.350454788657036e-06	0.0011824505082932049
H60	H66	18	79	1192	47629	8.53477693295809e-13	5.350454788657036e-06	0.0011878009630818618
E16	E74	10	140	106	47629	8.70316303331011e-13	5.350454788657036e-06	0.001193151417870519
D64	G81	11	230	91	47629	8.827226540894093e-13	5.350454788657036e-06	0.001198501872659176
G81	H49	7	91	38	47629	8.829973086969724e-13	5.350454788657036e-06	0.001203852327447833
G82	J96	15	102	556	47629	1.1605413712207467e-12	5.350454788657036e-06	0.0012092027822364901
H52	H55	8	127	51	47629	1.1816254881566815e-12	5.350454788657036e-06	0.001214553237025147
N31	K59	20	106	1170	47629	1.439076693312882e-12	5.350454788657036e-06	0.0012199036918138042
E66	E78	9	309	36	47629	1.4628263932161564e-12	5.350454788657036e-06	0.0012252541466024611
J40	J44	25	333	606	47629	1.948899253616275e-12	5.350454788657036e-06	0.0012306046013911183
J12	J21	26	234	954	47629	2.262316130041073e-12	5.350454788657036e-06	0.0012359550561797752
F82	F89	10	105	156	47629	2.34438939798202e-12	5.350454788657036e-06	0.0012413055109684323
K56	K59	34	329	1170	47629	2.5605548052298813e-12	5.350454788657036e-06	0.0012466559657570893
D33	H53	6	18	112	47629	2.6779112373461926e-12	5.350454788657036e-06	0.0012520064205457464
F43	F83	15	197	299	47629	2.7097839616069463e-12	5.350454788657036e-06	0.0012573568753344033
G91	I61	6	130	16	47629	2.8810920336460195e-12	5.350454788657036e-06	0.0012627073301230605
H49	H53	7	38	112	47629	3.9051600315352554e-12	5.350454788657036e-06	0.0012680577849117174
G81	I63	6	91	23	47629	4.044578059178344e-12	5.350454788657036e-06	0.0012734082397003745
F80	F94	9	225	54	47629	4.411506386335488e-12	5.350454788657036e-06	0.0012787586944890315
G71	J96	10	34	556	47629	4.422411209184057e-12	5.350454788657036e-06	0.0012841091492776886
E26	E87	6	8	354	47629	4.468173819857667e-12	5.350454788657036e-06	0.0012894596040663455
C71	F89	10	113	156	47629	4.934301034796392e-12	5.350454788657036e-06	0.0012948100588550027
H10	J06	56	365	2632	47629	5.036353614319895e-12	5.350454788657036e-06	0.0013001605136436596
K35	K37	16	824	92	47629	5.180986974830894e-12	5.350454788657036e-06	0.0013055109684323167
J12	J96	20	234	556	47629	6.7569426878834556e-12	5.350454788657036e-06	0.0013108614232209736
H69	J35	26	36	9126	47629	7.1294758576284e-12	5.350454788657036e-06	0.0013162118780096308
F84	F89	9	81	156	47629	7.328275488500068e-12	5.350454788657036e-06	0.0013215623327982877
F91	F93	7	47	99	47629	7.934811330362815e-12	5.350454788657036e-06	0.0013269127875869449
F89	F94	8	156	54	47629	1.0116550412262163e-11	5.350454788657036e-06	0.0013322632423756018
H10	J31	20	365	363	47629	1.0193012951045826e-11	5.350454788657036e-06	0.001337613697164259
H53	H91	9	112	120	47629	1.3324241515855729e-11	5.350454788657036e-06	0.0013429641519529158
E23	E34	8	42	211	47629	1.3464159001010423e-11	5.350454788657036e-06	0.001348314606741573
C71	H91	9	113	120	47629	1.4446937591840894e-11	5.350454788657036e-06	0.00135366506153023
F80	F98	14	225	244	47629	1.4652621719547865e-11	5.350454788657036e-06	0.001359015516318887
H66	J03	95	1192	1815	47629	1.5473377092964755e-11	5.350454788657036e-06	0.001364365971107544
N10	N28	14	639	89	47629	1.61095664961877e-11	5.350454788657036e-06	0.001369716425896201
C74	A41	7	24	233	47629	1.9750033668012392e-11	5.350454788657036e-06	0.0013750668806848582
N10	N11	11	639	46	47629	2.0293329316939558e-11	5.350454788657036e-06	0.0013804173354735152
F84	G80	9	81	175	47629	2.0618062408363783e-11	5.350454788657036e-06	0.0013857677902621723
H66	L22	50	1192	684	47629	2.3750102008669625e-11	5.350454788657036e-06	0.0013911182450508292
E66	K76	10	309	69	47629	2.7691039133172766e-11	5.350454788657036e-06	0.0013964686998394864
D43	G93	6	32	90	47629	3.3465582639714594e-11	5.350454788657036e-06	0.0014018191546281433
E84	K90	9	79	192	47629	3.756123590259624e-11	5.350454788657036e-06	0.0014071696094168004
J03	L04	29	1815	177	47629	3.7639553542392983e-11	5.350454788657036e-06	0.0014125200642054574
G93	H53	8	90	112	47629	4.787972767997496e-11	5.350454788657036e-06	0.0014178705189941145
F83	G82	11	299	102	47629	5.330134971571754e-11	5.350454788657036e-06	0.0014232209737827714
H65	J39	42	4804	140	47629	5.3322472600795175e-11	5.350454788657036e-06	0.0014285714285714286
F43	F94	8	197	54	47629	6.563781307944465e-11	5.350454788657036e-06	0.0014339218833600855
J13	J90	6	64	50	47629	7.020035643066051e-11	5.350454788657036e-06	0.0014392723381487426
J04	J20	106	833	3140	47629	7.356034926590453e-11	5.350454788657036e-06	0.0014446227929373996
H10	H66	34	365	1192	47629	7.356326380704119e-11	5.350454788657036e-06	0.0014499732477260567
D70	G81	8	117	91	47629	7.45591172312758e-11	5.350454788657036e-06	0.0014553237025147136
D64	D68	9	230	72	47629	7.975677213370302e-11	5.350454788657036e-06	0.0014606741573033708
L02	L04	12	231	177	47629	8.479481930889246e-11	5.350454788657036e-06	0.0014660246120920277
G93	H49	6	90	38	47629	1.010306898578412e-10	5.350454788657036e-06	0.0014713750668806848
D50	K90	13	272	192	47629	1.0620724843368492e-10	5.350454788657036e-06	0.0014767255216693418
K40	K42	21	645	268	47629	1.6162286158063997e-10	5.350454788657036e-06	0.001482075976457999
H10	L22	25	365	684	47629	1.8327476497510182e-10	5.350454788657036e-06	0.0014874264312466558
E86	J06	158	1712	2632	47629	2.0381912033170375e-10	5.350454788657036e-06	0.001492776886035313
J21	L22	42	954	684	47629	2.3182564408911747e-10	5.350454788657036e-06	0.0014981273408239699
J18	J98	60	1820	640	47629	2.3645744520939304e-10	5.350454788657036e-06	0.001503477795612627
G40	M62	16	1166	85	47629	2.4310621169334984e-10	5.350454788657036e-06	0.001508828250401284
F80	F89	11	225	156	47629	2.6112714133850943e-10	5.350454788657036e-06	0.001514178705189941
D22	I78	6	158	26	47629	2.6394214438922923e-10	5.350454788657036e-06	0.001519529159978598
D59	D69	8	35	381	47629	3.036917281120843e-10	5.350454788657036e-06	0.0015248796147672551
J04	J38	30	833	437	47629	3.136184298071143e-10	5.350454788657036e-06	0.001530230069555912
F43	F81	6	197	22	47629	3.2750693343318575e-10	5.350454788657036e-06	0.0015355805243445692
G82	M21	8	102	127	47629	3.6333663056061084e-10	5.350454788657036e-06	0.0015409309791332261
D70	A41	10	117	233	47629	3.6516256294200727e-10	5.350454788657036e-06	0.0015462814339218833
B34	L22	36	744	684	47629	3.771390534521151e-10	5.350454788657036e-06	0.0015516318887105404
A41	J96	18	233	556	47629	3.982247002660609e-10	5.350454788657036e-06	0.0015569823434991973
D69	G62	6	381	13	47629	4.1230010643126443e-10	5.350454788657036e-06	0.0015623327982878545
G82	G91	8	102	130	47629	4.379642911658659e-10	5.350454788657036e-06	0.0015676832530765114
B85	F43	6	23	197	47629	4.415756861938295e-10	5.350454788657036e-06	0.0015730337078651685
B99	J02	44	981	735	47629	4.581157306116696e-10	5.350454788657036e-06	0.0015783841626538255
E86	K52	60	1712	692	47629	4.7602329364544e-10	5.350454788657036e-06	0.0015837346174424826
G72	J96	7	17	556	47629	5.00057645076847e-10	5.350454788657036e-06	0.0015890850722311395
N10	A41	19	639	233	47629	5.261635493989661e-10	5.350454788657036e-06	0.0015944355270197967
F43	F98	12	197	244	47629	5.475516315840101e-10	5.350454788657036e-06	0.0015997859818084536
H66	J00	73	1192	1338	47629	6.565374001217803e-10	5.350454788657036e-06	0.0016051364365971107
A41	G93	9	233	90	47629	6.880524817947113e-10	5.350454788657036e-06	0.0016104868913857677
D61	D64	7	40	230	47629	9.096715540578373e-10	5.350454788657036e-06	0.0016158373461744248
D64	G91	10	230	130	47629	9.103741656596944e-10	5.350454788657036e-06	0.0016211878009630817
G91	H49	6	130	38	47629	9.456144824302534e-10	5.350454788657036e-06	0.0016265382557517389
J02	L22	35	735	684	47629	1.0061889665652706e-09	5.350454788657036e-06	0.0016318887105403958
J02	A09	114	735	4140	47629	1.0727634666555e-09	5.350454788657036e-06	0.001637239165329053
J31	J40	17	363	333	47629	1.0865481491915447e-09	5.350454788657036e-06	0.0016425896201177099
E34	K90	11	211	192	47629	1.2059168999531253e-09	5.350454788657036e-06	0.001647940074906367
F43	F92	6	197	27	47629	1.2771499494085078e-09	5.350454788657036e-06	0.001653290529695024
K35	K65	7	824	14	47629	1.3966290995981402e-09	5.350454788657036e-06	0.001658640984483681
G80	M67	7	175	55	47629	1.4012822829551343e-09	5.350454788657036e-06	0.001663991439272338
G80	G91	9	175	130	47629	1.4919811630812137e-09	5.350454788657036e-06	0.0016693418940609951
J00	A09	181	1338	4140	47629	1.6681801788128673e-09	5.350454788657036e-06	0.001674692348849652
G80	G93	8	175	90	47629	1.6958414307317851e-09	5.350454788657036e-06	0.0016800428036383092
F83	F94	8	299	54	47629	1.7790211257362895e-09	5.350454788657036e-06	0.0016853932584269661
D69	H53	11	381	112	47629	1.8956507051199e-09	5.350454788657036e-06	0.0016907437132156233
B37	H10	27	891	365	47629	2.005036098325716e-09	5.350454788657036e-06	0.0016960941680042802
H10	J21	28	365	954	47629	2.009338812759262e-09	5.350454788657036e-06	0.0017014446227929373
B37	K21	25	891	316	47629	2.02531214051329e-09	5.350454788657036e-06	0.0017067950775815942
C79	J96	6	12	556	47629	2.1446787591405374e-09	5.350454788657036e-06	0.0017121455323702514
G82	M67	6	102	55	47629	2.212689126930207e-09	5.350454788657036e-06	0.0017174959871589085
N20	N39	14	34	2794	47629	2.521970283012259e-09	5.350454788657036e-06	0.0017228464419475654
D64	E87	14	230	354	47629	2.544578601605649e-09	5.350454788657036e-06	0.0017281968967362226
I10	J96	8	32	556	47629	2.696687142906721e-09	5.350454788657036e-06	0.0017335473515248795
N13	N20	9	776	34	47629	2.8150607084060933e-09	5.350454788657036e-06	0.0017388978063135367
N13	N32	7	776	16	47629	2.98668560363983e-09	5.350454788657036e-06	0.0017442482611021936
A41	E87	14	233	354	47629	3.0062431464545673e-09	5.350454788657036e-06	0.0017495987158908507
C71	G51	8	113	151	47629	3.2692366285115868e-09	5.350454788657036e-06	0.0017549491706795076
D69	G81	10	381	91	47629	3.4482568297000548e-09	5.350454788657036e-06	0.0017602996254681648
D17	D48	6	41	149	47629	3.4791367193863204e-09	5.350454788657036e-06	0.0017656500802568217
J31	J45	21	363	564	47629	3.5395911586599785e-09	5.350454788657036e-06	0.0017710005350454788
J15	J96	32	820	556	47629	4.271030064239396e-09	5.350454788657036e-06	0.0017763509898341358
J15	L22	36	820	684	47629	4.895612824940653e-09	5.350454788657036e-06	0.001781701444622793
F80	F84	8	225	81	47629	5.2352530643927704e-09	5.350454788657036e-06	0.0017870518994114498
B37	J40	25	891	333	47629	5.858591169153632e-09	5.350454788657036e-06	0.001792402354200107
N39	B96	14	2794	36	47629	6.152612055324181e-09	5.350454788657036e-06	0.001797752808988764
J90	J96	9	50	556	47629	6.1811332721115795e-09	5.350454788657036e-06	0.001803103263777421
K42	K45	6	268	26	47629	6.286061957419396e-09	5.350454788657036e-06	0.001808453718566078
E87	I42	7	354	35	47629	6.639924056547068e-09	5.350454788657036e-06	0.001813804173354735
J00	J21	60	1338	954	47629	8.500305186162646e-09	5.350454788657036e-06	0.001819154628143392
K56	K63	7	329	40	47629	1.0793127124529198e-08	5.350454788657036e-06	0.0018245050829320492
G41	G80	8	114	175	47629	1.117249834845474e-08	5.350454788657036e-06	0.001829855537720706
E89	J96	6	15	556	47629	1.1275869924438453e-08	5.350454788657036e-06	0.0018352059925093632
H49	J96	8	38	556	47629	1.1790012443183686e-08	5.350454788657036e-06	0.0018405564472980202
E16	J96	13	140	556	47629	1.2109144339049449e-08	5.350454788657036e-06	0.0018459069020866773
N26	N39	9	14	2794	47629	1.2419466743150583e-08	5.350454788657036e-06	0.0018512573568753342
H49	H50	8	38	565	47629	1.334908549179734e-08	5.350454788657036e-06	0.0018566078116639914
D64	G93	8	230	90	47629	1.4433378760249435e-08	5.350454788657036e-06	0.0018619582664526483
D59	D64	6	35	230	47629	1.714953112985248e-08	5.350454788657036e-06	0.0018673087212413054
N30	N39	26	126	2794	47629	1.7215145185472176e-08	5.350454788657036e-06	0.0018726591760299624
G51	G81	7	151	91	47629	1.8124041452726134e-08	5.350454788657036e-06	0.0018780096308186195
K02	K03	6	1419	8	47629	1.8407463890248627e-08	5.350454788657036e-06	0.0018833600856072766
H91	J96	12	120	556	47629	1.9146625025960523e-08	5.350454788657036e-06	0.0018887105403959336
L03	B01	12	318	209	47629	2.0777278385819908e-08	5.350454788657036e-06	0.0018940609951845907
N10	B96	8	639	36	47629	2.1839525184292684e-08	5.350454788657036e-06	0.0018994114499732476
F89	G81	7	156	91	47629	2.269499209866976e-08	5.350454788657036e-06	0.0019047619047619048
F84	G82	6	81	102	47629	2.3683186653157532e-08	5.350454788657036e-06	0.0019101123595505617
N39	D64	37	2794	230	47629	2.482799439089287e-08	5.350454788657036e-06	0.0019154628143392188
J95	J96	6	17	556	47629	2.733385787940179e-08	5.350454788657036e-06	0.0019208132691278757
F82	F84	6	105	81	47629	2.819089147655893e-08	5.350454788657036e-06	0.0019261637239165329
J20	J21	108	3140	954	47629	3.2988014017041994e-08	5.350454788657036e-06	0.0019315141787051898
B34	B37	38	744	891	47629	3.683117374145412e-08	5.350454788657036e-06	0.001936864633493847
D70	G91	7	117	130	47629	3.705051517630722e-08	5.350454788657036e-06	0.0019422150882825039
G25	G40	10	41	1166	47629	4.1866692920167944e-08	5.350454788657036e-06	0.001947565543071161
F43	F91	6	197	47	47629	4.3249412657982034e-08	5.350454788657036e-06	0.001952915997859818
F89	G82	7	156	102	47629	5.024540464232123e-08	5.350454788657036e-06	0.001958266452648475
E83	E87	7	47	354	47629	5.7524855353131084e-08	5.350454788657036e-06	0.001963616907437132
E10	K90	10	240	192	47629	5.804910435214897e-08	5.350454788657036e-06	0.001968967362225789
C91	D70	6	83	117	47629	6.244418219498046e-08	5.350454788657036e-06	0.0019743178170144463
J00	J15	52	1338	820	47629	6.400960453306897e-08	5.350454788657036e-06	0.001979668271803103
H66	J18	84	1192	1820	47629	7.315790386424561e-08	5.350454788657036e-06	0.00198501872659176
C71	D48	7	113	149	47629	7.446876379797045e-08	5.350454788657036e-06	0.0019903691813804173
G51	H53	7	151	112	47629	7.674122264796304e-08	5.350454788657036e-06	0.0019957196361690744
F50	F98	8	105	244	47629	7.686406833157863e-08	5.350454788657036e-06	0.002001070090957731
F83	I42	6	299	35	47629	8.107137503619473e-08	5.350454788657036e-06	0.0020064205457463883
F43	F90	7	197	87	47629	8.220221154224542e-08	5.350454788657036e-06	0.0020117710005350454
H54	J96	6	20	556	47629	8.309458183620988e-08	5.350454788657036e-06	0.0020171214553237025
G40	G71	9	1166	34	47629	9.260951142608627e-08	5.350454788657036e-06	0.0020224719101123593
G41	G81	6	114	91	47629	9.296835374063585e-08	5.350454788657036e-06	0.0020278223649010164
F89	H53	7	156	112	47629	9.591115914812065e-08	5.350454788657036e-06	0.0020331728196896735
J44	J45	25	606	564	47629	9.860898627704065e-08	5.350454788657036e-06	0.0020385232744783307
K52	K56	20	692	329	47629	1.0375648225471713e-07	5.350454788657036e-06	0.0020438737292669874
F98	K21	12	244	316	47629	1.0598835115207394e-07	5.350454788657036e-06	0.0020492241840556445
D69	G91	10	381	130	47629	1.0846018458089748e-07	5.350454788657036e-06	0.0020545746388443017
J44	L20	16	606	242	47629	1.0969255345960809e-07	5.350454788657036e-06	0.002059925093632959
J12	J40	12	234	333	47629	1.1847196535215807e-07	5.350454788657036e-06	0.002065275548421616
G81	H91	6	91	120	47629	1.261712143339369e-07	5.350454788657036e-06	0.0020706260032102726
B37	A37	13	891	108	47629	1.2657232335640643e-07	5.350454788657036e-06	0.00207597645799893
G40	I69	7	1166	18	47629	1.3008877116111785e-07	5.350454788657036e-06	0.002081326912787587
E70	J96	6	22	556	47629	1.5681461933981976e-07	5.350454788657036e-06	0.002086677367576244
E03	E66	8	93	309	47629	1.810010837270399e-07	5.350454788657036e-06	0.0020920278223649008
G41	G82	6	114	102	47629	1.83839766887731e-07	5.350454788657036e-06	0.002097378277153558
J04	J06	83	833	2632	47629	1.898556732206277e-07	5.350454788657036e-06	0.002102728731942215
J02	J20	86	735	3140	47629	1.9763428614849635e-07	5.350454788657036e-06	0.002108079186730872
B97	J06	12	35	2632	47629	2.001026073238689e-07	5.350454788657036e-06	0.002113429641519529
F79	G40	7	19	1166	47629	2.016036989224615e-07	5.350454788657036e-06	0.002118780096308186
B37	J44	32	891	606	47629	2.0904146080810413e-07	5.350454788657036e-06	0.002124130551096843
J96	J98	25	556	640	47629	2.097036319827736e-07	5.350454788657036e-06	0.0021294810058855003
J91	J96	6	23	556	47629	2.1006722235609496e-07	5.350454788657036e-06	0.002134831460674157
F83	G25	6	299	41	47629	2.1758693880476147e-07	5.350454788657036e-06	0.002140181915462814
F83	F93	8	299	99	47629	2.2929293418595193e-07	5.350454788657036e-06	0.0021455323702514713
J03	J06	152	1815	2632	47629	2.396803200517186e-07	5.350454788657036e-06	0.0021508828250401285
H10	J18	36	365	1820	47629	2.601165083093593e-07	5.350454788657036e-06	0.002156233279828785
H65	H72	18	4804	47	47629	2.881642230960155e-07	5.350454788657036e-06	0.0021615837346174423
B37	A08	125	891	4247	47629	2.908008039715122e-07	5.350454788657036e-06	0.0021669341894060994
J21	J44	33	954	606	47629	3.142582304941522e-07	5.350454788657036e-06	0.0021722846441947566
N39	L22	74	2794	684	47629	3.4846660893924453e-07	5.350454788657036e-06	0.0021776350989834133
F90	F98	7	87	244	47629	3.503138732649182e-07	5.350454788657036e-06	0.0021829855537720704
B07	B08	14	216	563	47629	3.5978958213475806e-07	5.350454788657036e-06	0.0021883360085607276
J12	J18	27	234	1820	47629	3.8015882856010395e-07	5.350454788657036e-06	0.0021936864633493847
J06	J20	238	2632	3140	47629	3.9237233669793314e-07	5.350454788657036e-06	0.0021990369181380414
H10	J15	22	365	820	47629	5.101247381843826e-07	5.350454788657036e-06	0.0022043873729266986
F50	K21	8	105	316	47629	5.483729975394996e-07	5.350454788657036e-06	0.0022097378277153557
D69	H49	6	381	38	47629	5.602197090981447e-07	5.350454788657036e-06	0.002215088282504013
N12	B99	13	112	981	47629	5.763902440425774e-07	5.350454788657036e-06	0.0022204387372926696
E66	F98	11	309	244	47629	6.847196337819468e-07	5.350454788657036e-06	0.0022257891920813267
C71	G40	14	113	1166	47629	7.430622062270847e-07	5.350454788657036e-06	0.002231139646869984
H73	J20	15	52	3140	47629	8.094253399592555e-07	5.350454788657036e-06	0.002236490101658641
F98	K59	21	244	1170	47629	8.210861021926529e-07	5.350454788657036e-06	0.002241840556447298
B37	B00	28	891	521	47629	8.406417984084594e-07	5.350454788657036e-06	0.002247191011235955
N10	L22	27	639	684	47629	8.531627515294531e-07	5.350454788657036e-06	0.002252541466024612
K21	K29	8	316	112	47629	8.983978158192214e-07	5.350454788657036e-06	0.002257891920813269
G04	G40	7	23	1166	47629	9.003127409598326e-07	5.350454788657036e-06	0.0022632423756019262
D69	D72	6	381	42	47629	1.0361866059337534e-06	5.350454788657036e-06	0.002268592830390583
J02	L85	6	735	23	47629	1.0679062131560173e-06	5.350454788657036e-06	0.00227394328517924
L01	B00	9	95	521	47629	1.0690924333987393e-06	5.350454788657036e-06	0.0022792937399678972
K40	K45	6	645	26	47629	1.101645975978165e-06	5.350454788657036e-06	0.0022846441947565544
J18	J91	8	1820	23	47629	1.3127355260003221e-06	5.350454788657036e-06	0.002289994649545211
K29	K92	6	112	146	47629	1.3700612517185857e-06	5.350454788657036e-06	0.0022953451043338682
J96	M41	7	556	48	47629	1.3842160310560772e-06	5.350454788657036e-06	0.0023006955591225254
E86	J03	105	1712	1815	47629	1.3877871796207333e-06	5.350454788657036e-06	0.0023060460139111825
E88	F83	6	56	299	47629	1.4518525535331384e-06	5.350454788657036e-06	0.002311396468699839
B37	J06	84	891	2632	47629	1.547593729904376e-06	5.350454788657036e-06	0.0023167469234884963
H61	H90	10	238	278	47629	1.6121687131525668e-06	5.350454788657036e-06	0.0023220973782771535
H02	H50	8	69	565	47629	1.6536225385705954e-06	5.350454788657036e-06	0.0023274478330658106
J20	J40	46	3140	333	47629	1.772733919665025e-06	5.350454788657036e-06	0.0023327982878544673
F83	G81	7	299	91	47629	1.8473154371782334e-06	5.350454788657036e-06	0.0023381487426431245
B37	H66	47	891	1192	47629	1.8587468365569463e-06	5.350454788657036e-06	0.0023434991974317816
A37	J21	12	108	954	47629	1.8674586537575487e-06	5.350454788657036e-06	0.0023488496522204388
D50	K92	8	272	146	47629	2.1783161366436244e-06	5.350454788657036e-06	0.0023542001070090955
J30	J44	8	67	606	47629	2.2119082040803793e-06	5.350454788657036e-06	0.0023595505617977526
J02	J15	32	735	820	47629	2.2358809340986253e-06	5.350454788657036e-06	0.0023649010165864097
F80	H61	9	225	238	47629	2.2698762705396694e-06	5.350454788657036e-06	0.002370251471375067
D64	A41	9	230	233	47629	2.2840159527717338e-06	5.350454788657036e-06	0.0023756019261637236
J06	B09	18	2632	92	47629	2.5214374957379083e-06	5.350454788657036e-06	0.0023809523809523807
A02	E86	18	139	1712	47629	2.757210574187748e-06	5.350454788657036e-06	0.002386302835741038
F45	K59	11	77	1170	47629	2.849878421353787e-06	5.350454788657036e-06	0.002391653290529695
N76	J02	13	171	735	47629	2.930903713922877e-06	5.350454788657036e-06	0.002397003745318352
J00	J04	48	1338	833	47629	2.995332464029785e-06	5.350454788657036e-06	0.002402354200107009
I42	J96	6	35	556	47629	2.999212554126614e-06	5.350454788657036e-06	0.002407704654895666
C91	D64	6	83	230	47629	3.2872565284928814e-06	5.350454788657036e-06	0.002413055109684323
L01	L03	7	95	318	47629	3.700637676803453e-06	5.350454788657036e-06	0.0024184055644729803
B37	B08	28	891	563	47629	3.7259899841274387e-06	5.350454788657036e-06	0.002423756019261637
A04	E87	11	254	354	47629	3.7578422551933763e-06	5.350454788657036e-06	0.002429106474050294
F83	G47	12	299	363	47629	3.8715739985034715e-06	5.350454788657036e-06	0.0024344569288389513
G51	G91	6	151	130	47629	3.964482144898027e-06	5.350454788657036e-06	0.0024398073836276084
J06	J11	25	2632	164	47629	4.070306124243029e-06	5.350454788657036e-06	0.002445157838416265
L02	L03	10	231	318	47629	4.07876771386449e-06	5.350454788657036e-06	0.0024505082932049223
N76	A09	34	171	4140	47629	4.172317868348873e-06	5.350454788657036e-06	0.0024558587479935794
J02	J03	54	735	1815	47629	4.299422799771252e-06	5.350454788657036e-06	0.0024612092027822365
F43	F89	7	197	156	47629	4.3057031937812026e-06	5.350454788657036e-06	0.0024665596575708932
H27	H50	6	37	565	47629	4.616132928598543e-06	5.350454788657036e-06	0.0024719101123595504
N39	B37	86	2794	891	47629	4.729787697431505e-06	5.350454788657036e-06	0.0024772605671482075
K59	K63	8	1170	40	47629	4.952691893168983e-06	5.350454788657036e-06	0.0024826110219368647
K04	K10	6	533	40	47629	5.307128298355166e-06	5.350454788657036e-06	0.0024879614767255214
F43	F82	6	197	105	47629	5.312704886496951e-06	5.350454788657036e-06	0.0024933119315141785
