ICD1	ICD2	val11	occ1	occ2	NN	pval	bonf_thresh	fdr_thresh
J34	M95	96	625	140	36926	1.216394230511348e-137	7.017543859649123e-06	7.017543859649123e-06
F32	F43	298	1008	2038	36926	6.161250283132335e-136	7.017543859649123e-06	1.4035087719298246e-05
F43	F60	218	2038	558	36926	8.788205541815745e-127	7.017543859649123e-06	2.105263157894737e-05
F32	F60	163	1008	558	36926	1.5373694630891197e-120	7.017543859649123e-06	2.8070175438596492e-05
K01	K07	96	648	382	36926	4.1809869285849344e-82	7.017543859649123e-06	3.508771929824561e-05
J32	J34	75	224	625	36926	9.431574853872439e-76	7.017543859649123e-06	4.210526315789474e-05
H65	J35	133	274	2996	36926	8.337183319872845e-71	7.017543859649123e-06	4.9122807017543864e-05
F33	F60	65	185	558	36926	1.497665544662765e-70	7.017543859649123e-06	5.6140350877192984e-05
K21	K29	84	220	1142	36926	2.76475485507573e-68	7.017543859649123e-06	6.31578947368421e-05
F43	F92	114	2038	284	36926	1.194817561452369e-67	7.017543859649123e-06	7.017543859649122e-05
F32	F50	115	1008	630	36926	2.8276311935623986e-60	7.017543859649123e-06	7.719298245614036e-05
N13	N20	42	245	140	36926	4.8305091037203425e-58	7.017543859649123e-06	8.421052631578948e-05
E10	E16	38	476	58	36926	5.0721980156096185e-58	7.017543859649123e-06	9.12280701754386e-05
E66	I10	54	804	142	36926	3.1722229129851233e-52	7.017543859649123e-06	9.824561403508773e-05
E86	A08	59	181	900	36926	1.6759710921897994e-49	7.017543859649123e-06	0.00010526315789473685
B98	K29	30	30	1142	36926	3.533964014332699e-46	7.017543859649123e-06	0.00011228070175438597
F83	G40	44	94	887	36926	8.393083843522271e-46	7.017543859649123e-06	0.00011929824561403509
F32	F33	58	1008	185	36926	8.648777407388868e-45	7.017543859649123e-06	0.0001263157894736842
D50	K50	41	352	184	36926	6.728107627002434e-44	7.017543859649123e-06	0.00013333333333333334
F91	F92	37	175	284	36926	2.5341535440792568e-42	7.017543859649123e-06	0.00014035087719298245
F50	F60	73	630	558	36926	4.104195757135675e-42	7.017543859649123e-06	0.00014736842105263158
M51	M54	35	87	519	36926	6.09301668181444e-42	7.017543859649123e-06	0.0001543859649122807
C71	E23	22	118	56	36926	3.08915679575759e-41	7.017543859649123e-06	0.00016140350877192982
C71	E89	19	118	30	36926	4.452250956072325e-41	7.017543859649123e-06	0.00016842105263157895
F43	F93	83	2038	258	36926	7.732648034338412e-41	7.017543859649123e-06	0.00017543859649122808
E66	E90	23	804	23	36926	4.337783989084908e-39	7.017543859649123e-06	0.0001824561403508772
G80	G82	21	96	70	36926	1.7173737639111918e-38	7.017543859649123e-06	0.00018947368421052632
E84	K86	15	47	28	36926	1.1285390469354975e-37	7.017543859649123e-06	0.00019649122807017546
F43	F91	66	2038	175	36926	1.3104239526470436e-37	7.017543859649123e-06	0.00020350877192982456
N10	N39	86	452	1329	36926	2.76459292838284e-37	7.017543859649123e-06	0.0002105263157894737
C71	H53	24	118	126	36926	3.2545992396454356e-36	7.017543859649123e-06	0.0002175438596491228
D69	D70	20	139	50	36926	3.354029942194502e-36	7.017543859649123e-06	0.00022456140350877193
F43	F70	49	2038	96	36926	6.36761455310663e-36	7.017543859649123e-06	0.00023157894736842107
F43	F50	124	2038	630	36926	1.0344452874219853e-35	7.017543859649123e-06	0.00023859649122807017
E66	K76	36	804	98	36926	1.5204577914487983e-34	7.017543859649123e-06	0.0002456140350877193
H50	H52	24	193	91	36926	1.7408157937695032e-34	7.017543859649123e-06	0.0002526315789473684
F60	F61	28	558	65	36926	6.233724257457832e-34	7.017543859649123e-06	0.0002596491228070176
G40	G41	28	887	47	36926	1.3484252976278443e-33	7.017543859649123e-06	0.0002666666666666667
E23	E89	14	56	30	36926	8.27669292830486e-33	7.017543859649123e-06	0.0002736842105263158
N13	N39	60	245	1329	36926	1.0851705882368302e-32	7.017543859649123e-06	0.0002807017543859649
N20	N23	20	140	70	36926	1.2622131559276574e-32	7.017543859649123e-06	0.00028771929824561405
F19	F60	36	154	558	36926	3.153649474516056e-32	7.017543859649123e-06	0.00029473684210526316
F12	F43	56	153	2038	36926	2.58500732410431e-31	7.017543859649123e-06	0.00030175438596491226
F12	F60	35	153	558	36926	5.190889734982087e-31	7.017543859649123e-06	0.0003087719298245614
F50	M81	26	630	58	36926	8.579845776788617e-31	7.017543859649123e-06	0.00031578947368421053
C40	C41	11	20	31	36926	3.2520199361551046e-30	7.017543859649123e-06	0.00032280701754385964
F43	F45	111	2038	593	36926	4.659266511787918e-30	7.017543859649123e-06	0.0003298245614035088
K80	K81	17	299	27	36926	1.370201058904442e-29	7.017543859649123e-06	0.0003368421052631579
G80	M21	26	96	390	36926	1.8743648054443332e-29	7.017543859649123e-06	0.000343859649122807
F60	F92	42	558	284	36926	8.126606930604632e-29	7.017543859649123e-06	0.00035087719298245617
G51	A69	17	216	37	36926	8.301877145204945e-29	7.017543859649123e-06	0.0003578947368421053
F11	F19	15	31	154	36926	2.82826554652557e-28	7.017543859649123e-06	0.0003649122807017544
K21	K44	19	220	60	36926	3.976918069601025e-28	7.017543859649123e-06	0.00037192982456140354
E10	E14	24	476	75	36926	3.491416928848723e-27	7.017543859649123e-06	0.00037894736842105265
E66	E78	29	804	86	36926	8.031581541154079e-27	7.017543859649123e-06	0.00038596491228070175
C71	C79	11	118	13	36926	1.7051658306654396e-26	7.017543859649123e-06	0.0003929824561403509
H91	H93	19	133	115	36926	1.7852218923710678e-26	7.017543859649123e-06	0.0004
F19	F43	51	154	2038	36926	2.822713218739416e-26	7.017543859649123e-06	0.0004070175438596491
C71	G81	16	118	67	36926	4.025440168164898e-26	7.017543859649123e-06	0.00041403508771929823
F11	F13	12	31	66	36926	5.05572971908901e-26	7.017543859649123e-06	0.0004210526315789474
G40	G82	27	887	70	36926	8.756287431493591e-26	7.017543859649123e-06	0.0004280701754385965
F41	F45	43	337	593	36926	9.782332211796035e-26	7.017543859649123e-06	0.0004350877192982456
E73	E74	17	149	76	36926	2.4255834580974676e-25	7.017543859649123e-06	0.00044210526315789476
N92	D50	26	149	352	36926	3.0634442864325186e-25	7.017543859649123e-06	0.00044912280701754387
J32	J33	16	224	43	36926	4.477406026272103e-25	7.017543859649123e-06	0.000456140350877193
E06	E10	25	108	476	36926	2.460070096222832e-24	7.017543859649123e-06	0.00046315789473684214
N31	N39	28	62	1329	36926	3.0602059760969453e-24	7.017543859649123e-06	0.00047017543859649124
I85	K74	7	9	13	36926	3.326962738873272e-24	7.017543859649123e-06	0.00047719298245614035
K50	K51	18	184	89	36926	3.4146594186100524e-24	7.017543859649123e-06	0.0004842105263157895
I26	I80	12	50	55	36926	3.817505021592588e-24	7.017543859649123e-06	0.0004912280701754386
F32	L98	24	1008	52	36926	4.6239338657834666e-24	7.017543859649123e-06	0.0004982456140350878
F17	F60	36	264	558	36926	1.2793452968986989e-23	7.017543859649123e-06	0.0005052631578947368
F43	F81	30	2038	56	36926	2.399049271301062e-23	7.017543859649123e-06	0.000512280701754386
F89	G40	21	43	887	36926	4.976334889414226e-23	7.017543859649123e-06	0.0005192982456140351
J30	J45	24	124	424	36926	1.3081166011774155e-22	7.017543859649123e-06	0.0005263157894736842
K01	K09	20	648	50	36926	1.6554181457763986e-22	7.017543859649123e-06	0.0005333333333333334
F12	F32	35	153	1008	36926	1.9863490700757343e-22	7.017543859649123e-06	0.0005403508771929825
N77	B37	9	12	84	36926	2.29215275020352e-22	7.017543859649123e-06	0.0005473684210526316
K29	K44	25	1142	60	36926	2.5907414286469204e-22	7.017543859649123e-06	0.0005543859649122807
G80	M62	14	96	79	36926	2.594422153623051e-22	7.017543859649123e-06	0.0005614035087719298
C71	G91	12	118	35	36926	5.000926608840186e-22	7.017543859649123e-06	0.0005684210526315789
M22	M24	20	227	137	36926	6.990892280633642e-22	7.017543859649123e-06	0.0005754385964912281
J96	M81	16	256	58	36926	1.0939955684601279e-21	7.017543859649123e-06	0.0005824561403508772
F33	F43	50	185	2038	36926	2.3056476391200864e-21	7.017543859649123e-06	0.0005894736842105263
J34	J35	125	625	2996	36926	2.793619974879764e-21	7.017543859649123e-06	0.0005964912280701755
F12	F19	18	153	154	36926	3.778909099350546e-21	7.017543859649123e-06	0.0006035087719298245
E66	K80	41	804	299	36926	7.13511298129832e-21	7.017543859649123e-06	0.0006105263157894737
E23	H53	13	56	126	36926	7.507187019140192e-21	7.017543859649123e-06	0.0006175438596491228
J96	K50	22	256	184	36926	7.555704369865791e-21	7.017543859649123e-06	0.0006245614035087719
F42	F50	22	82	630	36926	1.7300345742654404e-20	7.017543859649123e-06	0.0006315789473684211
C71	D43	11	118	31	36926	1.764468141824402e-20	7.017543859649123e-06	0.0006385964912280702
F12	F15	11	153	26	36926	3.138574234446524e-20	7.017543859649123e-06	0.0006456140350877193
B27	J03	47	438	761	36926	3.2132201112457507e-20	7.017543859649123e-06	0.0006526315789473684
K51	M09	8	89	10	36926	3.695461065167303e-20	7.017543859649123e-06	0.0006596491228070176
D44	E23	9	25	56	36926	4.324441392257519e-20	7.017543859649123e-06	0.0006666666666666666
F43	F44	51	2038	205	36926	4.987226119705163e-20	7.017543859649123e-06	0.0006736842105263158
C79	G81	8	13	67	36926	9.729447982020812e-20	7.017543859649123e-06	0.000680701754385965
K60	K62	11	83	49	36926	1.0092305280685025e-19	7.017543859649123e-06	0.000687719298245614
K00	K01	17	41	648	36926	1.1825849439917462e-19	7.017543859649123e-06	0.0006947368421052632
F13	F43	29	66	2038	36926	1.6387420559534085e-19	7.017543859649123e-06	0.0007017543859649123
F41	F43	66	337	2038	36926	1.855942607093586e-19	7.017543859649123e-06	0.0007087719298245614
E63	K50	9	12	184	36926	3.3754817403685187e-19	7.017543859649123e-06	0.0007157894736842105
F43	F98	38	2038	121	36926	4.863089932521381e-19	7.017543859649123e-06	0.0007228070175438597
E03	E06	17	238	108	36926	5.254086278594288e-19	7.017543859649123e-06	0.0007298245614035088
N13	N23	15	245	70	36926	7.196176866137037e-19	7.017543859649123e-06	0.0007368421052631579
E86	A09	41	181	1580	36926	1.1102249577368406e-18	7.017543859649123e-06	0.0007438596491228071
F32	F42	24	1008	82	36926	1.6246395374108094e-18	7.017543859649123e-06	0.0007508771929824561
N80	N94	19	98	410	36926	1.8717933053084126e-18	7.017543859649123e-06	0.0007578947368421053
K80	K85	17	299	94	36926	2.1050908817242293e-18	7.017543859649123e-06	0.0007649122807017545
G40	J96	37	887	256	36926	2.3831931798110154e-18	7.017543859649123e-06	0.0007719298245614035
K10	K12	10	39	91	36926	2.9723779102788483e-18	7.017543859649123e-06	0.0007789473684210527
K50	K63	13	184	60	36926	3.1991741842130443e-18	7.017543859649123e-06	0.0007859649122807018
G40	G81	21	887	67	36926	3.5642896375413795e-18	7.017543859649123e-06	0.0007929824561403509
N91	F50	17	50	630	36926	4.14938696067601e-18	7.017543859649123e-06	0.0008
N83	D27	31	1033	153	36926	4.347170024183652e-18	7.017543859649123e-06	0.0008070175438596491
D61	D70	8	24	50	36926	4.53526182690487e-18	7.017543859649123e-06	0.0008140350877192983
N13	N31	14	245	62	36926	4.828945389654016e-18	7.017543859649123e-06	0.0008210526315789474
E10	E13	12	476	21	36926	4.852884051764138e-18	7.017543859649123e-06	0.0008280701754385965
E63	J96	9	12	256	36926	6.940432259117015e-18	7.017543859649123e-06	0.0008350877192982456
H49	H53	9	20	126	36926	7.627042686538491e-18	7.017543859649123e-06	0.0008421052631578948
N17	A41	9	34	70	36926	9.352532454043289e-18	7.017543859649123e-06	0.0008491228070175438
E66	E88	17	804	43	36926	1.1673267755369447e-17	7.017543859649123e-06	0.000856140350877193
D50	K51	17	352	89	36926	1.2250162626141582e-17	7.017543859649123e-06	0.0008631578947368422
E63	M81	7	12	58	36926	1.2751067123311522e-17	7.017543859649123e-06	0.0008701754385964912
E30	M81	9	43	58	36926	1.6408374186186886e-17	7.017543859649123e-06	0.0008771929824561404
J18	J90	13	345	39	36926	2.152074509030149e-17	7.017543859649123e-06	0.0008842105263157895
F81	F90	11	56	115	36926	2.166175878055159e-17	7.017543859649123e-06	0.0008912280701754386
F19	F32	30	154	1008	36926	2.448624900179165e-17	7.017543859649123e-06	0.0008982456140350877
C71	G62	8	118	14	36926	2.5238534432387964e-17	7.017543859649123e-06	0.0009052631578947369
K02	K04	12	135	70	36926	3.072277985562757e-17	7.017543859649123e-06	0.000912280701754386
E03	E66	33	238	804	36926	3.316044802219274e-17	7.017543859649123e-06	0.0009192982456140351
K29	K92	34	1142	183	36926	3.790743681901289e-17	7.017543859649123e-06	0.0009263157894736843
C73	E89	7	25	30	36926	5.220329116383337e-17	7.017543859649123e-06	0.0009333333333333333
K61	L02	12	38	278	36926	5.942767809926813e-17	7.017543859649123e-06	0.0009403508771929825
C79	D64	8	13	153	36926	9.128030900669503e-17	7.017543859649123e-06	0.0009473684210526316
K50	M81	12	184	58	36926	1.1902261403679931e-16	7.017543859649123e-06	0.0009543859649122807
D50	E63	9	352	12	36926	1.2589876842632708e-16	7.017543859649123e-06	0.0009614035087719299
G43	G44	44	812	445	36926	1.2851214206974348e-16	7.017543859649123e-06	0.000968421052631579
C71	D33	8	118	17	36926	2.0269297333649975e-16	7.017543859649123e-06	0.0009754385964912281
H66	H71	10	127	43	36926	2.810075833558505e-16	7.017543859649123e-06	0.0009824561403508772
F81	F92	13	56	284	36926	3.5187949668154917e-16	7.017543859649123e-06	0.0009894736842105264
E84	J96	12	47	256	36926	4.009357347989602e-16	7.017543859649123e-06	0.0009964912280701755
N11	N39	18	40	1329	36926	4.906691147260499e-16	7.017543859649123e-06	0.0010035087719298245
E89	H53	9	30	126	36926	6.313919078391487e-16	7.017543859649123e-06	0.0010105263157894737
C40	D48	9	20	207	36926	7.305906369757294e-16	7.017543859649123e-06	0.0010175438596491228
F90	F92	16	115	284	36926	7.428890243496241e-16	7.017543859649123e-06	0.001024561403508772
N18	N19	6	30	15	36926	8.401614510439717e-16	7.017543859649123e-06	0.0010315789473684211
M23	M65	20	436	146	36926	9.361029616624818e-16	7.017543859649123e-06	0.0010385964912280703
I47	I49	11	120	74	36926	9.393963957011284e-16	7.017543859649123e-06	0.0010456140350877192
C41	D48	10	31	207	36926	9.853474793733314e-16	7.017543859649123e-06	0.0010526315789473684
M08	M13	10	98	62	36926	1.0369444944263281e-15	7.017543859649123e-06	0.0010596491228070176
N10	B96	13	452	40	36926	1.0398628893520006e-15	7.017543859649123e-06	0.0010666666666666667
K74	K76	7	13	98	36926	1.2624197929614244e-15	7.017543859649123e-06	0.0010736842105263159
F92	F93	21	284	258	36926	1.4059639917235835e-15	7.017543859649123e-06	0.001080701754385965
D16	D48	16	163	207	36926	1.4238438015763484e-15	7.017543859649123e-06	0.001087719298245614
E30	E63	6	43	12	36926	1.5923013203545447e-15	7.017543859649123e-06	0.0010947368421052631
N70	N73	11	195	49	36926	1.6386342468475243e-15	7.017543859649123e-06	0.0011017543859649123
C81	C85	6	41	13	36926	2.179842345410877e-15	7.017543859649123e-06	0.0011087719298245615
F43	F61	25	2038	65	36926	2.3191846579604773e-15	7.017543859649123e-06	0.0011157894736842106
F81	F91	11	56	175	36926	2.4392736014453407e-15	7.017543859649123e-06	0.0011228070175438596
F12	F13	11	153	66	36926	3.788290462635836e-15	7.017543859649123e-06	0.0011298245614035087
F12	F92	17	153	284	36926	4.307193949197659e-15	7.017543859649123e-06	0.0011368421052631579
N12	N39	28	124	1329	36926	5.1058631825234334e-15	7.017543859649123e-06	0.001143859649122807
E84	K74	6	47	13	36926	5.2004820845145966e-15	7.017543859649123e-06	0.0011508771929824562
F11	F12	9	31	153	36926	5.289538327417524e-15	7.017543859649123e-06	0.0011578947368421054
H50	H53	14	193	126	36926	5.82198498499873e-15	7.017543859649123e-06	0.0011649122807017543
F92	F94	12	284	53	36926	6.838549645745456e-15	7.017543859649123e-06	0.0011719298245614035
E10	E87	20	476	149	36926	7.359204423055456e-15	7.017543859649123e-06	0.0011789473684210526
C79	H53	7	13	126	36926	7.673844932276625e-15	7.017543859649123e-06	0.0011859649122807018
K50	M09	7	184	10	36926	8.057307760799012e-15	7.017543859649123e-06	0.001192982456140351
C71	D44	8	118	25	36926	8.828711448192714e-15	7.017543859649123e-06	0.0012000000000000001
D50	D64	18	352	153	36926	9.931278146357197e-15	7.017543859649123e-06	0.001207017543859649
F43	L98	22	2038	52	36926	1.019427838421676e-14	7.017543859649123e-06	0.0012140350877192982
M65	M67	20	146	496	36926	1.069638480598328e-14	7.017543859649123e-06	0.0012210526315789474
M23	M67	32	436	496	36926	1.098799692539491e-14	7.017543859649123e-06	0.0012280701754385965
H65	H90	12	274	57	36926	1.1504428234943999e-14	7.017543859649123e-06	0.0012350877192982457
F84	G40	16	48	887	36926	1.1831025767210653e-14	7.017543859649123e-06	0.0012421052631578949
E30	K50	10	43	184	36926	1.225919766078004e-14	7.017543859649123e-06	0.0012491228070175438
F33	F50	24	185	630	36926	1.6217452393537122e-14	7.017543859649123e-06	0.001256140350877193
C71	H91	12	118	133	36926	1.7720903741157023e-14	7.017543859649123e-06	0.0012631578947368421
F17	K29	37	264	1142	36926	1.9310679705214998e-14	7.017543859649123e-06	0.0012701754385964913
F44	G40	29	205	887	36926	1.9714485802243226e-14	7.017543859649123e-06	0.0012771929824561404
F32	F92	36	1008	284	36926	2.3834923070575023e-14	7.017543859649123e-06	0.0012842105263157896
K02	K05	8	135	25	36926	2.6545953098384486e-14	7.017543859649123e-06	0.0012912280701754385
D16	M85	10	163	53	36926	3.518165097815752e-14	7.017543859649123e-06	0.0012982456140350877
F32	F41	39	1008	337	36926	4.045571720361935e-14	7.017543859649123e-06	0.0013052631578947369
H83	H93	8	31	115	36926	5.133083165292637e-14	7.017543859649123e-06	0.001312280701754386
E11	E66	13	32	804	36926	5.328985770667328e-14	7.017543859649123e-06	0.0013192982456140352
F13	F60	15	66	558	36926	5.3665601882234196e-14	7.017543859649123e-06	0.0013263157894736843
E87	F10	26	149	1015	36926	5.972343382719562e-14	7.017543859649123e-06	0.0013333333333333333
A41	J96	12	70	256	36926	7.092091598284832e-14	7.017543859649123e-06	0.0013403508771929824
E03	E23	11	238	56	36926	7.293426639081318e-14	7.017543859649123e-06	0.0013473684210526316
D22	D23	12	180	100	36926	8.990577091130668e-14	7.017543859649123e-06	0.0013543859649122808
F10	F60	51	1015	558	36926	9.529205514932162e-14	7.017543859649123e-06	0.00136140350877193
F84	F89	7	48	43	36926	1.2341837754954722e-13	7.017543859649123e-06	0.0013684210526315789
H74	H90	7	37	57	36926	1.4150972591115831e-13	7.017543859649123e-06	0.001375438596491228
B27	L27	13	438	58	36926	1.4991138233971603e-13	7.017543859649123e-06	0.0013824561403508772
K01	K05	11	648	25	36926	1.59385703894665e-13	7.017543859649123e-06	0.0013894736842105264
H50	H55	7	193	13	36926	1.596004580624724e-13	7.017543859649123e-06	0.0013964912280701755
K25	K29	12	21	1142	36926	1.6438918979423266e-13	7.017543859649123e-06	0.0014035087719298247
K60	K64	7	83	27	36926	1.9158846444978225e-13	7.017543859649123e-06	0.0014105263157894736
J96	K86	9	256	28	36926	1.9783101270022272e-13	7.017543859649123e-06	0.0014175438596491228
C71	H49	7	118	20	36926	2.127595849561246e-13	7.017543859649123e-06	0.001424561403508772
K50	K52	25	184	785	36926	2.1465477113087592e-13	7.017543859649123e-06	0.001431578947368421
J96	K92	16	256	183	36926	2.444537021344431e-13	7.017543859649123e-06	0.0014385964912280703
E16	J96	11	58	256	36926	2.448297468079542e-13	7.017543859649123e-06	0.0014456140350877194
E84	J15	9	47	150	36926	2.8220582948243346e-13	7.017543859649123e-06	0.0014526315789473684
E30	J96	10	43	256	36926	3.3725076592871366e-13	7.017543859649123e-06	0.0014596491228070175
F83	G41	8	94	47	36926	3.768779340629659e-13	7.017543859649123e-06	0.0014666666666666667
N70	K66	10	195	56	36926	3.854831163120467e-13	7.017543859649123e-06	0.0014736842105263158
N18	D64	8	30	153	36926	3.9116258665008146e-13	7.017543859649123e-06	0.001480701754385965
N13	N28	10	245	46	36926	4.5458595030215147e-13	7.017543859649123e-06	0.0014877192982456142
F12	F91	13	153	175	36926	5.216828756493029e-13	7.017543859649123e-06	0.001494736842105263
H66	H74	8	127	37	36926	5.558459242182849e-13	7.017543859649123e-06	0.0015017543859649123
F43	F90	30	2038	115	36926	5.844588380583326e-13	7.017543859649123e-06	0.0015087719298245614
D64	D70	9	153	50	36926	6.148935016926634e-13	7.017543859649123e-06	0.0015157894736842106
N60	D24	8	27	185	36926	6.974986844597405e-13	7.017543859649123e-06	0.0015228070175438597
H66	H72	8	127	38	36926	7.02054884196257e-13	7.017543859649123e-06	0.001529824561403509
M23	M24	17	436	137	36926	7.131489036602847e-13	7.017543859649123e-06	0.0015368421052631579
H52	H53	10	91	126	36926	7.570436916049491e-13	7.017543859649123e-06	0.001543859649122807
D50	M09	7	352	10	36926	7.891045468686753e-13	7.017543859649123e-06	0.0015508771929824562
H65	H66	14	274	127	36926	8.066083298919482e-13	7.017543859649123e-06	0.0015578947368421053
D50	J96	20	352	256	36926	8.184713411927656e-13	7.017543859649123e-06	0.0015649122807017545
F10	F12	25	1015	153	36926	8.448293344510577e-13	7.017543859649123e-06	0.0015719298245614037
K51	K92	11	89	183	36926	8.539320517083257e-13	7.017543859649123e-06	0.0015789473684210526
C91	A41	7	39	70	36926	9.469035576852052e-13	7.017543859649123e-06	0.0015859649122807018
F17	F43	47	264	2038	36926	1.0998292645553131e-12	7.017543859649123e-06	0.001592982456140351
E23	E34	9	56	145	36926	1.117926758912897e-12	7.017543859649123e-06	0.0016
A49	E84	7	60	47	36926	1.2443056024790533e-12	7.017543859649123e-06	0.0016070175438596492
F19	F92	15	154	284	36926	1.2714836013183e-12	7.017543859649123e-06	0.0016140350877192982
F34	F50	12	39	630	36926	1.4089843621024662e-12	7.017543859649123e-06	0.0016210526315789473
K56	K59	31	211	1178	36926	1.558981075114773e-12	7.017543859649123e-06	0.0016280701754385965
N92	D64	12	149	153	36926	1.6107836786525992e-12	7.017543859649123e-06	0.0016350877192982457
G81	H53	9	67	126	36926	1.6977312919824881e-12	7.017543859649123e-06	0.0016421052631578948
E10	K90	18	476	155	36926	2.070442215306963e-12	7.017543859649123e-06	0.001649122807017544
F17	F32	32	264	1008	36926	2.231690876262788e-12	7.017543859649123e-06	0.001656140350877193
M21	M96	10	390	35	36926	2.234298990965916e-12	7.017543859649123e-06	0.001663157894736842
C71	J96	13	118	256	36926	2.29659498734727e-12	7.017543859649123e-06	0.0016701754385964912
F32	F40	16	1008	58	36926	2.3104551553403223e-12	7.017543859649123e-06	0.0016771929824561404
D50	K92	17	352	183	36926	2.721791716447653e-12	7.017543859649123e-06	0.0016842105263157896
D61	D69	7	24	139	36926	3.016076906288347e-12	7.017543859649123e-06	0.0016912280701754387
K07	K09	11	382	50	36926	3.2754753299238518e-12	7.017543859649123e-06	0.0016982456140350877
G62	H53	6	14	126	36926	4.109594960337437e-12	7.017543859649123e-06	0.0017052631578947368
D64	J96	14	153	256	36926	4.218747871288219e-12	7.017543859649123e-06	0.001712280701754386
C79	D69	6	13	139	36926	4.284416755442665e-12	7.017543859649123e-06	0.0017192982456140352
J03	J36	26	761	235	36926	4.3943120659919596e-12	7.017543859649123e-06	0.0017263157894736843
F40	F41	11	58	337	36926	4.829025933002707e-12	7.017543859649123e-06	0.0017333333333333335
J45	J46	8	424	17	36926	6.283500449743606e-12	7.017543859649123e-06	0.0017403508771929824
E14	E84	7	75	47	36926	6.304465109978881e-12	7.017543859649123e-06	0.0017473684210526316
F12	F17	14	153	264	36926	6.380676328585613e-12	7.017543859649123e-06	0.0017543859649122807
J03	J35	118	761	2996	36926	7.12611252287768e-12	7.017543859649123e-06	0.00176140350877193
F44	F60	21	205	558	36926	7.29786019144847e-12	7.017543859649123e-06	0.001768421052631579
C71	G40	20	118	887	36926	7.393938969925609e-12	7.017543859649123e-06	0.0017754385964912282
D50	M81	11	352	58	36926	7.714958968249026e-12	7.017543859649123e-06	0.0017824561403508772
M24	M65	11	137	146	36926	8.714163145500834e-12	7.017543859649123e-06	0.0017894736842105263
F13	F19	9	66	154	36926	9.107710261011195e-12	7.017543859649123e-06	0.0017964912280701755
K22	K29	13	34	1142	36926	1.123564497702634e-11	7.017543859649123e-06	0.0018035087719298246
A41	E87	9	70	149	36926	1.171433018996124e-11	7.017543859649123e-06	0.0018105263157894738
K60	K92	10	83	183	36926	1.240939719341042e-11	7.017543859649123e-06	0.0018175438596491227
K01	K08	13	648	56	36926	1.257675864511563e-11	7.017543859649123e-06	0.001824561403508772
G40	G80	18	887	96	36926	1.4129291666847078e-11	7.017543859649123e-06	0.001831578947368421
F32	F61	16	1008	65	36926	1.5659949195920688e-11	7.017543859649123e-06	0.0018385964912280702
F91	F98	11	175	121	36926	1.604383362222004e-11	7.017543859649123e-06	0.0018456140350877194
E14	K86	6	75	28	36926	2.080717415859246e-11	7.017543859649123e-06	0.0018526315789473685
J96	M09	6	256	10	36926	2.1483261581504803e-11	7.017543859649123e-06	0.0018596491228070175
K21	K22	8	220	34	36926	2.2202875632912564e-11	7.017543859649123e-06	0.0018666666666666666
F44	F45	21	205	593	36926	2.2636057798554206e-11	7.017543859649123e-06	0.0018736842105263158
N80	N83	19	98	1033	36926	2.8194821904071987e-11	7.017543859649123e-06	0.001880701754385965
F50	I31	10	630	29	36926	2.912591938355084e-11	7.017543859649123e-06	0.0018877192982456141
E14	E16	7	75	58	36926	2.961062187822518e-11	7.017543859649123e-06	0.0018947368421052633
D50	K29	38	352	1142	36926	3.0421967712124114e-11	7.017543859649123e-06	0.0019017543859649122
J96	K51	11	256	89	36926	3.250745727896209e-11	7.017543859649123e-06	0.0019087719298245614
E11	I10	7	32	142	36926	3.3267661517292485e-11	7.017543859649123e-06	0.0019157894736842106
M21	M84	10	390	45	36926	3.5348319548415135e-11	7.017543859649123e-06	0.0019228070175438597
M22	M23	19	227	436	36926	3.7035700701675246e-11	7.017543859649123e-06	0.0019298245614035089
F83	F84	7	94	48	36926	3.730604135840868e-11	7.017543859649123e-06	0.001936842105263158
E66	F17	27	804	264	36926	3.752624381313572e-11	7.017543859649123e-06	0.001943859649122807
H66	H70	6	127	19	36926	3.8419926873248114e-11	7.017543859649123e-06	0.0019508771929824561
F33	F61	9	185	65	36926	4.105069896179413e-11	7.017543859649123e-06	0.0019578947368421055
E87	J96	13	149	256	36926	4.564216756113279e-11	7.017543859649123e-06	0.0019649122807017545
F80	F91	7	28	175	36926	5.1809493718888064e-11	7.017543859649123e-06	0.0019719298245614034
M43	M54	11	48	519	36926	5.379791557591949e-11	7.017543859649123e-06	0.0019789473684210528
F60	F62	7	558	11	36926	5.4279698169567734e-11	7.017543859649123e-06	0.0019859649122807017
F83	J96	11	94	256	36926	5.96129975631554e-11	7.017543859649123e-06	0.001992982456140351
K51	K52	16	89	785	36926	6.239821496808985e-11	7.017543859649123e-06	0.002
C71	D64	10	118	153	36926	7.362843478758563e-11	7.017543859649123e-06	0.002007017543859649
J35	J36	51	2996	235	36926	7.525477755933953e-11	7.017543859649123e-06	0.0020140350877192984
E78	K76	8	86	98	36926	8.229951292964018e-11	7.017543859649123e-06	0.0020210526315789473
K85	K86	6	94	28	36926	8.332225192514294e-11	7.017543859649123e-06	0.0020280701754385967
F12	F23	9	153	85	36926	8.935357113998191e-11	7.017543859649123e-06	0.0020350877192982456
E04	E05	6	55	48	36926	9.635956855365525e-11	7.017543859649123e-06	0.0020421052631578946
F17	F19	13	264	154	36926	1.0133056508356319e-10	7.017543859649123e-06	0.002049122807017544
K29	K59	79	1142	1178	36926	1.338947164188078e-10	7.017543859649123e-06	0.002056140350877193
E66	E79	9	804	20	36926	1.4256527705184273e-10	7.017543859649123e-06	0.0020631578947368423
F70	F83	8	96	94	36926	1.4357566679460958e-10	7.017543859649123e-06	0.002070175438596491
F32	F93	29	1008	258	36926	1.4938669315933955e-10	7.017543859649123e-06	0.0020771929824561406
G82	M62	7	70	79	36926	1.6810333826536427e-10	7.017543859649123e-06	0.0020842105263157895
F92	F98	12	284	121	36926	1.8872461916830122e-10	7.017543859649123e-06	0.0020912280701754385
F60	F70	14	558	96	36926	2.1201899417590108e-10	7.017543859649123e-06	0.002098245614035088
N11	N13	8	40	245	36926	2.144537464181645e-10	7.017543859649123e-06	0.002105263157894737
F89	G82	6	43	70	36926	2.149601433366352e-10	7.017543859649123e-06	0.002112280701754386
F89	K02	7	43	135	36926	2.1542138005412844e-10	7.017543859649123e-06	0.002119298245614035
F34	F60	10	39	558	36926	2.4587091813027167e-10	7.017543859649123e-06	0.002126315789473684
H05	J01	6	20	163	36926	2.4835603116683287e-10	7.017543859649123e-06	0.0021333333333333334
D50	E30	9	352	43	36926	2.488239453334762e-10	7.017543859649123e-06	0.0021403508771929824
K01	K04	13	648	70	36926	2.522928984112627e-10	7.017543859649123e-06	0.0021473684210526318
M41	M54	22	293	519	36926	2.5271622786227324e-10	7.017543859649123e-06	0.0021543859649122807
D69	A41	8	139	70	36926	2.5506697075653745e-10	7.017543859649123e-06	0.00216140350877193
H47	H53	7	47	126	36926	2.555072414299763e-10	7.017543859649123e-06	0.002168421052631579
E11	K76	6	32	98	36926	2.5637125075561486e-10	7.017543859649123e-06	0.002175438596491228
F45	F93	22	593	258	36926	2.721959353336657e-10	7.017543859649123e-06	0.0021824561403508773
E66	I15	10	804	29	36926	3.1211624883977657e-10	7.017543859649123e-06	0.0021894736842105263
E55	M81	6	56	58	36926	3.5150996263552977e-10	7.017543859649123e-06	0.0021964912280701757
D64	D69	10	153	139	36926	3.737305515274077e-10	7.017543859649123e-06	0.0022035087719298246
G93	H47	6	70	47	36926	3.7636084500908004e-10	7.017543859649123e-06	0.0022105263157894735
D64	G81	8	153	67	36926	3.830329405612588e-10	7.017543859649123e-06	0.002217543859649123
F80	F98	6	28	121	36926	3.8790858854039414e-10	7.017543859649123e-06	0.002224561403508772
N83	D39	14	1033	57	36926	4.1411891333334045e-10	7.017543859649123e-06	0.0022315789473684212
F32	F44	25	1008	205	36926	4.920108976056848e-10	7.017543859649123e-06	0.00223859649122807
E86	J96	13	181	256	36926	5.18835293616353e-10	7.017543859649123e-06	0.002245614035087719
N83	K36	48	1033	630	36926	5.337276375550467e-10	7.017543859649123e-06	0.0022526315789473685
D64	A41	8	153	70	36926	5.486158349760841e-10	7.017543859649123e-06	0.0022596491228070175
F83	G82	7	94	70	36926	5.804375677749035e-10	7.017543859649123e-06	0.002266666666666667
F20	F23	6	42	85	36926	6.101892269856165e-10	7.017543859649123e-06	0.0022736842105263158
K63	K92	8	60	183	36926	6.406548258243631e-10	7.017543859649123e-06	0.002280701754385965
J15	J96	12	150	256	36926	7.04857759394661e-10	7.017543859649123e-06	0.002287719298245614
K50	K61	7	184	38	36926	7.533452474554173e-10	7.017543859649123e-06	0.002294736842105263
E03	E89	7	238	30	36926	7.589669482270033e-10	7.017543859649123e-06	0.0023017543859649124
E03	F60	20	238	558	36926	8.038816542549514e-10	7.017543859649123e-06	0.0023087719298245614
I26	J18	9	50	345	36926	8.744082871709401e-10	7.017543859649123e-06	0.0023157894736842107
F83	F98	8	94	121	36926	9.250286635437089e-10	7.017543859649123e-06	0.0023228070175438597
F32	F45	45	1008	593	36926	9.853398005243502e-10	7.017543859649123e-06	0.0023298245614035086
F40	F60	11	58	558	36926	1.019914300381843e-09	7.017543859649123e-06	0.002336842105263158
F41	L98	9	337	52	36926	1.0287453714081326e-09	7.017543859649123e-06	0.002343859649122807
K59	K92	25	1178	183	36926	1.0548918305953012e-09	7.017543859649123e-06	0.0023508771929824563
F70	F98	8	96	121	36926	1.0959325626209193e-09	7.017543859649123e-06	0.0023578947368421053
F13	F17	9	66	264	36926	1.1045069619083822e-09	7.017543859649123e-06	0.0023649122807017546
F32	F51	12	1008	43	36926	1.1289589006530145e-09	7.017543859649123e-06	0.0023719298245614036
F31	F60	10	45	558	36926	1.1374702250548252e-09	7.017543859649123e-06	0.0023789473684210525
E10	E78	12	476	86	36926	1.1840265121054136e-09	7.017543859649123e-06	0.002385964912280702
G41	J96	8	47	256	36926	1.1908060812751796e-09	7.017543859649123e-06	0.002392982456140351
I10	I15	6	142	29	36926	1.2840176783339694e-09	7.017543859649123e-06	0.0024000000000000002
E73	K29	22	149	1142	36926	1.3544210852638956e-09	7.017543859649123e-06	0.002407017543859649
H53	J96	11	126	256	36926	1.4435603134357905e-09	7.017543859649123e-06	0.002414035087719298
L03	L60	12	122	337	36926	1.453143643666534e-09	7.017543859649123e-06	0.0024210526315789475
G56	M65	7	52	146	36926	1.506378237869834e-09	7.017543859649123e-06	0.0024280701754385964
J45	L20	13	424	122	36926	1.7792969370992563e-09	7.017543859649123e-06	0.002435087719298246
N10	N13	18	452	245	36926	1.7813922209516586e-09	7.017543859649123e-06	0.0024421052631578948
F43	F94	17	2038	53	36926	1.8441273660958287e-09	7.017543859649123e-06	0.002449122807017544
F32	L70	15	1008	76	36926	1.8883368738015546e-09	7.017543859649123e-06	0.002456140350877193
F13	F61	6	66	65	36926	1.964013808978924e-09	7.017543859649123e-06	0.002463157894736842
E87	E89	6	149	30	36926	2.138013760431036e-09	7.017543859649123e-06	0.0024701754385964914
J18	J98	10	345	75	36926	2.1539860578119077e-09	7.017543859649123e-06	0.0024771929824561403
F82	G40	9	24	887	36926	2.419642514280581e-09	7.017543859649123e-06	0.0024842105263157897
N04	J96	6	19	256	36926	2.634077818228481e-09	7.017543859649123e-06	0.0024912280701754387
E84	K76	6	47	98	36926	2.941955085848407e-09	7.017543859649123e-06	0.0024982456140350876
F15	F60	8	26	558	36926	3.1807424390211633e-09	7.017543859649123e-06	0.002505263157894737
K61	L05	8	38	368	36926	3.398139520809514e-09	7.017543859649123e-06	0.002512280701754386
L02	L05	17	278	368	36926	3.735087200649182e-09	7.017543859649123e-06	0.0025192982456140353
D64	K51	8	153	89	36926	3.8408175387159685e-09	7.017543859649123e-06	0.0025263157894736842
F70	F92	10	96	284	36926	3.8957783278009045e-09	7.017543859649123e-06	0.002533333333333333
F42	F60	12	82	558	36926	3.998636436556519e-09	7.017543859649123e-06	0.0025403508771929826
K20	K29	8	15	1142	36926	4.333132605829134e-09	7.017543859649123e-06	0.0025473684210526315
H60	H66	7	69	127	36926	4.3533074115887596e-09	7.017543859649123e-06	0.002554385964912281
K62	K92	7	49	183	36926	4.7147607713565976e-09	7.017543859649123e-06	0.00256140350877193
C71	E03	10	118	238	36926	5.429930031045751e-09	7.017543859649123e-06	0.002568421052631579
M24	M67	14	137	496	36926	5.448562114595957e-09	7.017543859649123e-06	0.002575438596491228
F83	G80	7	94	96	36926	5.469835963546647e-09	7.017543859649123e-06	0.002582456140350877
D50	K63	9	352	60	36926	5.657290710879112e-09	7.017543859649123e-06	0.0025894736842105265
K51	M81	6	89	58	36926	6.045358140587555e-09	7.017543859649123e-06	0.0025964912280701754
J18	J20	14	345	197	36926	6.046470852603956e-09	7.017543859649123e-06	0.002603508771929825
E87	F50	16	149	630	36926	6.434255965042139e-09	7.017543859649123e-06	0.0026105263157894737
N20	N39	22	140	1329	36926	6.452081134924914e-09	7.017543859649123e-06	0.0026175438596491227
K59	K60	16	1178	83	36926	7.226138340902687e-09	7.017543859649123e-06	0.002624561403508772
M22	M25	13	227	255	36926	7.772081636261684e-09	7.017543859649123e-06	0.002631578947368421
E10	J96	18	476	256	36926	7.960176819035395e-09	7.017543859649123e-06	0.0026385964912280704
N30	N39	23	154	1329	36926	8.0224751842929e-09	7.017543859649123e-06	0.0026456140350877193
D68	I80	6	99	55	36926	8.302511322925042e-09	7.017543859649123e-06	0.0026526315789473687
F17	F63	6	264	22	36926	8.551803238967803e-09	7.017543859649123e-06	0.0026596491228070176
I88	A09	33	248	1580	36926	8.55256218349358e-09	7.017543859649123e-06	0.0026666666666666666
F90	F93	10	115	258	36926	9.123465879942683e-09	7.017543859649123e-06	0.002673684210526316
F12	F61	7	153	65	36926	1.0394046928388386e-08	7.017543859649123e-06	0.002680701754385965
J20	J45	15	197	424	36926	1.0766808105336759e-08	7.017543859649123e-06	0.0026877192982456143
M13	M25	8	62	255	36926	1.1355178102447722e-08	7.017543859649123e-06	0.0026947368421052632
N87	A63	10	106	288	36926	1.174186149343734e-08	7.017543859649123e-06	0.002701754385964912
J15	J90	6	150	39	36926	1.1867792854866046e-08	7.017543859649123e-06	0.0027087719298245615
G43	H52	14	812	91	36926	1.2363722086779354e-08	7.017543859649123e-06	0.0027157894736842105
M23	M25	17	436	255	36926	1.2636683915726951e-08	7.017543859649123e-06	0.00272280701754386
E73	K59	21	149	1178	36926	1.2793358933440804e-08	7.017543859649123e-06	0.002729824561403509
C71	D70	6	118	50	36926	1.3268260713030732e-08	7.017543859649123e-06	0.0027368421052631577
D64	E87	9	153	149	36926	1.3514733071934327e-08	7.017543859649123e-06	0.002743859649122807
E88	I10	6	43	142	36926	1.5766417932355176e-08	7.017543859649123e-06	0.002750877192982456
M54	M99	8	519	34	36926	1.9008061734113543e-08	7.017543859649123e-06	0.0027578947368421054
J15	J18	12	150	345	36926	1.9906045536169113e-08	7.017543859649123e-06	0.0027649122807017544
D50	E61	9	352	69	36926	2.0114302406132444e-08	7.017543859649123e-06	0.0027719298245614038
F10	F61	13	1015	65	36926	2.0735785763517307e-08	7.017543859649123e-06	0.0027789473684210527
G81	J96	8	67	256	36926	2.1917789803867053e-08	7.017543859649123e-06	0.0027859649122807017
F94	F98	6	53	121	36926	2.211147406434335e-08	7.017543859649123e-06	0.002792982456140351
E66	F70	14	804	96	36926	2.2133231141309307e-08	7.017543859649123e-06	0.0028
F60	F90	13	558	115	36926	2.2369477032273146e-08	7.017543859649123e-06	0.0028070175438596493
F31	F32	11	45	1008	36926	2.579804444266863e-08	7.017543859649123e-06	0.0028140350877192983
J06	J20	17	602	197	36926	3.027694372420511e-08	7.017543859649123e-06	0.0028210526315789472
M89	M93	7	84	139	36926	3.271341444299531e-08	7.017543859649123e-06	0.0028280701754385966
J96	K56	12	256	211	36926	3.329921786289546e-08	7.017543859649123e-06	0.0028350877192982456
K36	K66	10	630	56	36926	3.422609416518047e-08	7.017543859649123e-06	0.002842105263157895
K29	K31	10	1142	33	36926	3.727560150203147e-08	7.017543859649123e-06	0.002849122807017544
F43	F51	14	2038	43	36926	4.0048339541267375e-08	7.017543859649123e-06	0.0028561403508771933
K35	K65	13	2846	28	36926	4.0907827570895554e-08	7.017543859649123e-06	0.002863157894736842
F84	J96	7	48	256	36926	4.09711173001586e-08	7.017543859649123e-06	0.002870175438596491
M65	M92	6	146	49	36926	4.1878994746717206e-08	7.017543859649123e-06	0.0028771929824561405
M24	M25	10	137	255	36926	4.397246055428857e-08	7.017543859649123e-06	0.0028842105263157895
N39	B37	16	1329	84	36926	4.616904247971117e-08	7.017543859649123e-06	0.002891228070175439
K02	K12	7	135	91	36926	4.677665428836459e-08	7.017543859649123e-06	0.0028982456140350878
F15	F43	11	26	2038	36926	5.03369795282459e-08	7.017543859649123e-06	0.0029052631578947367
J34	K07	24	625	382	36926	5.036513180445256e-08	7.017543859649123e-06	0.002912280701754386
N32	N39	9	23	1329	36926	5.10777942108365e-08	7.017543859649123e-06	0.002919298245614035
F32	F70	15	1008	96	36926	5.233777420124836e-08	7.017543859649123e-06	0.0029263157894736844
F19	F91	9	154	175	36926	5.7596771010925904e-08	7.017543859649123e-06	0.0029333333333333334
K02	K08	6	135	56	36926	5.965617095575976e-08	7.017543859649123e-06	0.0029403508771929823
D64	H53	8	153	126	36926	6.002638174214025e-08	7.017543859649123e-06	0.0029473684210526317
F45	J06	30	593	602	36926	6.232841839080177e-08	7.017543859649123e-06	0.0029543859649122806
F41	F42	9	337	82	36926	6.445771562296768e-08	7.017543859649123e-06	0.00296140350877193
J31	J35	17	47	2996	36926	7.033828937003952e-08	7.017543859649123e-06	0.002968421052631579
E74	K29	14	76	1142	36926	7.793664615044057e-08	7.017543859649123e-06	0.0029754385964912283
F60	L98	9	558	52	36926	7.956210529153633e-08	7.017543859649123e-06	0.0029824561403508773
F45	G44	25	593	445	36926	8.398065557647742e-08	7.017543859649123e-06	0.002989473684210526
F93	F94	7	258	53	36926	8.780718932931984e-08	7.017543859649123e-06	0.0029964912280701756
B34	D70	6	164	50	36926	9.46396577351155e-08	7.017543859649123e-06	0.0030035087719298245
C71	G93	6	118	70	36926	1.0393220383554901e-07	7.017543859649123e-06	0.003010526315789474
F17	F33	11	264	185	36926	1.0881517504042707e-07	7.017543859649123e-06	0.003017543859649123
K51	K85	6	89	94	36926	1.1346222984150672e-07	7.017543859649123e-06	0.003024561403508772
M23	M94	7	436	34	36926	1.2457840810322112e-07	7.017543859649123e-06	0.003031578947368421
J15	J20	9	150	197	36926	1.2649228883548795e-07	7.017543859649123e-06	0.00303859649122807
G43	H53	15	812	126	36926	1.282578519540633e-07	7.017543859649123e-06	0.0030456140350877195
G51	G81	7	216	67	36926	1.372805129205666e-07	7.017543859649123e-06	0.0030526315789473684
N70	N83	21	195	1033	36926	1.5682990939078397e-07	7.017543859649123e-06	0.003059649122807018
F07	G40	8	27	887	36926	1.5906402964236366e-07	7.017543859649123e-06	0.0030666666666666668
G40	K02	16	887	135	36926	1.7308120726266385e-07	7.017543859649123e-06	0.0030736842105263157
F91	F94	6	175	53	36926	1.9841732622870132e-07	7.017543859649123e-06	0.003080701754385965
G82	K21	7	70	220	36926	2.1111840532408662e-07	7.017543859649123e-06	0.003087719298245614
F80	G40	8	28	887	36926	2.179994505756499e-07	7.017543859649123e-06	0.0030947368421052634
N83	N94	32	1033	410	36926	2.335574145536562e-07	7.017543859649123e-06	0.0031017543859649123
F33	L98	6	185	52	36926	2.450863889504423e-07	7.017543859649123e-06	0.0031087719298245613
F45	F81	9	593	56	36926	2.588387855060048e-07	7.017543859649123e-06	0.0031157894736842107
C79	G40	6	13	887	36926	2.806316231748195e-07	7.017543859649123e-06	0.0031228070175438596
E55	F32	11	56	1008	36926	2.8775015009505423e-07	7.017543859649123e-06	0.003129824561403509
B27	L04	9	438	76	36926	3.02298128567711e-07	7.017543859649123e-06	0.003136842105263158
H65	H74	6	274	37	36926	3.0285961659639863e-07	7.017543859649123e-06	0.0031438596491228073
F19	F61	6	154	65	36926	3.2166192964024684e-07	7.017543859649123e-06	0.0031508771929824562
F11	F60	7	31	558	36926	3.327571506363427e-07	7.017543859649123e-06	0.003157894736842105
M40	M54	6	21	519	36926	3.397636133940938e-07	7.017543859649123e-06	0.0031649122807017546
C71	D69	7	118	139	36926	3.423999735561277e-07	7.017543859649123e-06	0.0031719298245614035
K50	K92	9	184	183	36926	3.841341760093393e-07	7.017543859649123e-06	0.003178947368421053
F79	G40	8	30	887	36926	3.934149985545803e-07	7.017543859649123e-06	0.003185964912280702
H53	H91	7	126	133	36926	3.965781761899215e-07	7.017543859649123e-06	0.0031929824561403508
F70	F91	7	96	175	36926	3.978608478229135e-07	7.017543859649123e-06	0.0032
E28	E66	8	33	804	36926	4.183453949325876e-07	7.017543859649123e-06	0.003207017543859649
A08	K59	58	900	1178	36926	4.242194599117951e-07	7.017543859649123e-06	0.0032140350877192985
K92	M81	6	183	58	36926	4.4594261603992373e-07	7.017543859649123e-06	0.0032210526315789474
F33	F40	6	185	58	36926	4.752768592111324e-07	7.017543859649123e-06	0.0032280701754385964
F91	F93	10	175	258	36926	4.84896217344925e-07	7.017543859649123e-06	0.0032350877192982457
F17	J45	15	264	424	36926	4.99016034461037e-07	7.017543859649123e-06	0.0032421052631578947
N31	K59	12	62	1178	36926	5.208232418027855e-07	7.017543859649123e-06	0.003249122807017544
F83	F90	6	94	115	36926	5.209893063322272e-07	7.017543859649123e-06	0.003256140350877193
N28	N39	11	46	1329	36926	5.273292066832616e-07	7.017543859649123e-06	0.0032631578947368424
C71	E87	7	118	149	36926	5.481064614778344e-07	7.017543859649123e-06	0.0032701754385964913
J02	J03	16	171	761	36926	5.80852997432109e-07	7.017543859649123e-06	0.0032771929824561403
F50	F51	8	630	43	36926	5.88462544244049e-07	7.017543859649123e-06	0.0032842105263157896
F32	F90	15	1008	115	36926	5.925746860876155e-07	7.017543859649123e-06	0.0032912280701754386
E14	E87	6	75	149	36926	6.244698120877793e-07	7.017543859649123e-06	0.003298245614035088
F44	F92	11	205	284	36926	6.298625534136674e-07	7.017543859649123e-06	0.003305263157894737
F50	L70	10	630	76	36926	6.757929334636822e-07	7.017543859649123e-06	0.003312280701754386
F83	F92	8	94	284	36926	6.96953303513857e-07	7.017543859649123e-06	0.0033192982456140352
G80	M67	10	96	496	36926	7.023272754235073e-07	7.017543859649123e-06	0.003326315789473684
F21	F43	6	8	2038	36926	7.135332598432614e-07	7.017543859649123e-06	0.0033333333333333335
F33	F93	10	185	258	36926	8.068228771570236e-07	7.017543859649123e-06	0.0033403508771929825
F32	F34	9	1008	39	36926	8.242557356656729e-07	7.017543859649123e-06	0.003347368421052632
J96	J98	7	256	75	36926	9.41936751121393e-07	7.017543859649123e-06	0.003354385964912281
E14	J96	7	75	256	36926	9.41936751121393e-07	7.017543859649123e-06	0.0033614035087719298
F50	I34	7	630	32	36926	9.457847513734391e-07	7.017543859649123e-06	0.003368421052631579
N39	B96	10	1329	40	36926	1.1153578798745922e-06	7.017543859649123e-06	0.003375438596491228
D24	D48	9	185	207	36926	1.126018965873195e-06	7.017543859649123e-06	0.0033824561403508775
F17	F92	12	264	284	36926	1.1320833204438668e-06	7.017543859649123e-06	0.0033894736842105264
F19	F33	8	154	185	36926	1.192866159940012e-06	7.017543859649123e-06	0.0033964912280701753
F43	F63	9	2038	22	36926	1.2045018921638816e-06	7.017543859649123e-06	0.0034035087719298247
D70	J96	6	50	256	36926	1.28867031109673e-06	7.017543859649123e-06	0.0034105263157894737
F10	F19	17	1015	154	36926	1.3031247965006202e-06	7.017543859649123e-06	0.003417543859649123
F43	F80	10	2038	28	36926	1.3449117413234225e-06	7.017543859649123e-06	0.003424561403508772
F90	F91	7	115	175	36926	1.356156425427357e-06	7.017543859649123e-06	0.003431578947368421
J00	J20	8	148	197	36926	1.4165203714971857e-06	7.017543859649123e-06	0.0034385964912280703
F50	K21	16	630	220	36926	1.4216526819895884e-06	7.017543859649123e-06	0.0034456140350877192
G40	G91	8	887	35	36926	1.4224824476282798e-06	7.017543859649123e-06	0.0034526315789473686
G82	M41	7	70	293	36926	1.4414052266556113e-06	7.017543859649123e-06	0.0034596491228070176
E03	E78	7	238	86	36926	1.4745185104033074e-06	7.017543859649123e-06	0.003466666666666667
G80	K02	6	96	135	36926	1.5112563535101258e-06	7.017543859649123e-06	0.003473684210526316
G80	M24	6	96	137	36926	1.6465359206691227e-06	7.017543859649123e-06	0.003480701754385965
F10	F13	11	1015	66	36926	1.730647048629943e-06	7.017543859649123e-06	0.003487719298245614
D50	E73	10	352	149	36926	1.8444992622861495e-06	7.017543859649123e-06	0.003494736842105263
D68	D69	6	99	139	36926	2.145533073137649e-06	7.017543859649123e-06	0.0035017543859649125
N17	N39	9	34	1329	36926	2.292939124408001e-06	7.017543859649123e-06	0.0035087719298245615
F40	F43	14	58	2038	36926	2.373582595465026e-06	7.017543859649123e-06	0.0035157894736842104
D50	K90	10	352	155	36926	2.63486801247621e-06	7.017543859649123e-06	0.00352280701754386
A04	E86	9	237	181	36926	2.863268106039921e-06	7.017543859649123e-06	0.0035298245614035087
J01	J20	8	163	197	36926	2.9166954243526074e-06	7.017543859649123e-06	0.003536842105263158
E03	E10	14	238	476	36926	3.0524446608377274e-06	7.017543859649123e-06	0.003543859649122807
E73	K90	7	149	155	36926	3.4129899858501002e-06	7.017543859649123e-06	0.0035508771929824564
D64	K76	6	153	98	36926	3.5254977115246795e-06	7.017543859649123e-06	0.0035578947368421054
J03	L04	10	761	76	36926	3.651540442389681e-06	7.017543859649123e-06	0.0035649122807017543
F33	F42	6	185	82	36926	3.722210054926171e-06	7.017543859649123e-06	0.0035719298245614037
J30	L20	6	124	122	36926	3.733090215290787e-06	7.017543859649123e-06	0.0035789473684210526
J96	K63	6	256	60	36926	3.831490779921273e-06	7.017543859649123e-06	0.003585964912280702
K50	K60	6	184	83	36926	3.872978463292533e-06	7.017543859649123e-06	0.003592982456140351
K00	K07	6	41	382	36926	3.902942182358092e-06	7.017543859649123e-06	0.0036
E03	I10	8	238	142	36926	4.227887843253523e-06	7.017543859649123e-06	0.0036070175438596493
G82	J18	7	70	345	36926	4.231245358708051e-06	7.017543859649123e-06	0.0036140350877192982
F41	F60	18	337	558	36926	4.6952712942010585e-06	7.017543859649123e-06	0.0036210526315789476
E55	F50	8	56	630	36926	4.744509347872634e-06	7.017543859649123e-06	0.0036280701754385965
J20	J30	7	197	124	36926	4.91318266594537e-06	7.017543859649123e-06	0.0036350877192982455
G80	J96	7	96	256	36926	4.998941641453897e-06	7.017543859649123e-06	0.003642105263157895
G44	J06	22	445	602	36926	5.136424474710092e-06	7.017543859649123e-06	0.003649122807017544
F17	F91	9	264	175	36926	5.221050054590115e-06	7.017543859649123e-06	0.003656140350877193
F07	F50	6	27	630	36926	5.253618279254078e-06	7.017543859649123e-06	0.003663157894736842
M08	M25	7	98	255	36926	5.589586846721981e-06	7.017543859649123e-06	0.0036701754385964915
J96	M08	7	256	98	36926	5.734367402465725e-06	7.017543859649123e-06	0.0036771929824561404
M53	M54	7	50	519	36926	6.16310428987293e-06	7.017543859649123e-06	0.0036842105263157894
F40	F50	8	58	630	36926	6.21348684779723e-06	7.017543859649123e-06	0.0036912280701754388
F17	F41	12	264	337	36926	6.564179293075163e-06	7.017543859649123e-06	0.0036982456140350877
E66	F60	30	804	558	36926	6.836225636669558e-06	7.017543859649123e-06	0.003705263157894737
F32	F91	17	1008	175	36926	6.8508400211490515e-06	7.017543859649123e-06	0.003712280701754386
N23	N39	12	70	1329	36926	6.943881047590979e-06	7.017543859649123e-06	0.003719298245614035
