ICD1	ICD2	val11	occ1	occ2	NN	pval	bonf_thresh	fdr_thresh
J32	J34	206	473	1200	44257	8.463752484652778e-195	7.867820613690008e-06	7.867820613690008e-06
J34	M95	152	1200	220	44257	5.747561284008784e-186	7.867820613690008e-06	1.5735641227380016e-05
N13	N20	144	472	429	44257	1.2402393358955647e-178	7.867820613690008e-06	2.3603461841070024e-05
N80	N97	222	1006	1082	44257	1.4176454879508256e-146	7.867820613690008e-06	3.147128245476003e-05
N20	N23	100	429	283	44257	1.5060079300591792e-129	7.867820613690008e-06	3.933910306845004e-05
N73	N80	154	561	1006	44257	9.748832024129921e-121	7.867820613690008e-06	4.720692368214005e-05
H91	H93	77	247	254	44257	7.370388956722123e-114	7.867820613690008e-06	5.5074744295830055e-05
F43	F60	130	840	463	44257	2.1903500924117532e-113	7.867820613690008e-06	6.294256490952006e-05
N97	E28	111	1082	248	44257	1.1822571558005331e-110	7.867820613690008e-06	7.081038552321007e-05
N73	N97	149	561	1082	44257	1.2697627921541804e-109	7.867820613690008e-06	7.867820613690008e-05
M51	M54	117	426	895	44257	2.6312940192623993e-97	7.867820613690008e-06	8.654602675059009e-05
N77	B37	41	43	240	44257	3.077241170507965e-92	7.867820613690008e-06	9.44138473642801e-05
F32	F60	108	833	463	44257	7.856358962709773e-85	7.867820613690008e-06	0.0001022816679779701
K29	K44	95	1179	251	44257	1.3554451813227956e-82	7.867820613690008e-06	0.00011014948859166011
K21	K44	61	269	251	44257	2.8656827776615263e-80	7.867820613690008e-06	0.00011801730920535012
F19	F60	73	298	463	44257	5.992785483842707e-78	7.867820613690008e-06	0.00012588512981904013
N80	N83	181	1006	1734	44257	6.2259489380058526e-68	7.867820613690008e-06	0.00013375295043273013
N13	N23	64	472	283	44257	2.819910856896426e-65	7.867820613690008e-06	0.00014162077104642014
K01	K07	75	523	423	44257	1.1657487550886862e-64	7.867820613690008e-06	0.00014948859166011015
F19	B17	40	298	87	44257	6.751041685806385e-64	7.867820613690008e-06	0.00015735641227380016
K21	K29	82	269	1179	44257	1.6276073139186234e-62	7.867820613690008e-06	0.00016522423288749017
N80	N94	101	1006	538	44257	2.399007436660897e-61	7.867820613690008e-06	0.00017309205350118017
N70	N73	95	862	561	44257	1.4297059036206683e-59	7.867820613690008e-06	0.00018095987411487018
F32	F43	110	833	840	44257	9.945138769480965e-59	7.867820613690008e-06	0.0001888276947285602
F10	F60	72	522	463	44257	6.885557485099234e-58	7.867820613690008e-06	0.0001966955153422502
N73	N83	123	561	1734	44257	6.354232764201438e-56	7.867820613690008e-06	0.0002045633359559402
F32	F50	73	833	337	44257	8.023194054240828e-55	7.867820613690008e-06	0.0002124311565696302
F33	F60	51	213	463	44257	7.017648652303116e-54	7.867820613690008e-06	0.00022029897718332022
F11	F19	39	133	298	44257	5.904170976584702e-53	7.867820613690008e-06	0.00022816679779701023
N80	K66	68	1006	257	44257	5.882735481073985e-52	7.867820613690008e-06	0.00023603461841070024
K80	K81	50	1197	101	44257	7.882320610993116e-51	7.867820613690008e-06	0.00024390243902439024
F11	F13	28	133	89	44257	1.0515733256368005e-49	7.867820613690008e-06	0.00025177025963808025
F32	F41	73	833	425	44257	2.5632344755083313e-47	7.867820613690008e-06	0.00025963808025177026
M23	M94	39	619	95	44257	4.993230931444752e-47	7.867820613690008e-06	0.00026750590086546027
F10	F43	79	522	840	44257	1.251338326257239e-46	7.867820613690008e-06	0.0002753737214791503
J32	J33	35	473	95	44257	1.922907137389646e-44	7.867820613690008e-06	0.0002832415420928403
K01	K04	43	523	170	44257	2.333246896609431e-44	7.867820613690008e-06	0.0002911093627065303
C73	E89	17	56	29	44257	1.8737728681076045e-43	7.867820613690008e-06	0.0002989771833202203
B18	F19	31	100	298	44257	4.2031770810168265e-43	7.867820613690008e-06	0.0003068450039339103
H50	H52	29	118	189	44257	4.732702760560741e-43	7.867820613690008e-06	0.0003147128245476003
E10	E14	22	154	46	44257	1.2570427791307315e-42	7.867820613690008e-06	0.0003225806451612903
H33	H52	28	109	189	44257	3.3985851881854097e-42	7.867820613690008e-06	0.00033044846577498033
B18	F11	25	100	133	44257	1.628619946395489e-41	7.867820613690008e-06	0.00033831628638867034
F11	B17	24	133	87	44257	4.797845537931387e-41	7.867820613690008e-06	0.00034618410700236035
E66	I10	56	807	282	44257	8.682969055696644e-41	7.867820613690008e-06	0.00035405192761605035
J34	J35	206	1200	2770	44257	1.985946949377703e-40	7.867820613690008e-06	0.00036191974822974036
K80	K85	46	1197	121	44257	2.7474600599233114e-40	7.867820613690008e-06	0.00036978756884343037
F10	F32	72	522	833	44257	5.248955100736469e-40	7.867820613690008e-06	0.0003776553894571204
I26	I80	30	156	218	44257	5.2323569308998383e-39	7.867820613690008e-06	0.0003855232100708104
I84	K62	30	319	116	44257	4.09929907658519e-38	7.867820613690008e-06	0.0003933910306845004
H33	H35	21	109	79	44257	1.4186728587710552e-37	7.867820613690008e-06	0.0004012588512981904
K02	K04	26	129	170	44257	1.900680030630274e-37	7.867820613690008e-06	0.0004091266719118804
F32	F33	48	833	213	44257	3.2488856701064487e-37	7.867820613690008e-06	0.0004169944925255704
F50	F60	46	337	463	44257	7.319113329568749e-37	7.867820613690008e-06	0.0004248623131392604
F11	F14	17	133	31	44257	1.1746313570541697e-35	7.867820613690008e-06	0.00043273013375295043
H35	H52	22	79	189	44257	3.343477593889477e-34	7.867820613690008e-06	0.00044059795436664044
H65	H90	16	60	88	44257	1.9607733877136357e-30	7.867820613690008e-06	0.00044846577498033045
H66	H72	16	113	48	44257	2.266022176068292e-30	7.867820613690008e-06	0.00045633359559402046
F13	F19	23	89	298	44257	3.728120399672792e-30	7.867820613690008e-06	0.00046420141620771046
C43	D22	21	86	220	44257	6.87619714319266e-30	7.867820613690008e-06	0.00047206923682140047
F14	F19	17	31	298	44257	1.8463505705681055e-29	7.867820613690008e-06	0.0004799370574350905
N97	K66	49	1082	257	44257	4.345406101138276e-29	7.867820613690008e-06	0.0004878048780487805
J33	J34	34	95	1200	44257	4.790548829826214e-29	7.867820613690008e-06	0.0004956726986624705
N70	A56	26	862	59	44257	5.011313114223197e-29	7.867820613690008e-06	0.0005035405192761605
F13	F60	25	89	463	44257	7.31263421716382e-29	7.867820613690008e-06	0.0005114083398898505
F17	J45	39	433	359	44257	1.158034080451578e-28	7.867820613690008e-06	0.0005192761605035405
K80	K83	24	1197	38	44257	1.2625169788760834e-28	7.867820613690008e-06	0.0005271439811172305
N10	N39	73	481	1412	44257	1.7101861266318245e-28	7.867820613690008e-06	0.0005350118017309205
H90	H93	21	88	254	44257	2.630913617636107e-28	7.867820613690008e-06	0.0005428796223446105
N70	K66	44	862	257	44257	3.0739874338287017e-28	7.867820613690008e-06	0.0005507474429583006
E66	K76	33	807	132	44257	5.364635182906429e-28	7.867820613690008e-06	0.0005586152635719906
N18	I10	17	39	282	44257	1.299458568450237e-27	7.867820613690008e-06	0.0005664830841856806
N74	A56	9	9	59	44257	7.005905477970701e-27	7.867820613690008e-06	0.0005743509047993706
J30	J34	36	126	1200	44257	9.762767934327132e-27	7.867820613690008e-06	0.0005822187254130606
F10	F19	37	522	298	44257	1.847861939989342e-26	7.867820613690008e-06	0.0005900865460267506
F20	F23	22	148	213	44257	1.915831156623386e-26	7.867820613690008e-06	0.0005979543666404406
K60	K61	19	161	114	44257	2.2795370686855454e-26	7.867820613690008e-06	0.0006058221872541306
E66	E78	45	807	327	44257	6.583167087972196e-26	7.867820613690008e-06	0.0006136900078678206
N83	D27	67	1734	373	44257	1.4205432106297647e-25	7.867820613690008e-06	0.0006215578284815106
F19	F32	43	298	833	44257	4.1034168539494927e-25	7.867820613690008e-06	0.0006294256490952006
K04	K08	17	170	82	44257	4.957440213834104e-25	7.867820613690008e-06	0.0006372934697088906
A15	A16	12	40	74	44257	1.0044843695525425e-24	7.867820613690008e-06	0.0006451612903225806
F50	M81	17	337	48	44257	2.221689870679707e-24	7.867820613690008e-06	0.0006530291109362707
N84	N92	34	215	675	44257	2.4621220879439065e-24	7.867820613690008e-06	0.0006608969315499607
M22	M23	30	169	619	44257	3.203047653676087e-24	7.867820613690008e-06	0.0006687647521636507
F11	F12	15	133	69	44257	3.2194606023737394e-24	7.867820613690008e-06	0.0006766325727773407
M22	M94	17	169	95	44257	6.778480317247514e-24	7.867820613690008e-06	0.0006845003933910307
F13	F43	26	89	840	44257	7.849296321672539e-24	7.867820613690008e-06	0.0006923682140047207
G35	H46	16	215	61	44257	9.124093989525264e-24	7.867820613690008e-06	0.0007002360346184107
N83	K66	53	1734	257	44257	2.063488441684235e-23	7.867820613690008e-06	0.0007081038552321007
K02	K08	15	129	82	44257	3.394558927368169e-23	7.867820613690008e-06	0.0007159716758457907
N86	N93	21	191	203	44257	6.848540417300535e-23	7.867820613690008e-06	0.0007238394964594807
F12	F23	16	69	213	44257	7.141418421142407e-23	7.867820613690008e-06	0.0007317073170731707
I26	J18	23	156	345	44257	1.1830013720715119e-22	7.867820613690008e-06	0.0007395751376868607
F43	F44	26	840	98	44257	1.2355972177321253e-22	7.867820613690008e-06	0.0007474429583005507
M23	M24	26	619	137	44257	6.054761749914189e-22	7.867820613690008e-06	0.0007553107789142408
I45	I47	13	45	158	44257	6.112998772493764e-22	7.867820613690008e-06	0.0007631785995279308
E66	F17	46	807	433	44257	1.100640612263302e-21	7.867820613690008e-06	0.0007710464201416208
F23	F25	16	213	82	44257	1.475142259887872e-21	7.867820613690008e-06	0.0007789142407553108
B94	F19	10	11	298	44257	1.8001563229890766e-21	7.867820613690008e-06	0.0007867820613690008
C71	D43	8	21	29	44257	2.3810830774767372e-21	7.867820613690008e-06	0.0007946498819826908
E78	F17	31	327	433	44257	3.1017235597970824e-21	7.867820613690008e-06	0.0008025177025963808
F43	F50	41	840	337	44257	5.0378754924846595e-21	7.867820613690008e-06	0.0008103855232100708
B18	B17	13	100	87	44257	1.5864020182251532e-20	7.867820613690008e-06	0.0008182533438237608
E66	K80	75	807	1197	44257	2.3287095659239423e-20	7.867820613690008e-06	0.0008261211644374508
F13	F14	10	89	31	44257	2.7464774263591094e-20	7.867820613690008e-06	0.0008339889850511408
F60	F63	10	463	11	44257	1.553322911468572e-19	7.867820613690008e-06	0.0008418568056648308
F43	F61	15	840	27	44257	1.8584283513021245e-19	7.867820613690008e-06	0.0008497246262785208
M41	M54	22	78	895	44257	2.0223320220675249e-19	7.867820613690008e-06	0.0008575924468922109
G46	I63	6	6	37	44257	2.2282836640170646e-19	7.867820613690008e-06	0.0008654602675059009
M24	M25	16	137	177	44257	4.173525266772614e-19	7.867820613690008e-06	0.0008733280881195909
N73	K66	29	561	257	44257	5.496394216457609e-19	7.867820613690008e-06	0.0008811959087332809
F23	F60	25	213	463	44257	6.412835232513885e-19	7.867820613690008e-06	0.0008890637293469709
N12	N39	40	225	1412	44257	1.0539046813911938e-18	7.867820613690008e-06	0.0008969315499606609
H66	H70	8	113	13	44257	1.7863418211327283e-18	7.867820613690008e-06	0.0009047993705743509
H83	H93	13	51	254	44257	2.1105543395331098e-18	7.867820613690008e-06	0.0009126671911880409
E87	F50	17	100	337	44257	2.437210052698261e-18	7.867820613690008e-06	0.0009205350118017309
E78	E79	14	327	54	44257	2.7192954800957772e-18	7.867820613690008e-06	0.0009284028324154209
E10	H36	7	154	7	44257	5.381510751043358e-18	7.867820613690008e-06	0.0009362706530291109
N10	N13	34	481	472	44257	5.609160370451493e-18	7.867820613690008e-06	0.0009441384736428009
N60	D24	18	100	429	44257	5.927571213204115e-18	7.867820613690008e-06	0.000952006294256491
C83	C85	6	13	20	44257	6.363035830325911e-18	7.867820613690008e-06	0.000959874114870181
C81	C85	7	37	20	44257	1.2008048033494061e-17	7.867820613690008e-06	0.000967741935483871
N94	N97	53	538	1082	44257	1.2438368555768191e-17	7.867820613690008e-06	0.000975609756097561
F11	F60	20	133	463	44257	1.515407916452123e-17	7.867820613690008e-06	0.000983477576711251
K29	K80	88	1179	1197	44257	1.5316568566528164e-17	7.867820613690008e-06	0.000991345397324941
N83	N97	105	1734	1082	44257	1.9226527143631245e-17	7.867820613690008e-06	0.000999213217938631
M53	M54	31	219	895	44257	2.3317530468085126e-17	7.867820613690008e-06	0.001007081038552321
N23	N39	43	283	1412	44257	2.3691625734228608e-17	7.867820613690008e-06	0.001014948859166011
N18	N19	7	39	22	44257	3.939656395279529e-17	7.867820613690008e-06	0.001022816679779701
N70	N83	90	862	1734	44257	4.6724267352126815e-17	7.867820613690008e-06	0.001030684500393391
E73	E74	8	66	28	44257	4.780691331878137e-17	7.867820613690008e-06	0.001038552321007081
G43	G44	29	517	328	44257	4.7847114021402565e-17	7.867820613690008e-06	0.001046420141620771
E04	E05	20	291	222	44257	5.1771438822985677e-17	7.867820613690008e-06	0.001054287962234461
H50	H53	11	118	72	44257	7.911583580325842e-17	7.867820613690008e-06	0.001062155782848151
F19	F43	34	298	840	44257	8.453579099896777e-17	7.867820613690008e-06	0.001070023603461841
J03	J36	25	472	259	44257	1.1222414806220852e-16	7.867820613690008e-06	0.001077891424075531
G40	G41	9	495	11	44257	1.37381761437326e-16	7.867820613690008e-06	0.001085759244689221
K50	K56	17	254	166	44257	1.439672779910654e-16	7.867820613690008e-06	0.001093627065302911
N18	E21	6	39	11	44257	1.4401517192389116e-16	7.867820613690008e-06	0.001101494885916601
I84	K60	18	319	161	44257	2.0708062082465773e-16	7.867820613690008e-06	0.001109362706530291
N91	E28	16	146	248	44257	2.6384336901216135e-16	7.867820613690008e-06	0.0011172305271439811
H80	H90	8	26	88	44257	2.67410829150093e-16	7.867820613690008e-06	0.0011250983477576711
N18	D64	10	39	168	44257	2.7381972396024487e-16	7.867820613690008e-06	0.0011329661683713611
K04	K12	13	170	106	44257	2.9035822257159477e-16	7.867820613690008e-06	0.0011408339889850511
N86	N92	25	191	675	44257	3.0660160604010625e-16	7.867820613690008e-06	0.0011487018095987411
F44	F60	17	98	463	44257	3.3812285445235756e-16	7.867820613690008e-06	0.0011565696302124312
N70	N71	26	862	167	44257	3.422001913469445e-16	7.867820613690008e-06	0.0011644374508261212
H71	H90	8	27	88	44257	3.7939416742120594e-16	7.867820613690008e-06	0.0011723052714398112
F60	F70	13	463	44	44257	5.879196745590384e-16	7.867820613690008e-06	0.0011801730920535012
F41	F43	39	425	840	44257	7.861314420623034e-16	7.867820613690008e-06	0.0011880409126671912
K01	K02	19	523	129	44257	1.3394153840523122e-15	7.867820613690008e-06	0.0011959087332808812
N91	F50	17	146	337	44257	1.7756131917580715e-15	7.867820613690008e-06	0.0012037765538945712
F41	F45	25	425	325	44257	2.0247148593232832e-15	7.867820613690008e-06	0.0012116443745082612
N13	N39	53	472	1412	44257	2.9662946563164553e-15	7.867820613690008e-06	0.0012195121951219512
F13	F32	19	89	833	44257	4.456521077718024e-15	7.867820613690008e-06	0.0012273800157356412
I63	I67	7	37	45	44257	6.925881750255385e-15	7.867820613690008e-06	0.0012352478363493312
F25	F60	15	82	463	44257	8.254036656458144e-15	7.867820613690008e-06	0.0012431156569630212
F10	F13	16	522	89	44257	8.93719617309479e-15	7.867820613690008e-06	0.0012509834775767112
K01	K09	12	523	37	44257	9.270802352887876e-15	7.867820613690008e-06	0.0012588512981904013
F33	F43	27	213	840	44257	9.370973562983248e-15	7.867820613690008e-06	0.0012667191188040913
M25	M66	7	177	12	44257	1.1308108511132434e-14	7.867820613690008e-06	0.0012745869394177813
K85	K86	8	121	30	44257	1.373165277410437e-14	7.867820613690008e-06	0.0012824547600314713
N85	N92	21	148	675	44257	1.4197157971052431e-14	7.867820613690008e-06	0.0012903225806451613
C73	D44	6	56	15	44257	1.5440663538408674e-14	7.867820613690008e-06	0.0012981904012588513
F41	F60	28	425	463	44257	1.813036647166017e-14	7.867820613690008e-06	0.0013060582218725413
F12	F13	9	69	89	44257	1.8214189876589835e-14	7.867820613690008e-06	0.0013139260424862313
M23	M65	24	619	225	44257	1.8898363078330437e-14	7.867820613690008e-06	0.0013217938630999213
J31	J35	24	59	2770	44257	3.0042117160493904e-14	7.867820613690008e-06	0.0013296616837136113
E66	E79	15	807	54	44257	3.2238864118630486e-14	7.867820613690008e-06	0.0013375295043273013
F42	F60	11	34	463	44257	3.363007727286235e-14	7.867820613690008e-06	0.0013453973249409913
F12	F14	7	69	31	44257	4.176783659786019e-14	7.867820613690008e-06	0.0013532651455546814
F12	F19	12	69	298	44257	4.356652608243682e-14	7.867820613690008e-06	0.0013611329661683714
F34	F60	16	110	463	44257	4.518752439571886e-14	7.867820613690008e-06	0.0013690007867820614
F43	F70	14	840	44	44257	4.802361061713924e-14	7.867820613690008e-06	0.0013768686073957514
F33	F50	18	213	337	44257	7.473339311954338e-14	7.867820613690008e-06	0.0013847364280094414
K80	K82	15	1197	41	44257	9.133685932978596e-14	7.867820613690008e-06	0.0013926042486231314
N92	D50	30	675	365	44257	1.1562973866465817e-13	7.867820613690008e-06	0.0014004720692368214
J45	L20	15	359	124	44257	1.1604246452123404e-13	7.867820613690008e-06	0.0014083398898505114
K20	K29	12	23	1179	44257	1.2472880336178455e-13	7.867820613690008e-06	0.0014162077104642014
N73	N94	33	561	538	44257	1.4642248548419164e-13	7.867820613690008e-06	0.0014240755310778914
F10	F33	21	522	213	44257	1.4768442012723018e-13	7.867820613690008e-06	0.0014319433516915814
N20	N39	47	429	1412	44257	2.7126938754672623e-13	7.867820613690008e-06	0.0014398111723052714
I80	I82	11	218	83	44257	3.8018907270611546e-13	7.867820613690008e-06	0.0014476789929189614
N35	N39	24	118	1412	44257	4.023377283526614e-13	7.867820613690008e-06	0.0014555468135326515
I26	I82	10	156	83	44257	4.312834543647159e-13	7.867820613690008e-06	0.0014634146341463415
F10	F50	25	522	337	44257	4.704107882030711e-13	7.867820613690008e-06	0.0014712824547600315
E78	I10	19	327	282	44257	5.186575362209415e-13	7.867820613690008e-06	0.0014791502753737215
D69	D70	7	98	31	44257	5.282487225634609e-13	7.867820613690008e-06	0.0014870180959874115
D50	K50	19	365	254	44257	5.627125785802438e-13	7.867820613690008e-06	0.0014948859166011015
K60	K62	11	161	116	44257	5.911016917992256e-13	7.867820613690008e-06	0.0015027537372147915
F41	F42	10	425	34	44257	6.407317228605404e-13	7.867820613690008e-06	0.0015106215578284815
N70	N97	60	862	1082	44257	6.686092083643433e-13	7.867820613690008e-06	0.0015184893784421715
N19	I10	8	22	282	44257	7.281029522793521e-13	7.867820613690008e-06	0.0015263571990558615
N30	N39	31	206	1412	44257	8.514187066031986e-13	7.867820613690008e-06	0.0015342250196695515
N92	N93	22	675	203	44257	9.322506177514265e-13	7.867820613690008e-06	0.0015420928402832415
M23	M25	20	619	177	44257	9.683029921970816e-13	7.867820613690008e-06	0.0015499606608969315
M65	M67	23	225	680	44257	1.133566568707871e-12	7.867820613690008e-06	0.0015578284815106216
F79	G40	9	23	495	44257	1.8119562170232141e-12	7.867820613690008e-06	0.0015656963021243116
K50	K51	13	254	139	44257	1.8467267563858213e-12	7.867820613690008e-06	0.0015735641227380016
J18	J90	9	345	32	44257	2.2942722625576027e-12	7.867820613690008e-06	0.0015814319433516916
J01	J32	17	166	473	44257	3.5971556506266946e-12	7.867820613690008e-06	0.0015892997639653816
M20	M21	10	314	54	44257	5.08572871337621e-12	7.867820613690008e-06	0.0015971675845790716
D50	K29	37	365	1179	44257	5.256754398994614e-12	7.867820613690008e-06	0.0016050354051927616
K25	K29	15	53	1179	44257	5.364624099916267e-12	7.867820613690008e-06	0.0016129032258064516
K81	K82	7	101	41	44257	5.503610249784355e-12	7.867820613690008e-06	0.0016207710464201416
F60	B17	13	463	87	44257	7.71035567120207e-12	7.867820613690008e-06	0.0016286388670338316
F13	B17	8	89	87	44257	9.946960077770849e-12	7.867820613690008e-06	0.0016365066876475216
F50	F55	8	337	25	44257	1.0051445462008914e-11	7.867820613690008e-06	0.0016443745082612116
J18	J45	20	345	359	44257	1.101348936237847e-11	7.867820613690008e-06	0.0016522423288749017
N91	N97	22	146	1082	44257	1.1093382819222923e-11	7.867820613690008e-06	0.0016601101494885917
E04	E89	8	291	29	44257	1.2081380521370071e-11	7.867820613690008e-06	0.0016679779701022817
E10	E11	8	154	53	44257	1.3884132144656176e-11	7.867820613690008e-06	0.0016758457907159717
N31	N39	14	41	1412	44257	1.6723193845566023e-11	7.867820613690008e-06	0.0016837136113296617
F10	K70	6	522	7	44257	1.8133851738980198e-11	7.867820613690008e-06	0.0016915814319433517
J03	J35	70	472	2770	44257	1.969304950290013e-11	7.867820613690008e-06	0.0016994492525570417
M42	M51	9	33	426	44257	2.0500152048006794e-11	7.867820613690008e-06	0.0017073170731707317
N85	N88	10	148	129	44257	2.2507845601634533e-11	7.867820613690008e-06	0.0017151848937844217
N80	E28	27	1006	248	44257	2.4324621829826623e-11	7.867820613690008e-06	0.0017230527143981117
D64	D70	7	168	31	44257	2.4386974962126997e-11	7.867820613690008e-06	0.0017309205350118017
H52	H53	9	189	72	44257	2.632532058718265e-11	7.867820613690008e-06	0.0017387883556254917
M42	M54	11	33	895	44257	2.8077938270594874e-11	7.867820613690008e-06	0.0017466561762391817
K04	K05	7	170	32	44257	3.382102535729078e-11	7.867820613690008e-06	0.0017545239968528718
G44	H81	15	328	200	44257	3.4606374794672406e-11	7.867820613690008e-06	0.0017623918174665618
F33	F41	17	213	425	44257	3.664093076450395e-11	7.867820613690008e-06	0.0017702596380802518
N97	N99	11	1082	29	44257	4.10144674993937e-11	7.867820613690008e-06	0.0017781274586939418
C71	G40	8	21	495	44257	4.146122070378944e-11	7.867820613690008e-06	0.0017859952793076318
M17	M23	10	36	619	44257	4.8856682383258663e-11	7.867820613690008e-06	0.0017938630999213218
K35	K65	15	1627	46	44257	4.9659954333486645e-11	7.867820613690008e-06	0.0018017309205350118
H35	H53	7	79	72	44257	5.901921427945547e-11	7.867820613690008e-06	0.0018095987411487018
C43	D48	11	86	337	44257	6.238316775260726e-11	7.867820613690008e-06	0.0018174665617623918
M65	M94	10	225	95	44257	6.539760958942064e-11	7.867820613690008e-06	0.0018253343823760818
F32	M81	12	833	48	44257	6.844838142013917e-11	7.867820613690008e-06	0.0018332022029897718
L20	B00	9	124	121	44257	6.875630899962151e-11	7.867820613690008e-06	0.0018410700236034618
M43	M54	13	56	895	44257	7.358191454288446e-11	7.867820613690008e-06	0.0018489378442171518
H66	H90	8	113	88	44257	7.615236949272684e-11	7.867820613690008e-06	0.0018568056648308419
B27	K75	6	78	39	44257	7.670761629923192e-11	7.867820613690008e-06	0.0018646734854445319
B18	F14	6	100	31	44257	8.037930772089497e-11	7.867820613690008e-06	0.0018725413060582219
D16	L05	14	158	370	44257	8.243052939717694e-11	7.867820613690008e-06	0.0018804091266719119
N97	D25	25	1082	210	44257	8.746519121783612e-11	7.867820613690008e-06	0.0018882769472856019
E87	J96	6	100	32	44257	9.87483346943605e-11	7.867820613690008e-06	0.001896144767899292
K04	K07	15	170	423	44257	1.1954325388190812e-10	7.867820613690008e-06	0.001904012588512982
N83	D62	13	1734	33	44257	1.3500352438199823e-10	7.867820613690008e-06	0.001911880409126672
F32	M54	48	833	895	44257	1.38471499175815e-10	7.867820613690008e-06	0.001919748229740362
M25	M65	12	177	225	44257	1.4329669193735587e-10	7.867820613690008e-06	0.001927616050354052
F40	F60	10	52	463	44257	1.5232879577542864e-10	7.867820613690008e-06	0.001935483870967742
E86	K52	15	52	1531	44257	1.5271540225425685e-10	7.867820613690008e-06	0.001943351691581432
E86	A09	13	52	1035	44257	1.586965045509933e-10	7.867820613690008e-06	0.001951219512195122
I34	I49	6	52	67	44257	1.8442919837067625e-10	7.867820613690008e-06	0.0019590873328088117
N73	A56	11	561	59	44257	1.9901867878223405e-10	7.867820613690008e-06	0.001966955153422502
F43	F45	27	840	325	44257	2.1020589307152583e-10	7.867820613690008e-06	0.001974822974036192
F60	F61	8	463	27	44257	2.5195639533857944e-10	7.867820613690008e-06	0.001982690794649882
K01	K08	12	523	82	44257	2.562303061109637e-10	7.867820613690008e-06	0.0019905586152635718
F32	F34	16	833	110	44257	2.9002734891920836e-10	7.867820613690008e-06	0.001998426435877262
F34	F43	16	110	840	44257	3.273114644507031e-10	7.867820613690008e-06	0.0020062942564909522
I83	I87	10	778	35	44257	3.285288916584125e-10	7.867820613690008e-06	0.002014162077104642
E78	K76	12	327	132	44257	3.422379571427717e-10	7.867820613690008e-06	0.002022029897718332
N92	N94	31	675	538	44257	4.0528126408109573e-10	7.867820613690008e-06	0.002029897718332022
N97	N98	16	1082	88	44257	4.071519255493878e-10	7.867820613690008e-06	0.0020377655389457123
K76	K80	20	132	1197	44257	4.969638688399027e-10	7.867820613690008e-06	0.002045633359559402
F32	F44	15	833	98	44257	4.99724246309009e-10	7.867820613690008e-06	0.002053501180173092
E65	L90	8	93	138	44257	5.931173378449466e-10	7.867820613690008e-06	0.002061369000786782
I84	K92	12	319	142	44257	6.034717488468031e-10	7.867820613690008e-06	0.0020692368214004723
J30	J35	29	126	2770	44257	7.747206654351678e-10	7.867820613690008e-06	0.002077104642014162
G43	G45	11	517	72	44257	7.911088349128196e-10	7.867820613690008e-06	0.002084972462627852
F32	F45	26	833	325	44257	8.529371104790572e-10	7.867820613690008e-06	0.002092840283241542
J44	J45	9	57	359	44257	8.78602249984809e-10	7.867820613690008e-06	0.0021007081038552323
E66	E68	6	807	8	44257	9.794534480296688e-10	7.867820613690008e-06	0.002108575924468922
N86	N89	11	191	199	44257	1.3117564123595213e-09	7.867820613690008e-06	0.002116443745082612
B18	F13	7	100	89	44257	1.4381324096074766e-09	7.867820613690008e-06	0.002124311565696302
N80	J96	10	1006	32	44257	1.4438997040458395e-09	7.867820613690008e-06	0.0021321793863099923
J35	J36	44	2770	259	44257	1.543759042560956e-09	7.867820613690008e-06	0.002140047206923682
M23	M93	10	619	50	44257	1.6561564441605796e-09	7.867820613690008e-06	0.002147915027537372
H90	H91	9	88	247	44257	1.7674857363388338e-09	7.867820613690008e-06	0.002155782848151062
D50	D64	13	365	168	44257	1.7718052666884611e-09	7.867820613690008e-06	0.0021636506687647524
H90	J34	16	88	1200	44257	1.7941654915402157e-09	7.867820613690008e-06	0.002171518489378442
J01	J20	10	166	180	44257	1.8501570491320541e-09	7.867820613690008e-06	0.002179386309992132
H16	H52	6	28	189	44257	1.951427078197571e-09	7.867820613690008e-06	0.002187254130605822
F23	F29	6	213	26	44257	2.46019002736861e-09	7.867820613690008e-06	0.0021951219512195124
M24	M65	10	137	225	44257	2.464913804650269e-09	7.867820613690008e-06	0.002202989771833202
B24	F19	7	34	298	44257	2.6925458033065404e-09	7.867820613690008e-06	0.002210857592446892
F19	F33	13	298	213	44257	2.782397072278479e-09	7.867820613690008e-06	0.002218725413060582
F12	F60	10	69	463	44257	2.7942633571333807e-09	7.867820613690008e-06	0.0022265932336742724
K20	K44	6	23	251	44257	2.9184183850191654e-09	7.867820613690008e-06	0.0022344610542879622
M43	M51	9	56	426	44257	3.312059446972383e-09	7.867820613690008e-06	0.002242328874901652
N12	N13	16	225	472	44257	3.3935901524993847e-09	7.867820613690008e-06	0.0022501966955153422
C73	E04	8	56	291	44257	3.4288528061254435e-09	7.867820613690008e-06	0.0022580645161290325
N70	N76	33	862	515	44257	3.4680529358963505e-09	7.867820613690008e-06	0.0022659323367427223
F33	F34	9	213	110	44257	3.5660324370906024e-09	7.867820613690008e-06	0.002273800157356412
D68	I82	6	68	83	44257	3.6099150205611742e-09	7.867820613690008e-06	0.0022816679779701023
F17	I10	17	433	282	44257	3.679815981355502e-09	7.867820613690008e-06	0.0022895357985837925
F31	F60	11	94	463	44257	4.62153104656151e-09	7.867820613690008e-06	0.0022974036191974823
D68	I26	7	68	156	44257	4.778925920074146e-09	7.867820613690008e-06	0.002305271439811172
M17	M22	6	36	169	44257	5.0231136366080554e-09	7.867820613690008e-06	0.0023131392604248623
L20	L23	7	124	86	44257	5.107782834990644e-09	7.867820613690008e-06	0.0023210070810385525
F17	I80	15	433	218	44257	5.19286532033845e-09	7.867820613690008e-06	0.0023288749016522423
G57	M51	7	27	426	44257	5.481783325342093e-09	7.867820613690008e-06	0.002336742722265932
F17	F32	29	433	833	44257	5.504550757699035e-09	7.867820613690008e-06	0.0023446105428796223
J06	J20	12	306	180	44257	5.683315976584761e-09	7.867820613690008e-06	0.0023524783634933126
F33	F40	7	213	52	44257	6.0317685427645996e-09	7.867820613690008e-06	0.0023603461841070024
F42	F50	7	34	337	44257	6.288863204171467e-09	7.867820613690008e-06	0.002368214004720692
N83	D39	21	1734	118	44257	6.329197173365733e-09	7.867820613690008e-06	0.0023760818253343824
F41	F50	18	425	337	44257	6.38093469934265e-09	7.867820613690008e-06	0.0023839496459480726
E05	E89	6	222	29	44257	6.421657296970381e-09	7.867820613690008e-06	0.0023918174665617624
A05	A09	9	27	1035	44257	6.488252500094628e-09	7.867820613690008e-06	0.002399685287175452
F12	F43	12	69	840	44257	6.6202516970203415e-09	7.867820613690008e-06	0.0024075531077891424
D50	K90	8	365	49	44257	6.658828903297602e-09	7.867820613690008e-06	0.0024154209284028326
J02	J03	10	74	472	44257	6.763161839398189e-09	7.867820613690008e-06	0.0024232887490165224
N87	D06	39	1159	522	44257	6.786369578981595e-09	7.867820613690008e-06	0.002431156569630212
F20	F70	6	148	44	44257	8.02743885258549e-09	7.867820613690008e-06	0.0024390243902439024
N72	N86	7	61	191	44257	8.94593042339284e-09	7.867820613690008e-06	0.0024468922108575927
F40	K02	6	52	129	44257	9.946866318295576e-09	7.867820613690008e-06	0.0024547600314712825
F34	F41	11	110	425	44257	1.0244931403527743e-08	7.867820613690008e-06	0.0024626278520849722
G44	G97	7	328	38	44257	1.1937237567577836e-08	7.867820613690008e-06	0.0024704956726986625
K26	K29	10	34	1179	44257	1.270567082511881e-08	7.867820613690008e-06	0.0024783634933123527
J18	J98	9	345	80	44257	1.3658907943964531e-08	7.867820613690008e-06	0.0024862313139260425
E79	K76	6	54	132	44257	1.441525271829051e-08	7.867820613690008e-06	0.0024940991345397323
M47	M53	7	58	219	44257	1.6015460400614796e-08	7.867820613690008e-06	0.0025019669551534225
N81	I84	6	24	319	44257	1.6143458972648147e-08	7.867820613690008e-06	0.0025098347757671127
N13	N28	9	472	61	44257	1.7559236049559876e-08	7.867820613690008e-06	0.0025177025963808025
N10	N15	6	481	17	44257	1.7864538671642983e-08	7.867820613690008e-06	0.0025255704169944923
F43	F63	6	840	11	44257	1.9564024054582274e-08	7.867820613690008e-06	0.0025334382376081825
K56	K65	6	166	46	44257	2.1034760388855504e-08	7.867820613690008e-06	0.0025413060582218728
E22	F33	6	37	213	44257	2.376989648926831e-08	7.867820613690008e-06	0.0025491738788355625
E10	E78	11	154	327	44257	2.380231450537263e-08	7.867820613690008e-06	0.0025570416994492523
C50	D48	7	41	337	44257	2.510750283748617e-08	7.867820613690008e-06	0.0025649095200629426
D50	K51	11	365	139	44257	2.5189323069126288e-08	7.867820613690008e-06	0.002572777340676633
F14	F60	7	31	463	44257	2.774731385834547e-08	7.867820613690008e-06	0.0025806451612903226
F19	F23	12	298	213	44257	2.7773616713978528e-08	7.867820613690008e-06	0.0025885129819040124
F32	G40	30	833	495	44257	2.886533625586545e-08	7.867820613690008e-06	0.0025963808025177026
K02	K12	7	129	106	44257	2.9083599576528068e-08	7.867820613690008e-06	0.002604248623131393
D14	J34	7	14	1200	44257	3.076375602498819e-08	7.867820613690008e-06	0.0026121164437450826
F23	F43	19	213	840	44257	3.1671003176995214e-08	7.867820613690008e-06	0.0026199842643587724
F60	L70	9	463	67	44257	3.472227345167213e-08	7.867820613690008e-06	0.0026278520849724626
K50	K60	10	254	161	44257	3.6870118438877426e-08	7.867820613690008e-06	0.002635719905586153
N70	N80	47	862	1006	44257	4.67882730439066e-08	7.867820613690008e-06	0.0026435877261998426
E66	K44	20	807	251	44257	4.748102867510683e-08	7.867820613690008e-06	0.0026514555468135324
E73	K52	14	66	1531	44257	4.761988239796737e-08	7.867820613690008e-06	0.0026593233674272227
F44	F45	9	98	325	44257	4.933178128717774e-08	7.867820613690008e-06	0.002667191188040913
F17	F41	19	433	425	44257	5.6346932585751936e-08	7.867820613690008e-06	0.0026750590086546027
F12	F50	8	69	337	44257	5.808443462858247e-08	7.867820613690008e-06	0.0026829268292682925
F20	F60	12	148	463	44257	6.03144078839557e-08	7.867820613690008e-06	0.0026907946498819827
M22	M24	8	169	137	44257	6.295753586268679e-08	7.867820613690008e-06	0.002698662470495673
N39	B37	26	1412	240	44257	6.819902284120023e-08	7.867820613690008e-06	0.0027065302911093627
N81	K59	6	24	412	44257	7.330701803801452e-08	7.867820613690008e-06	0.0027143981117230525
F50	F51	6	337	29	44257	7.64087749311168e-08	7.867820613690008e-06	0.0027222659323367427
K36	K66	15	452	257	44257	8.17479382097404e-08	7.867820613690008e-06	0.002730133752950433
N80	D39	15	1006	118	44257	8.263972087404457e-08	7.867820613690008e-06	0.0027380015735641227
B96	K29	8	23	1179	44257	8.509602893839182e-08	7.867820613690008e-06	0.0027458693941778125
J30	J45	10	126	359	44257	9.11528965156505e-08	7.867820613690008e-06	0.0027537372147915028
J01	J11	7	166	98	44257	9.552105343218414e-08	7.867820613690008e-06	0.002761605035405193
G56	M65	10	202	225	44257	1.0029255371125831e-07	7.867820613690008e-06	0.0027694728560188828
N83	K36	43	1734	452	44257	1.0376137294604928e-07	7.867820613690008e-06	0.0027773406766325726
K29	K50	24	1179	254	44257	1.0501067575610535e-07	7.867820613690008e-06	0.0027852084972462628
B18	F60	10	100	463	44257	1.0659552375778356e-07	7.867820613690008e-06	0.002793076317859953
L20	L30	6	124	80	44257	1.0860175628071589e-07	7.867820613690008e-06	0.002800944138473643
G40	G82	6	495	22	44257	1.2174480801182606e-07	7.867820613690008e-06	0.0028088119590873326
F41	I10	15	425	282	44257	1.235010572153199e-07	7.867820613690008e-06	0.002816679779701023
J30	J32	11	126	473	44257	1.2480446868005754e-07	7.867820613690008e-06	0.002824547600314713
E11	E78	7	53	327	44257	1.2984858804503746e-07	7.867820613690008e-06	0.002832415420928403
N23	N28	7	283	61	44257	1.3182835219074434e-07	7.867820613690008e-06	0.0028402832415420926
N10	N11	7	481	37	44257	1.3319580479421735e-07	7.867820613690008e-06	0.002848151062155783
N94	K66	16	538	257	44257	1.3358699721090353e-07	7.867820613690008e-06	0.002856018882769473
N10	B96	6	481	23	44257	1.37872100604555e-07	7.867820613690008e-06	0.002863886703383163
J01	J34	19	166	1200	44257	1.4741154633460752e-07	7.867820613690008e-06	0.0028717545239968527
K00	K01	7	35	523	44257	1.5614530363690865e-07	7.867820613690008e-06	0.002879622344610543
I47	I49	6	158	67	44257	1.5688389351292162e-07	7.867820613690008e-06	0.002887490165224233
J18	J96	6	345	32	44257	1.6410718737811084e-07	7.867820613690008e-06	0.002895357985837923
K29	K58	22	1179	223	44257	1.6643845708364153e-07	7.867820613690008e-06	0.0029032258064516127
E61	F32	9	46	833	44257	1.6777731695934898e-07	7.867820613690008e-06	0.002911093627065303
L02	B17	9	428	87	44257	1.7931926735590618e-07	7.867820613690008e-06	0.002918961447678993
F55	F60	6	25	463	44257	1.8992240651573424e-07	7.867820613690008e-06	0.002926829268292683
F13	F41	9	89	425	44257	2.059489382185972e-07	7.867820613690008e-06	0.0029346970889063727
F10	F20	12	522	148	44257	2.1863563701449036e-07	7.867820613690008e-06	0.002942564909520063
L90	L91	6	138	82	44257	2.3744434660484206e-07	7.867820613690008e-06	0.002950432730133753
F29	F60	6	26	463	44257	2.447205823311425e-07	7.867820613690008e-06	0.002958300550747443
D24	D48	16	429	337	44257	2.5031667745790675e-07	7.867820613690008e-06	0.0029661683713611327
F19	L02	15	298	428	44257	2.7454332569061086e-07	7.867820613690008e-06	0.002974036191974823
F43	F71	6	840	16	44257	3.126481607167593e-07	7.867820613690008e-06	0.002981904012588513
E03	E66	20	283	807	44257	3.326135090006288e-07	7.867820613690008e-06	0.002989771833202203
F20	F25	6	148	82	44257	3.5871015073194693e-07	7.867820613690008e-06	0.0029976396538158928
M43	M53	6	56	219	44257	3.620396571660904e-07	7.867820613690008e-06	0.003005507474429583
I10	M54	21	282	895	44257	3.8565761381204593e-07	7.867820613690008e-06	0.0030133752950432732
F17	J18	16	433	345	44257	3.8741953827987427e-07	7.867820613690008e-06	0.003021243115656963
N73	D27	19	561	373	44257	4.012251455701238e-07	7.867820613690008e-06	0.003029110936270653
F29	F43	7	26	840	44257	4.156778986406502e-07	7.867820613690008e-06	0.003036978756884343
E87	F32	12	100	833	44257	4.223940516068703e-07	7.867820613690008e-06	0.0030448465774980333
M24	M53	8	137	219	44257	4.572750035501225e-07	7.867820613690008e-06	0.003052714398111723
N85	N93	8	148	203	44257	4.6407203839260266e-07	7.867820613690008e-06	0.003060582218725413
E14	I10	6	46	282	44257	4.798877026373452e-07	7.867820613690008e-06	0.003068450039339103
F32	I10	20	833	282	44257	5.15235497600101e-07	7.867820613690008e-06	0.0030763178599527933
E66	G47	11	807	87	44257	5.510020281513688e-07	7.867820613690008e-06	0.003084185680566483
K35	K37	21	1627	162	44257	5.923449519466104e-07	7.867820613690008e-06	0.003092053501180173
J15	J18	8	91	345	44257	6.09037817418252e-07	7.867820613690008e-06	0.003099921321793863
F10	F61	6	522	27	44257	6.27515825756727e-07	7.867820613690008e-06	0.0031077891424075533
N88	N97	15	129	1082	44257	6.761141627028883e-07	7.867820613690008e-06	0.003115656963021243
L02	L73	8	428	76	44257	7.609722118947887e-07	7.867820613690008e-06	0.003123524783634933
J03	B00	10	472	121	44257	7.627348668981789e-07	7.867820613690008e-06	0.003131392604248623
N73	E28	15	561	248	44257	7.997615234456161e-07	7.867820613690008e-06	0.0031392604248623134
F10	F70	7	522	44	44257	8.01441436230431e-07	7.867820613690008e-06	0.003147128245476003
M24	M54	14	137	895	44257	8.237583473976857e-07	7.867820613690008e-06	0.003154996066089693
N26	N39	8	26	1412	44257	9.845931564560364e-07	7.867820613690008e-06	0.003162863886703383
D68	I80	6	68	218	44257	1.1311401684130826e-06	7.867820613690008e-06	0.0031707317073170734
D22	D48	11	220	337	44257	1.1722208618390701e-06	7.867820613690008e-06	0.003178599527930763
F10	F17	19	522	433	44257	1.2747925664465697e-06	7.867820613690008e-06	0.003186467348544453
M47	M51	7	58	426	44257	1.4356124977990557e-06	7.867820613690008e-06	0.003194335169158143
N10	N20	18	481	429	44257	1.4412427057344147e-06	7.867820613690008e-06	0.0032022029897718334
G35	H53	6	215	72	44257	1.4658550572469202e-06	7.867820613690008e-06	0.003210070810385523
L02	L03	10	428	143	44257	1.4672200851697482e-06	7.867820613690008e-06	0.003217938630999213
K59	K62	9	412	116	44257	1.525537507613443e-06	7.867820613690008e-06	0.0032258064516129032
F10	F12	8	522	69	44257	1.5799601970290677e-06	7.867820613690008e-06	0.0032336742722265934
E03	E78	12	283	327	44257	1.5828302348930407e-06	7.867820613690008e-06	0.0032415420928402832
K29	K31	9	1179	43	44257	1.6361414262000313e-06	7.867820613690008e-06	0.003249409913453973
F44	G40	9	98	495	44257	1.6617553460333734e-06	7.867820613690008e-06	0.0032572777340676633
E14	E66	8	46	807	44257	1.6700678611941858e-06	7.867820613690008e-06	0.0032651455546813535
N80	D25	18	1006	210	44257	1.7667785800256276e-06	7.867820613690008e-06	0.0032730133752950433
K01	K05	6	523	32	44257	1.8476317248759e-06	7.867820613690008e-06	0.003280881195908733
N11	N39	9	37	1412	44257	1.8539230626669573e-06	7.867820613690008e-06	0.0032887490165224233
F17	J20	11	433	180	44257	1.8618086940329634e-06	7.867820613690008e-06	0.0032966168371361135
K50	K63	6	254	64	44257	1.911298722805809e-06	7.867820613690008e-06	0.0033044846577498033
N83	N94	45	1734	538	44257	1.9261407230689486e-06	7.867820613690008e-06	0.003312352478363493
E61	I95	6	46	359	44257	1.9466128958445503e-06	7.867820613690008e-06	0.0033202202989771833
F06	F43	6	21	840	44257	1.953522542227686e-06	7.867820613690008e-06	0.0033280881195908735
D64	D69	6	168	98	44257	2.1571061776365786e-06	7.867820613690008e-06	0.0033359559402045633
G43	M53	13	517	219	44257	2.1805834717095504e-06	7.867820613690008e-06	0.003343823760818253
G40	G93	6	495	35	44257	2.3414423279707934e-06	7.867820613690008e-06	0.0033516915814319433
E03	I10	11	283	282	44257	2.407732502878225e-06	7.867820613690008e-06	0.0033595594020456336
I84	K44	11	319	251	44257	2.4799323518853645e-06	7.867820613690008e-06	0.0033674272226593234
N11	N13	6	37	472	44257	2.5042482194056858e-06	7.867820613690008e-06	0.003375295043273013
N70	K65	8	862	46	44257	2.718800798162146e-06	7.867820613690008e-06	0.0033831628638867034
M54	M99	6	895	21	44257	2.8153791779574068e-06	7.867820613690008e-06	0.0033910306845003936
N10	N30	12	481	206	44257	3.1175653343625426e-06	7.867820613690008e-06	0.0033988985051140834
M65	M79	7	225	123	44257	3.4442724292599345e-06	7.867820613690008e-06	0.003406766325727773
F17	I26	10	433	156	44257	3.5682130769110314e-06	7.867820613690008e-06	0.0034146341463414634
E66	J45	21	807	359	44257	3.584216073784048e-06	7.867820613690008e-06	0.0034225019669551536
F19	F50	12	298	337	44257	3.672711332725644e-06	7.867820613690008e-06	0.0034303697875688434
N85	N97	15	148	1082	44257	3.865739034393813e-06	7.867820613690008e-06	0.0034382376081825332
N72	N87	10	61	1159	44257	3.918130389694014e-06	7.867820613690008e-06	0.0034461054287962234
M25	M67	13	177	680	44257	4.0700549774082765e-06	7.867820613690008e-06	0.0034539732494099137
H65	J34	10	60	1200	44257	4.556230026875308e-06	7.867820613690008e-06	0.0034618410700236035
F32	L70	9	833	67	44257	4.578430492241997e-06	7.867820613690008e-06	0.0034697088906372932
K50	K61	7	254	114	44257	4.607844295687184e-06	7.867820613690008e-06	0.0034775767112509835
F32	F48	10	833	85	44257	4.6366369395402106e-06	7.867820613690008e-06	0.0034854445318646737
K01	K12	9	523	106	44257	4.9955921336311135e-06	7.867820613690008e-06	0.0034933123524783635
E11	E66	8	53	807	44257	5.069945617122685e-06	7.867820613690008e-06	0.0035011801730920533
E61	F41	6	46	425	44257	5.124467609662511e-06	7.867820613690008e-06	0.0035090479937057435
K29	K90	9	1179	49	44257	5.1653593716871985e-06	7.867820613690008e-06	0.0035169158143194337
M20	M25	9	314	177	44257	5.4773789091437405e-06	7.867820613690008e-06	0.0035247836349331235
F20	F43	13	148	840	44257	5.5021700783796195e-06	7.867820613690008e-06	0.0035326514555468133
K71	K80	7	27	1197	44257	5.750358015853381e-06	7.867820613690008e-06	0.0035405192761605035
N80	D27	24	1006	373	44257	6.143607640576804e-06	7.867820613690008e-06	0.0035483870967741938
F19	L03	8	298	143	44257	6.227955342761994e-06	7.867820613690008e-06	0.0035562549173878836
D39	K66	7	118	257	44257	6.2514211505565225e-06	7.867820613690008e-06	0.0035641227380015733
G43	I95	16	517	359	44257	6.350920952051379e-06	7.867820613690008e-06	0.0035719905586152636
N89	N94	12	199	538	44257	6.788403065857708e-06	7.867820613690008e-06	0.003579858379228954
D17	D23	6	158	128	44257	7.1277399634800955e-06	7.867820613690008e-06	0.0035877261998426436
K36	K65	6	452	46	44257	7.277278040872839e-06	7.867820613690008e-06	0.0035955940204563334
M20	M77	6	314	66	44257	7.725134017739953e-06	7.867820613690008e-06	0.0036034618410700236
