ICD1	ICD2	val11	occ1	occ2	NN	pval	bonf_thresh	fdr_thresh
J34	M95	207	1355	270	49518	1.964453169778261e-269	5.924170616113744e-06	5.924170616113744e-06
J32	J34	264	562	1355	49518	1.428469338394665e-260	5.924170616113744e-06	1.1848341232227488e-05
N80	N97	269	1190	1234	49518	9.204662812211518e-179	5.924170616113744e-06	1.777251184834123e-05
N13	N20	161	627	530	49518	1.630015866822561e-177	5.924170616113744e-06	2.3696682464454976e-05
K29	K44	150	1514	312	49518	1.2613380983585052e-140	5.924170616113744e-06	2.962085308056872e-05
F32	F60	182	1176	659	49518	1.1934054714891855e-139	5.924170616113744e-06	3.554502369668246e-05
N77	B37	59	63	256	49518	5.311640382345901e-133	5.924170616113744e-06	4.1469194312796206e-05
H91	H93	99	336	360	49518	2.92282050189619e-132	5.924170616113744e-06	4.739336492890995e-05
F43	F60	175	1183	659	49518	1.9805027203560026e-130	5.924170616113744e-06	5.33175355450237e-05
M51	M54	148	511	1067	49518	9.712714793082329e-123	5.924170616113744e-06	5.924170616113744e-05
N20	N23	98	530	273	49518	1.6446387687783804e-122	5.924170616113744e-06	6.516587677725119e-05
N97	E28	120	1234	288	49518	1.0645772889799913e-113	5.924170616113744e-06	7.109004739336492e-05
N73	N80	139	493	1190	49518	1.0521592757123997e-106	5.924170616113744e-06	7.701421800947867e-05
F11	F13	60	207	182	49518	8.076930353307345e-99	5.924170616113744e-06	8.293838862559241e-05
F33	F60	94	328	659	49518	3.493006140376207e-97	5.924170616113744e-06	8.886255924170616e-05
K21	K44	75	312	312	49518	5.373690204296318e-97	5.924170616113744e-06	9.47867298578199e-05
F32	F43	183	1176	1183	49518	2.201011038873396e-93	5.924170616113744e-06	0.00010071090047393365
B18	F11	55	180	207	49518	3.219052896652087e-88	5.924170616113744e-06	0.0001066350710900474
K21	K29	111	312	1514	49518	3.260461953498973e-86	5.924170616113744e-06	0.00011255924170616114
N73	N97	123	493	1234	49518	2.3410462365599355e-85	5.924170616113744e-06	0.00011848341232227489
F10	F60	114	749	659	49518	9.770322661047366e-85	5.924170616113744e-06	0.00012440758293838863
B18	F19	60	180	362	49518	6.997115758590316e-83	5.924170616113744e-06	0.00013033175355450238
N80	N83	219	1190	1969	49518	8.623431621507955e-83	5.924170616113744e-06	0.00013625592417061612
K01	K07	93	553	587	49518	1.0322928972932562e-77	5.924170616113744e-06	0.00014218009478672984
F11	F19	57	207	362	49518	3.4590375498460355e-73	5.924170616113744e-06	0.00014810426540284359
N13	N23	68	627	273	49518	4.4861559781292426e-67	5.924170616113744e-06	0.00015402843601895733
F50	F60	81	448	659	49518	4.3558206359446023e-66	5.924170616113744e-06	0.00015995260663507108
C73	E89	26	89	39	49518	5.7839818242962455e-64	5.924170616113744e-06	0.00016587677725118482
K80	K85	68	1350	156	49518	1.3010503048238657e-63	5.924170616113744e-06	0.00017180094786729857
F10	F43	121	749	1183	49518	4.0122159548175e-63	5.924170616113744e-06	0.00017772511848341231
K80	K81	60	1350	115	49518	2.472144771215604e-62	5.924170616113744e-06	0.00018364928909952606
N70	N73	90	912	493	49518	2.7601898314738124e-61	5.924170616113744e-06	0.0001895734597156398
F32	F41	102	1176	538	49518	2.3699984168270394e-60	5.924170616113744e-06	0.00019549763033175355
F32	F33	82	1176	328	49518	1.0458675215728706e-58	5.924170616113744e-06	0.0002014218009478673
E66	I10	77	912	357	49518	3.2622363280718606e-58	5.924170616113744e-06	0.00020734597156398104
N80	K66	75	1190	277	49518	3.620271065467506e-56	5.924170616113744e-06	0.0002132701421800948
N80	N94	101	1190	603	49518	5.680797865295211e-54	5.924170616113744e-06	0.00021919431279620853
F11	F14	26	207	38	49518	7.189376196153179e-54	5.924170616113744e-06	0.00022511848341232228
J33	J34	53	111	1355	49518	2.0873499215314057e-52	5.924170616113744e-06	0.00023104265402843602
F19	F60	64	362	659	49518	1.3239629251726836e-51	5.924170616113744e-06	0.00023696682464454977
F13	F60	50	182	659	49518	9.568670812377478e-51	5.924170616113744e-06	0.0002428909952606635
F19	B17	32	362	74	49518	7.42731886835914e-49	5.924170616113744e-06	0.00024881516587677726
E73	E74	24	121	62	49518	1.6170570650783822e-47	5.924170616113744e-06	0.000254739336492891
N73	N83	106	493	1969	49518	1.0302958870392617e-46	5.924170616113744e-06	0.00026066350710900475
F32	F50	79	1176	448	49518	1.9894473194877886e-44	5.924170616113744e-06	0.00026658767772511847
K60	K61	31	203	148	49518	4.702410258892732e-44	5.924170616113744e-06	0.00027251184834123224
F43	F50	78	1183	448	49518	2.8462253876226788e-43	5.924170616113744e-06	0.00027843601895734596
F10	F13	46	749	182	49518	2.250649752144718e-42	5.924170616113744e-06	0.0002843601895734597
F11	F12	27	207	96	49518	4.230622034129418e-42	5.924170616113744e-06	0.00029028436018957345
E66	E78	64	912	375	49518	7.236667014277005e-42	5.924170616113744e-06	0.00029620853080568717
H33	H52	29	116	238	49518	1.2864813433020075e-41	5.924170616113744e-06	0.00030213270142180094
M22	M23	41	160	640	49518	6.232264605784281e-41	5.924170616113744e-06	0.00030805687203791466
K80	K83	34	1350	55	49518	2.0835470520717142e-39	5.924170616113744e-06	0.00031398104265402844
N97	K66	61	1234	277	49518	3.2668150251770594e-39	5.924170616113744e-06	0.00031990521327014215
I26	J18	36	168	432	49518	3.5880727785697535e-39	5.924170616113744e-06	0.00032582938388625593
B18	F13	29	180	182	49518	3.960896764134016e-39	5.924170616113744e-06	0.00033175355450236965
H33	H35	21	116	76	49518	2.2279039842016986e-38	5.924170616113744e-06	0.0003376777251184834
F20	F23	32	215	240	49518	6.872443305281375e-38	5.924170616113744e-06	0.00034360189573459714
K01	K04	38	553	177	49518	3.0956819016646228e-37	5.924170616113744e-06	0.0003495260663507109
F13	F19	33	182	362	49518	5.538718343206647e-36	5.924170616113744e-06	0.00035545023696682463
N10	N39	94	603	1658	49518	1.3547619101738468e-35	5.924170616113744e-06	0.0003613744075829384
F33	F43	60	328	1183	49518	8.845005039266964e-35	5.924170616113744e-06	0.0003672985781990521
M53	M54	48	211	1067	49518	1.136986119096563e-34	5.924170616113744e-06	0.0003732227488151659
F13	F14	18	182	38	49518	1.9872178527856727e-34	5.924170616113744e-06	0.0003791469194312796
J32	J33	31	562	111	49518	2.854615461284621e-34	5.924170616113744e-06	0.00038507109004739333
E66	K76	43	912	191	49518	8.718839373274147e-34	5.924170616113744e-06	0.0003909952606635071
I26	I80	26	168	205	49518	2.9954150760949257e-33	5.924170616113744e-06	0.0003969194312796208
F11	B17	21	207	74	49518	4.884724858992355e-33	5.924170616113744e-06	0.0004028436018957346
J34	J35	185	1355	2609	49518	1.2419118625779932e-32	5.924170616113744e-06	0.0004087677725118483
B18	B24	19	180	58	49518	1.405250347687818e-32	5.924170616113744e-06	0.0004146919431279621
N83	K66	66	1969	277	49518	2.3126245013323842e-32	5.924170616113744e-06	0.0004206161137440758
E10	E14	19	182	60	49518	3.7547888837449565e-32	5.924170616113744e-06	0.0004265402843601896
N13	N39	91	627	1658	49518	4.9022297975916354e-32	5.924170616113744e-06	0.0004324644549763033
N18	I10	23	71	357	49518	5.099967715040323e-32	5.924170616113744e-06	0.00043838862559241707
E78	K76	31	375	191	49518	8.243138956042657e-32	5.924170616113744e-06	0.0004443127962085308
F19	F32	59	362	1176	49518	1.6703171800707725e-31	5.924170616113744e-06	0.00045023696682464456
N83	N97	142	1969	1234	49518	7.769765058409225e-30	5.924170616113744e-06	0.0004561611374407583
F10	F32	81	749	1176	49518	7.901904609147771e-30	5.924170616113744e-06	0.00046208530805687205
J03	J35	98	500	2609	49518	1.0750146857792329e-29	5.924170616113744e-06	0.00046800947867298577
N60	D24	27	108	517	49518	1.5597125469663243e-29	5.924170616113744e-06	0.00047393364928909954
F10	F19	47	749	362	49518	2.4449410142857623e-29	5.924170616113744e-06	0.00047985781990521326
H50	H52	22	113	238	49518	3.7025848027867783e-29	5.924170616113744e-06	0.000485781990521327
K02	K04	20	105	177	49518	4.654426694318402e-29	5.924170616113744e-06	0.0004917061611374407
F13	F43	42	182	1183	49518	5.383600743963073e-29	5.924170616113744e-06	0.0004976303317535545
H66	H72	15	145	38	49518	6.908231424228632e-29	5.924170616113744e-06	0.0005035545023696682
I84	K60	28	322	203	49518	1.2165117763620737e-28	5.924170616113744e-06	0.000509478672985782
G35	H46	20	295	72	49518	3.9007250918546684e-28	5.924170616113744e-06	0.0005154028436018957
F13	F32	41	182	1176	49518	5.4042196108183145e-28	5.924170616113744e-06	0.0005213270142180095
M24	M25	22	159	191	49518	7.542215502632062e-28	5.924170616113744e-06	0.0005272511848341232
N91	E28	24	146	288	49518	8.63225133359667e-28	5.924170616113744e-06	0.0005331753554502369
M23	M94	23	640	62	49518	9.190513018933972e-28	5.924170616113744e-06	0.0005390995260663507
M23	M24	31	640	159	49518	2.744467557661255e-27	5.924170616113744e-06	0.0005450236966824645
C81	C85	11	65	21	49518	2.8456469653553267e-27	5.924170616113744e-06	0.0005509478672985782
N18	I12	11	71	20	49518	3.8764824770637414e-27	5.924170616113744e-06	0.0005568720379146919
I26	I82	18	168	92	49518	6.570537471681103e-27	5.924170616113744e-06	0.0005627962085308056
H83	H93	19	57	360	49518	7.187756686998082e-27	5.924170616113744e-06	0.0005687203791469194
F33	F50	35	328	448	49518	1.1930230926094033e-26	5.924170616113744e-06	0.0005746445497630332
F41	F45	38	538	342	49518	1.3553105879195816e-26	5.924170616113744e-06	0.0005805687203791469
N94	N97	70	603	1234	49518	1.5488702362366472e-26	5.924170616113744e-06	0.0005864928909952606
C73	C77	12	89	29	49518	2.6529183952380815e-26	5.924170616113744e-06	0.0005924170616113743
D24	D48	39	517	388	49518	2.865020887096826e-26	5.924170616113744e-06	0.0005983412322274882
M65	M67	36	262	666	49518	2.4509016150080603e-25	5.924170616113744e-06	0.0006042654028436019
F12	F60	25	96	659	49518	2.5083169321806833e-25	5.924170616113744e-06	0.0006101895734597156
K50	K60	26	342	203	49518	3.8786006615047603e-25	5.924170616113744e-06	0.0006161137440758293
N83	D27	75	1969	469	49518	9.580370587451158e-25	5.924170616113744e-06	0.0006220379146919432
K85	K86	12	156	24	49518	1.6237081429245937e-24	5.924170616113744e-06	0.0006279620853080569
K80	K82	21	1350	36	49518	4.544854561957971e-24	5.924170616113744e-06	0.0006338862559241706
F31	F60	29	166	659	49518	7.987711255445874e-24	5.924170616113744e-06	0.0006398104265402843
D50	D64	28	499	201	49518	1.6447153971623197e-23	5.924170616113744e-06	0.0006457345971563981
H90	H93	19	82	360	49518	1.887386073939437e-23	5.924170616113744e-06	0.0006516587677725119
C43	D22	17	83	232	49518	2.157682011042492e-23	5.924170616113744e-06	0.0006575829383886256
F41	F43	60	538	1183	49518	6.116022124230784e-23	5.924170616113744e-06	0.0006635071090047393
D50	K29	65	499	1514	49518	9.869722873448471e-23	5.924170616113744e-06	0.000669431279620853
M25	M66	10	191	13	49518	1.6257940205098527e-22	5.924170616113744e-06	0.0006753554502369668
N70	N83	105	912	1969	49518	2.4750180293824455e-22	5.924170616113744e-06	0.0006812796208530806
F60	F70	20	659	66	49518	5.244869456229548e-22	5.924170616113744e-06	0.0006872037914691943
F12	F14	11	96	38	49518	9.259057936329577e-22	5.924170616113744e-06	0.000693127962085308
B20	B24	8	12	58	49518	1.055073164973982e-21	5.924170616113744e-06	0.0006990521327014218
I84	K62	21	322	154	49518	1.1484605001251455e-21	5.924170616113744e-06	0.0007049763033175355
F41	F60	44	538	659	49518	1.3951097094167818e-21	5.924170616113744e-06	0.0007109004739336493
E66	F17	52	912	569	49518	3.973335247526718e-21	5.924170616113744e-06	0.000716824644549763
K60	K62	18	203	154	49518	4.017601193863525e-21	5.924170616113744e-06	0.0007227488151658768
G40	G41	13	652	19	49518	8.012283313915947e-21	5.924170616113744e-06	0.0007286729857819905
F10	F50	42	749	448	49518	8.076423665048459e-21	5.924170616113744e-06	0.0007345971563981042
B18	F14	12	180	38	49518	9.142917556540222e-21	5.924170616113744e-06	0.000740521327014218
C73	E04	17	89	311	49518	1.1953832436003362e-20	5.924170616113744e-06	0.0007464454976303318
B18	B17	14	180	74	49518	1.5846756512174868e-20	5.924170616113744e-06	0.0007523696682464455
F43	F61	20	1183	47	49518	1.6606064718299605e-20	5.924170616113744e-06	0.0007582938388625592
F12	F13	15	96	182	49518	1.691435906595016e-20	5.924170616113744e-06	0.0007642180094786729
E87	F50	21	129	448	49518	2.2926530814543567e-20	5.924170616113744e-06	0.0007701421800947867
D50	K51	23	499	153	49518	2.5809068936686908e-20	5.924170616113744e-06	0.0007760663507109005
N23	N39	47	273	1658	49518	2.94178598329207e-20	5.924170616113744e-06	0.0007819905213270142
M53	M62	13	211	50	49518	3.242589469693354e-20	5.924170616113744e-06	0.0007879146919431279
N84	N92	32	260	722	49518	3.874892484989579e-20	5.924170616113744e-06	0.0007938388625592416
N18	D64	14	71	201	49518	4.0903109401168256e-20	5.924170616113744e-06	0.0007997630331753555
M41	M54	25	98	1067	49518	5.0109930183848883e-20	5.924170616113744e-06	0.0008056872037914692
C71	D43	8	30	34	49518	1.1738098167965812e-19	5.924170616113744e-06	0.0008116113744075829
E11	E66	21	73	912	49518	1.3032748799347563e-19	5.924170616113744e-06	0.0008175355450236966
K04	K12	16	177	142	49518	1.3061381644528726e-19	5.924170616113744e-06	0.0008234597156398105
N17	N18	9	29	71	49518	1.4793479044412584e-19	5.924170616113744e-06	0.0008293838862559242
F23	F25	16	240	108	49518	1.9160158064404805e-19	5.924170616113744e-06	0.0008353080568720379
N84	N97	39	260	1234	49518	3.0982229962964956e-19	5.924170616113744e-06	0.0008412322274881516
D50	K50	30	499	342	49518	3.129817366205841e-19	5.924170616113744e-06	0.0008471563981042654
I10	I12	11	357	20	49518	3.7149423174892967e-19	5.924170616113744e-06	0.0008530805687203792
N30	N39	38	188	1658	49518	4.0521624721205466e-19	5.924170616113744e-06	0.0008590047393364929
E78	I10	27	375	357	49518	6.269815870664686e-19	5.924170616113744e-06	0.0008649289099526066
E86	A09	23	66	1482	49518	7.6757397347553635e-19	5.924170616113744e-06	0.0008708530805687203
B18	F12	14	180	96	49518	7.761562830734521e-19	5.924170616113744e-06	0.0008767772511848341
E66	K80	78	912	1350	49518	9.787639139090678e-19	5.924170616113744e-06	0.0008827014218009479
K50	K61	19	342	148	49518	1.008428333943386e-18	5.924170616113744e-06	0.0008886255924170616
F10	F12	21	749	96	49518	1.2193136393948053e-18	5.924170616113744e-06	0.0008945497630331753
B24	B17	10	58	74	49518	1.4517080177477292e-18	5.924170616113744e-06	0.0009004739336492891
E65	L57	8	87	17	49518	1.5651677467899587e-18	5.924170616113744e-06	0.0009063981042654028
E78	E79	14	375	51	49518	1.6056751541794975e-18	5.924170616113744e-06	0.0009123222748815166
M23	M65	29	640	262	49518	1.6775172100928913e-18	5.924170616113744e-06	0.0009182464454976303
H35	H53	11	76	89	49518	1.7334053282643848e-18	5.924170616113744e-06	0.0009241706161137441
G04	G35	12	36	295	49518	1.7586898255865335e-18	5.924170616113744e-06	0.0009300947867298578
E11	E14	10	73	60	49518	1.8115157055600343e-18	5.924170616113744e-06	0.0009360189573459715
L90	L91	14	200	93	49518	2.172647726299453e-18	5.924170616113744e-06	0.0009419431279620853
H50	H53	12	113	89	49518	2.2388276155502e-18	5.924170616113744e-06	0.0009478672985781991
N86	N93	17	180	204	49518	2.254267191695572e-18	5.924170616113744e-06	0.0009537914691943128
N62	N64	20	357	175	49518	2.9567994679389304e-18	5.924170616113744e-06	0.0009597156398104265
N70	K66	34	912	277	49518	3.744282127890393e-18	5.924170616113744e-06	0.0009656398104265402
N92	D50	40	722	499	49518	4.888258197543792e-18	5.924170616113744e-06	0.000971563981042654
N18	D63	8	71	23	49518	5.72359428340669e-18	5.924170616113744e-06	0.0009774881516587677
K35	K65	25	1698	78	49518	5.98998598480687e-18	5.924170616113744e-06	0.0009834123222748814
B24	F19	14	58	362	49518	7.343163494572288e-18	5.924170616113744e-06	0.0009893364928909953
F33	F41	29	328	538	49518	7.50582040755459e-18	5.924170616113744e-06	0.000995260663507109
K56	K65	13	203	78	49518	1.0924988712899071e-17	5.924170616113744e-06	0.0010011848341232228
N70	N97	72	912	1234	49518	1.3521334269441887e-17	5.924170616113744e-06	0.0010071090047393365
F10	F33	33	749	328	49518	1.4886204161281843e-17	5.924170616113744e-06	0.0010130331753554502
F43	F44	26	1183	123	49518	1.7930287317409857e-17	5.924170616113744e-06	0.001018957345971564
L93	M32	8	32	57	49518	1.899112960767838e-17	5.924170616113744e-06	0.0010248815165876776
C83	C85	6	16	21	49518	2.1173535456901943e-17	5.924170616113744e-06	0.0010308056872037914
K50	K56	20	342	203	49518	2.457147905488444e-17	5.924170616113744e-06	0.0010367298578199053
K04	K07	23	177	587	49518	2.6265605411182523e-17	5.924170616113744e-06	0.001042654028436019
N35	N39	28	110	1658	49518	3.080842583588893e-17	5.924170616113744e-06	0.0010485781990521327
D35	D44	7	43	22	49518	3.759623205563569e-17	5.924170616113744e-06	0.0010545023696682464
F14	F19	12	38	362	49518	4.4314351101477575e-17	5.924170616113744e-06	0.0010604265402843602
F12	F23	14	96	240	49518	4.529999377755001e-17	5.924170616113744e-06	0.0010663507109004739
N70	N76	46	912	561	49518	5.25439562698835e-17	5.924170616113744e-06	0.0010722748815165876
E10	E11	12	182	73	49518	6.36402784180866e-17	5.924170616113744e-06	0.0010781990521327013
F25	F31	13	108	166	49518	6.544885376631795e-17	5.924170616113744e-06	0.001084123222748815
B94	F19	8	9	362	49518	6.752376145188224e-17	5.924170616113744e-06	0.001090047393364929
E05	H06	7	251	7	49518	7.905064568213168e-17	5.924170616113744e-06	0.0010959715639810427
J30	J34	28	137	1355	49518	8.669264747401841e-17	5.924170616113744e-06	0.0011018957345971564
N12	N39	42	267	1658	49518	8.730855590735972e-17	5.924170616113744e-06	0.0011078199052132701
I80	I82	13	205	92	49518	1.1965170115211989e-16	5.924170616113744e-06	0.0011137440758293838
M42	M51	13	40	511	49518	1.2071867777931078e-16	5.924170616113744e-06	0.0011196682464454976
F79	G40	13	33	652	49518	1.4298167576491683e-16	5.924170616113744e-06	0.0011255924170616113
G43	G44	29	592	334	49518	1.5219439931606463e-16	5.924170616113744e-06	0.001131516587677725
F32	F45	40	1176	342	49518	1.536110059629627e-16	5.924170616113744e-06	0.0011374407582938387
N97	N98	27	1234	141	49518	1.754360785184346e-16	5.924170616113744e-06	0.0011433649289099527
D63	I12	6	23	20	49518	1.903587685523716e-16	5.924170616113744e-06	0.0011492890995260664
L20	B00	13	155	126	49518	2.0883815033014097e-16	5.924170616113744e-06	0.00115521327014218
B16	B17	9	58	74	49518	2.2532430741151263e-16	5.924170616113744e-06	0.0011611374407582938
F17	J45	32	569	442	49518	2.4927606535329954e-16	5.924170616113744e-06	0.0011670616113744075
F44	G40	20	123	652	49518	2.6245906907173406e-16	5.924170616113744e-06	0.0011729857819905213
J45	L20	19	442	155	49518	2.779797373687007e-16	5.924170616113744e-06	0.001178909952606635
F32	F61	17	1176	47	49518	3.0444425569575604e-16	5.924170616113744e-06	0.0011848341232227487
K29	K58	39	1514	261	49518	3.3015501894392517e-16	5.924170616113744e-06	0.0011907582938388626
J35	J36	53	2609	278	49518	3.529314620592523e-16	5.924170616113744e-06	0.0011966824644549763
B96	K29	14	23	1514	49518	3.714819408197454e-16	5.924170616113744e-06	0.00120260663507109
J30	J45	18	137	442	49518	4.8685284911218615e-16	5.924170616113744e-06	0.0012085308056872038
F50	M81	14	448	64	49518	6.375208696017596e-16	5.924170616113744e-06	0.0012144549763033175
J31	J35	24	59	2609	49518	6.78459752616797e-16	5.924170616113744e-06	0.0012203791469194312
E04	E89	11	311	39	49518	7.200137298017846e-16	5.924170616113744e-06	0.001226303317535545
N80	J96	17	1190	49	49518	8.379615247260312e-16	5.924170616113744e-06	0.0012322274881516587
B23	B24	6	11	58	49518	9.09415792718402e-16	5.924170616113744e-06	0.0012381516587677724
F11	F60	24	207	659	49518	1.0017257143334873e-15	5.924170616113744e-06	0.0012440758293838863
F43	F45	39	1183	342	49518	1.0451440296615632e-15	5.924170616113744e-06	0.00125
H66	H90	11	145	82	49518	1.0811390937452507e-15	5.924170616113744e-06	0.0012559241706161137
F60	F61	14	659	47	49518	1.0875581113232225e-15	5.924170616113744e-06	0.0012618483412322275
N20	N39	59	530	1658	49518	1.088962513571794e-15	5.924170616113744e-06	0.0012677725118483412
D69	D70	8	104	29	49518	1.189893630580205e-15	5.924170616113744e-06	0.001273696682464455
K25	K29	21	70	1514	49518	1.2556544766777277e-15	5.924170616113744e-06	0.0012796208530805686
G40	G82	13	652	38	49518	1.2718495573344753e-15	5.924170616113744e-06	0.0012855450236966823
N70	A56	15	912	45	49518	1.752726623877451e-15	5.924170616113744e-06	0.0012914691943127963
F20	F25	13	215	108	49518	1.9358229047024387e-15	5.924170616113744e-06	0.00129739336492891
F70	F71	7	66	25	49518	2.5375336139324387e-15	5.924170616113744e-06	0.0013033175355450237
N39	B37	39	1658	256	49518	3.2433828192449538e-15	5.924170616113744e-06	0.0013092417061611374
E04	E05	19	311	251	49518	3.6184418635642875e-15	5.924170616113744e-06	0.0013151658767772511
N91	N97	26	146	1234	49518	3.969163917784e-15	5.924170616113744e-06	0.0013210900473933649
L01	L20	7	13	155	49518	4.3368819236198745e-15	5.924170616113744e-06	0.0013270142180094786
I63	I67	7	43	42	49518	5.87210660723276e-15	5.924170616113744e-06	0.0013329383886255923
F17	J18	30	569	432	49518	6.560353172600365e-15	5.924170616113744e-06	0.001338862559241706
F13	F33	17	182	328	49518	7.68742122691544e-15	5.924170616113744e-06	0.00134478672985782
F40	F41	13	51	538	49518	8.31953904622865e-15	5.924170616113744e-06	0.0013507109004739337
N70	N71	25	912	183	49518	8.35369095704131e-15	5.924170616113744e-06	0.0013566350710900474
M22	M94	10	160	62	49518	8.680209584122075e-15	5.924170616113744e-06	0.0013625592417061611
F12	F32	21	96	1176	49518	9.394878350207472e-15	5.924170616113744e-06	0.0013684834123222748
M51	M53	21	511	211	49518	9.528763473299916e-15	5.924170616113744e-06	0.0013744075829383885
M24	M65	15	159	262	49518	9.816028710949919e-15	5.924170616113744e-06	0.0013803317535545023
K01	K09	12	553	39	49518	9.939731727557836e-15	5.924170616113744e-06	0.001386255924170616
M23	M25	22	640	191	49518	9.977130883793763e-15	5.924170616113744e-06	0.00139218009478673
K29	K80	97	1514	1350	49518	1.1322418572582058e-14	5.924170616113744e-06	0.0013981042654028436
N73	K66	23	493	277	49518	1.2015092903931194e-14	5.924170616113744e-06	0.0014040284360189574
N26	I10	10	31	357	49518	1.2967265396602047e-14	5.924170616113744e-06	0.001409952606635071
F12	F19	14	96	362	49518	1.3492627328179585e-14	5.924170616113744e-06	0.0014158767772511848
F10	F11	24	749	207	49518	1.6488684499826414e-14	5.924170616113744e-06	0.0014218009478672985
K02	K08	9	105	65	49518	1.7671785024087757e-14	5.924170616113744e-06	0.0014277251184834122
H71	H90	8	50	82	49518	2.0194938166970673e-14	5.924170616113744e-06	0.001433649289099526
N10	N15	10	603	21	49518	2.082070003817697e-14	5.924170616113744e-06	0.0014395734597156397
H43	H33	7	20	116	49518	2.4346899051097195e-14	5.924170616113744e-06	0.0014454976303317536
N83	K36	57	1969	455	49518	2.7244821369984605e-14	5.924170616113744e-06	0.0014514218009478673
K56	K59	21	203	562	49518	2.799992094969908e-14	5.924170616113744e-06	0.001457345971563981
C81	C83	6	65	16	49518	3.198494742759576e-14	5.924170616113744e-06	0.0014632701421800948
N18	I15	6	71	15	49518	3.466486763245382e-14	5.924170616113744e-06	0.0014691943127962085
H25	H33	8	40	116	49518	5.124154659237925e-14	5.924170616113744e-06	0.0014751184834123222
B18	K73	8	180	27	49518	5.453275142318476e-14	5.924170616113744e-06	0.001481042654028436
N18	E21	6	71	16	49518	5.540137983984312e-14	5.924170616113744e-06	0.0014869668246445496
M24	M62	9	159	50	49518	6.458971000706825e-14	5.924170616113744e-06	0.0014928909952606636
E03	E66	32	341	912	49518	7.831442910722316e-14	5.924170616113744e-06	0.0014988151658767773
D68	I80	11	86	205	49518	8.713098223846644e-14	5.924170616113744e-06	0.001504739336492891
M20	M77	12	372	66	49518	9.256343184608373e-14	5.924170616113744e-06	0.0015106635071090047
D86	L52	7	51	52	49518	1.0329742851100658e-13	5.924170616113744e-06	0.0015165876777251184
K81	K85	11	115	156	49518	1.1390721564092552e-13	5.924170616113744e-06	0.0015225118483412322
N18	N19	6	71	18	49518	1.2814161426024488e-13	5.924170616113744e-06	0.0015284360189573459
D22	D23	13	232	138	49518	1.3148923571396978e-13	5.924170616113744e-06	0.0015343601895734596
F23	F32	30	240	1176	49518	1.609487270424668e-13	5.924170616113744e-06	0.0015402843601895733
F19	F43	37	362	1183	49518	1.734098738034381e-13	5.924170616113744e-06	0.0015462085308056873
F30	F31	8	33	166	49518	1.739023963023897e-13	5.924170616113744e-06	0.001552132701421801
F23	F43	30	240	1183	49518	1.8717828398916832e-13	5.924170616113744e-06	0.0015580568720379147
F20	F22	8	215	27	49518	2.291247173337587e-13	5.924170616113744e-06	0.0015639810426540284
E11	K76	10	73	191	49518	2.892647341255099e-13	5.924170616113744e-06	0.0015699052132701421
E66	E79	14	912	51	49518	3.220363240844784e-13	5.924170616113744e-06	0.0015758293838862558
F45	G44	20	342	334	49518	3.38583002645251e-13	5.924170616113744e-06	0.0015817535545023696
H43	H35	6	20	76	49518	4.0699106616784215e-13	5.924170616113744e-06	0.0015876777251184833
D68	I26	10	86	168	49518	4.370245943143707e-13	5.924170616113744e-06	0.0015936018957345972
K76	K80	28	191	1350	49518	5.13149100511034e-13	5.924170616113744e-06	0.001599526066350711
F60	F63	9	659	18	49518	5.419555372111996e-13	5.924170616113744e-06	0.0016054502369668247
F33	F61	10	328	47	49518	5.908127884406301e-13	5.924170616113744e-06	0.0016113744075829384
N85	N92	22	208	722	49518	6.488613729635245e-13	5.924170616113744e-06	0.001617298578199052
F32	F34	21	1176	119	49518	8.290800867632534e-13	5.924170616113744e-06	0.0016232227488151658
F44	F60	17	123	659	49518	8.476945406241775e-13	5.924170616113744e-06	0.0016291469194312795
J01	J32	19	190	562	49518	8.749221496282061e-13	5.924170616113744e-06	0.0016350710900473932
N73	N94	30	493	603	49518	8.983598753546889e-13	5.924170616113744e-06	0.001640995260663507
E10	E78	16	182	375	49518	9.562389553339645e-13	5.924170616113744e-06	0.001646919431279621
J37	J38	6	16	114	49518	1.0239855146577463e-12	5.924170616113744e-06	0.0016528436018957346
N04	I10	8	21	357	49518	1.2654706209482476e-12	5.924170616113744e-06	0.0016587677725118483
M42	M54	13	40	1067	49518	1.4110195493086403e-12	5.924170616113744e-06	0.001664691943127962
F32	F44	21	1176	123	49518	1.6190806792709177e-12	5.924170616113744e-06	0.0016706161137440758
M62	M99	6	50	37	49518	1.7625920504118344e-12	5.924170616113744e-06	0.0016765402843601895
C77	C81	6	29	65	49518	1.872251684582022e-12	5.924170616113744e-06	0.0016824644549763032
M54	M62	14	1067	50	49518	1.9509500080854876e-12	5.924170616113744e-06	0.001688388625592417
F13	F41	18	182	538	49518	2.044494947547781e-12	5.924170616113744e-06	0.0016943127962085309
H66	H71	8	145	50	49518	2.1513166144913273e-12	5.924170616113744e-06	0.0017002369668246446
M02	M13	6	26	80	49518	3.294266426757101e-12	5.924170616113744e-06	0.0017061611374407583
C71	G40	10	30	652	49518	3.4671123249275456e-12	5.924170616113744e-06	0.001712085308056872
D27	D36	13	469	90	49518	3.5473753937326673e-12	5.924170616113744e-06	0.0017180094786729857
E10	E16	7	182	25	49518	3.666824833419351e-12	5.924170616113744e-06	0.0017239336492890995
H35	H52	10	76	238	49518	3.934622275335388e-12	5.924170616113744e-06	0.0017298578199052132
F10	F17	35	749	569	49518	4.107566110221805e-12	5.924170616113744e-06	0.001735781990521327
N80	E28	31	1190	288	49518	4.7483768865080976e-12	5.924170616113744e-06	0.0017417061611374406
J30	J32	16	137	562	49518	5.135418821583515e-12	5.924170616113744e-06	0.0017476303317535545
N92	D25	22	722	231	49518	5.368574896862927e-12	5.924170616113744e-06	0.0017535545023696683
K29	K52	91	1514	1367	49518	5.370718151302757e-12	5.924170616113744e-06	0.001759478672985782
K20	K29	11	21	1514	49518	5.605472666308435e-12	5.924170616113744e-06	0.0017654028436018957
F42	F60	11	42	659	49518	6.288439365294062e-12	5.924170616113744e-06	0.0017713270142180094
F50	F55	9	448	31	49518	6.336039756804583e-12	5.924170616113744e-06	0.0017772511848341231
N97	D25	28	1234	231	49518	6.802648926167838e-12	5.924170616113744e-06	0.0017831753554502369
K50	K65	11	342	78	49518	7.481368456869838e-12	5.924170616113744e-06	0.0017890995260663506
F34	F43	20	119	1183	49518	8.217982375202828e-12	5.924170616113744e-06	0.0017950236966824645
N97	N99	13	1234	40	49518	8.657547331330534e-12	5.924170616113744e-06	0.0018009478672985782
F13	B17	9	182	74	49518	9.023938509741618e-12	5.924170616113744e-06	0.001806872037914692
F32	F42	13	1176	42	49518	9.651881871153282e-12	5.924170616113744e-06	0.0018127962085308057
E03	I10	19	341	357	49518	9.886138639871989e-12	5.924170616113744e-06	0.0018187203791469194
M54	M99	12	1067	37	49518	1.063533349433622e-11	5.924170616113744e-06	0.001824644549763033
H65	H90	7	63	82	49518	1.3487784200976974e-11	5.924170616113744e-06	0.0018305687203791468
K01	K02	14	553	105	49518	1.4443192645725934e-11	5.924170616113744e-06	0.0018364928909952605
F19	B16	10	362	58	49518	1.4717084924684846e-11	5.924170616113744e-06	0.0018424170616113743
K36	K66	19	455	277	49518	1.7553364572426245e-11	5.924170616113744e-06	0.0018483412322274882
F14	B17	6	38	74	49518	2.405989898049697e-11	5.924170616113744e-06	0.001854265402843602
F13	F34	10	182	119	49518	2.6389075643944925e-11	5.924170616113744e-06	0.0018601895734597156
D16	L05	13	118	416	49518	2.7008233440960524e-11	5.924170616113744e-06	0.0018661137440758294
J01	J20	12	190	203	49518	2.7823809714052754e-11	5.924170616113744e-06	0.001872037914691943
N80	D27	39	1190	469	49518	2.8679853793546583e-11	5.924170616113744e-06	0.0018779620853080568
M24	M99	7	159	37	49518	2.9246758830192395e-11	5.924170616113744e-06	0.0018838862559241705
N70	N80	58	912	1190	49518	3.2337558839741e-11	5.924170616113744e-06	0.0018898104265402842
H44	H52	6	14	238	49518	3.36516394839099e-11	5.924170616113744e-06	0.0018957345971563982
M43	M54	13	50	1067	49518	3.4098322358565035e-11	5.924170616113744e-06	0.0019016587677725119
F43	F70	15	1183	66	49518	3.713264974516093e-11	5.924170616113744e-06	0.0019075829383886256
F11	F43	25	207	1183	49518	4.023101901588045e-11	5.924170616113744e-06	0.0019135071090047393
M21	M24	8	65	159	49518	4.087912433863974e-11	5.924170616113744e-06	0.001919431279620853
G35	G97	9	295	55	49518	4.184331700876589e-11	5.924170616113744e-06	0.0019253554502369668
K29	K76	27	1514	191	49518	4.262711667685787e-11	5.924170616113744e-06	0.0019312796208530805
N83	D62	16	1969	50	49518	5.022592445764297e-11	5.924170616113744e-06	0.0019372037914691942
I45	I47	8	65	166	49518	5.773006068089239e-11	5.924170616113744e-06	0.001943127962085308
J18	J90	9	432	40	49518	5.799642977242167e-11	5.924170616113744e-06	0.0019490521327014218
N87	D06	48	1337	612	49518	7.057774248826445e-11	5.924170616113744e-06	0.0019549763033175353
B24	B16	6	58	58	49518	7.63710048784222e-11	5.924170616113744e-06	0.001960900473933649
F31	F32	22	166	1176	49518	8.55227024246782e-11	5.924170616113744e-06	0.001966824644549763
M43	M51	10	50	511	49518	8.908228265051054e-11	5.924170616113744e-06	0.001972748815165877
F10	F61	11	749	47	49518	9.365113845950817e-11	5.924170616113744e-06	0.0019786729857819907
N85	N88	10	208	119	49518	9.8308819556072e-11	5.924170616113744e-06	0.0019845971563981044
M24	M53	11	159	211	49518	1.0772225800999874e-10	5.924170616113744e-06	0.001990521327014218
F23	F60	20	240	659	49518	1.1008459485461402e-10	5.924170616113744e-06	0.001996445497630332
F20	F60	19	215	659	49518	1.1775710474731562e-10	5.924170616113744e-06	0.0020023696682464455
F12	F43	17	96	1183	49518	1.2713919824919057e-10	5.924170616113744e-06	0.0020082938388625592
F42	F50	9	42	448	49518	1.2833493936188151e-10	5.924170616113744e-06	0.002014218009478673
B24	F11	8	58	207	49518	1.3041955355667355e-10	5.924170616113744e-06	0.0020201421800947867
N04	E78	7	21	375	49518	1.433688137679205e-10	5.924170616113744e-06	0.0020260663507109004
F19	G40	24	362	652	49518	1.4572287937769602e-10	5.924170616113744e-06	0.002031990521327014
K50	K63	11	342	105	49518	2.0304518211319345e-10	5.924170616113744e-06	0.002037914691943128
N10	N30	17	603	188	49518	2.0366001388621088e-10	5.924170616113744e-06	0.0020438388625592416
F23	F30	7	240	33	49518	2.208230620812305e-10	5.924170616113744e-06	0.0020497630331753553
E11	E78	10	73	375	49518	2.2390333005484215e-10	5.924170616113744e-06	0.002055687203791469
G55	M51	6	10	511	49518	2.3782261547753124e-10	5.924170616113744e-06	0.0020616113744075827
N83	N94	59	1969	603	49518	2.922128563062915e-10	5.924170616113744e-06	0.0020675355450236964
F10	K70	6	749	8	49518	3.2036100661953806e-10	5.924170616113744e-06	0.0020734597156398106
I83	I87	9	791	28	49518	3.407829635507509e-10	5.924170616113744e-06	0.0020793838862559243
I47	I48	6	166	27	49518	3.6185703189165813e-10	5.924170616113744e-06	0.002085308056872038
M25	M65	12	191	262	49518	5.597520349391642e-10	5.924170616113744e-06	0.0020912322274881517
J30	J35	28	137	2609	49518	5.832380310115945e-10	5.924170616113744e-06	0.0020971563981042655
K50	M81	9	342	64	49518	6.348892318975611e-10	5.924170616113744e-06	0.002103080568720379
F32	G44	30	1176	334	49518	6.734110835466839e-10	5.924170616113744e-06	0.002109004739336493
J03	J36	18	500	278	49518	6.911896559539885e-10	5.924170616113744e-06	0.0021149289099526066
F34	F41	13	119	538	49518	6.972147680370623e-10	5.924170616113744e-06	0.0021208530805687203
J36	J39	7	278	34	49518	7.701779418579575e-10	5.924170616113744e-06	0.002126777251184834
D68	M32	6	86	57	49518	7.766135349408893e-10	5.924170616113744e-06	0.0021327014218009478
F34	F45	11	119	342	49518	7.885314368342755e-10	5.924170616113744e-06	0.0021386255924170615
K44	K80	31	312	1350	49518	7.995199059251926e-10	5.924170616113744e-06	0.002144549763033175
C73	E05	9	89	251	49518	8.544625297786851e-10	5.924170616113744e-06	0.002150473933649289
K50	K51	12	342	153	49518	8.979980477333825e-10	5.924170616113744e-06	0.0021563981042654026
K61	L02	13	148	439	49518	9.053369872481625e-10	5.924170616113744e-06	0.0021623222748815164
E10	I10	13	182	357	49518	9.529502327569434e-10	5.924170616113744e-06	0.00216824644549763
E21	I10	6	16	357	49518	1.0145821612164337e-09	5.924170616113744e-06	0.0021741706161137442
E73	K58	10	121	261	49518	1.0546352356636135e-09	5.924170616113744e-06	0.002180094786729858
F12	F17	12	96	569	49518	1.2290665285803937e-09	5.924170616113744e-06	0.0021860189573459717
N10	N13	29	603	627	49518	1.3922490941042908e-09	5.924170616113744e-06	0.0021919431279620854
N82	K50	7	31	342	49518	1.6078152841224227e-09	5.924170616113744e-06	0.002197867298578199
G44	H81	14	334	245	49518	1.6740339938426165e-09	5.924170616113744e-06	0.002203791469194313
B18	B16	7	180	58	49518	1.9177329766634845e-09	5.924170616113744e-06	0.0022097156398104265
K56	K66	12	203	277	49518	2.106211423735337e-09	5.924170616113744e-06	0.0022156398104265403
K01	K05	7	553	21	49518	2.1181908351433274e-09	5.924170616113744e-06	0.002221563981042654
N92	N94	31	722	603	49518	2.2116890067807096e-09	5.924170616113744e-06	0.0022274881516587677
N19	I10	6	18	357	49518	2.3235222660646107e-09	5.924170616113744e-06	0.0022334123222748814
B18	F10	17	180	749	49518	2.7137112614579203e-09	5.924170616113744e-06	0.002239336492890995
D27	D39	12	469	124	49518	2.7701080284803912e-09	5.924170616113744e-06	0.002245260663507109
N73	D27	22	493	469	49518	2.993374802029779e-09	5.924170616113744e-06	0.0022511848341232226
E11	I10	9	73	357	49518	3.0784089663509925e-09	5.924170616113744e-06	0.0022571090047393363
J18	J45	20	432	442	49518	3.137789607278031e-09	5.924170616113744e-06	0.00226303317535545
N05	I10	7	33	357	49518	3.4710703417666774e-09	5.924170616113744e-06	0.0022689573459715637
E87	J96	6	129	49	49518	3.5456807673286405e-09	5.924170616113744e-06	0.0022748815165876774
M47	M51	10	72	511	49518	3.796932000428408e-09	5.924170616113744e-06	0.0022808056872037916
H46	H53	6	72	89	49518	4.0339638662467305e-09	5.924170616113744e-06	0.0022867298578199053
F60	B17	11	659	74	49518	4.178241941049251e-09	5.924170616113744e-06	0.002292654028436019
F10	F14	9	749	38	49518	4.3528136181981574e-09	5.924170616113744e-06	0.0022985781990521328
H35	I10	9	76	357	49518	4.4325982214627114e-09	5.924170616113744e-06	0.0023045023696682465
B27	J03	10	75	500	49518	4.645021904873233e-09	5.924170616113744e-06	0.00231042654028436
D22	D48	14	232	388	49518	5.604037546803633e-09	5.924170616113744e-06	0.002316350710900474
K04	K09	6	177	39	49518	5.666418097976348e-09	5.924170616113744e-06	0.0023222748815165876
F55	F60	8	31	659	49518	5.681251383007151e-09	5.924170616113744e-06	0.0023281990521327013
K36	K37	15	455	234	49518	5.97885199760789e-09	5.924170616113744e-06	0.002334123222748815
I84	K92	12	322	195	49518	7.206536078133122e-09	5.924170616113744e-06	0.002340047393364929
F33	L70	8	328	61	49518	7.385860720840445e-09	5.924170616113744e-06	0.0023459715639810425
I10	I51	7	357	37	49518	8.160548974842289e-09	5.924170616113744e-06	0.0023518957345971562
N87	B97	6	1337	8	49518	1.0241815903378829e-08	5.924170616113744e-06	0.00235781990521327
N97	A56	11	1234	45	49518	1.0286221798138968e-08	5.924170616113744e-06	0.0023637440758293837
K58	K59	17	261	562	49518	1.0587119569408197e-08	5.924170616113744e-06	0.0023696682464454974
F12	F20	8	96	215	49518	1.0588891525725507e-08	5.924170616113744e-06	0.002375592417061611
M19	M24	6	48	159	49518	1.09406280636004e-08	5.924170616113744e-06	0.0023815165876777252
N86	N92	16	180	722	49518	1.1331027266463305e-08	5.924170616113744e-06	0.002387440758293839
K35	K37	28	1698	234	49518	1.1463163985025891e-08	5.924170616113744e-06	0.0023933649289099527
F33	F42	7	328	42	49518	1.1604209783386598e-08	5.924170616113744e-06	0.0023992890995260664
D64	D69	8	201	104	49518	1.182527244507675e-08	5.924170616113744e-06	0.00240521327014218
N94	K66	18	603	277	49518	1.2003823535089028e-08	5.924170616113744e-06	0.002411137440758294
F17	F33	19	569	328	49518	1.202641828895214e-08	5.924170616113744e-06	0.0024170616113744076
D63	I10	6	23	357	49518	1.2256153278772525e-08	5.924170616113744e-06	0.0024229857819905213
K29	K31	13	1514	57	49518	1.3575013959136922e-08	5.924170616113744e-06	0.002428909952606635
K56	K63	8	203	105	49518	1.377918344567123e-08	5.924170616113744e-06	0.0024407582938388624
K60	K63	8	203	105	49518	1.377918344567123e-08	5.924170616113744e-06	0.0024348341232227487
J01	J34	22	190	1355	49518	1.5135850229265074e-08	5.924170616113744e-06	0.002446682464454976
N31	N39	13	53	1658	49518	1.5313222999868837e-08	5.924170616113744e-06	0.00245260663507109
F70	G40	10	66	652	49518	1.590821099351114e-08	5.924170616113744e-06	0.0024585308056872036
K26	K29	11	39	1514	49518	1.6055463620313064e-08	5.924170616113744e-06	0.0024644549763033173
L20	L23	7	155	91	49518	1.6680161001925835e-08	5.924170616113744e-06	0.002470379146919431
K43	L90	7	71	200	49518	1.686204872674088e-08	5.924170616113744e-06	0.0024763033175355447
F12	F33	9	96	328	49518	1.7205718844180856e-08	5.924170616113744e-06	0.002482227488151659
G56	M65	12	259	262	49518	1.7312858400522373e-08	5.924170616113744e-06	0.0024881516587677726
K63	K65	6	105	78	49518	1.7849023275514606e-08	5.924170616113744e-06	0.0024940758293838863
E73	K90	6	121	68	49518	1.8163577450340674e-08	5.924170616113744e-06	0.0025
K43	K56	7	71	203	49518	1.8680437876898564e-08	5.924170616113744e-06	0.0025059241706161138
E78	F17	20	375	569	49518	1.9842856506237958e-08	5.924170616113744e-06	0.0025118483412322275
N83	D39	21	1969	124	49518	2.0500379288952343e-08	5.924170616113744e-06	0.002517772511848341
F11	F17	15	207	569	49518	2.2155071327746387e-08	5.924170616113744e-06	0.002523696682464455
K83	K85	6	55	156	49518	2.2646561650795924e-08	5.924170616113744e-06	0.0025296208530805686
F40	F60	9	51	659	49518	2.2932557925125172e-08	5.924170616113744e-06	0.0025355450236966824
F25	F60	12	108	659	49518	2.438131499877211e-08	5.924170616113744e-06	0.002541469194312796
K02	K12	7	105	142	49518	2.473174529868608e-08	5.924170616113744e-06	0.00254739336492891
F17	K29	44	569	1514	49518	2.6691211279454865e-08	5.924170616113744e-06	0.0025533175355450235
F40	F43	11	51	1183	49518	2.744451796812747e-08	5.924170616113744e-06	0.0025592417061611372
K00	K01	8	44	553	49518	2.8638655373772834e-08	5.924170616113744e-06	0.002565165876777251
D50	K90	9	499	68	49518	2.9023599303920693e-08	5.924170616113744e-06	0.0025710900473933647
M20	M21	8	372	65	49518	3.2706379177251286e-08	5.924170616113744e-06	0.0025770142180094784
F23	F70	7	240	66	49518	3.514093431430457e-08	5.924170616113744e-06	0.0025829383886255925
M23	M93	9	640	55	49518	3.563939480219114e-08	5.924170616113744e-06	0.0025888625592417063
F17	G43	25	569	592	49518	3.600013994785052e-08	5.924170616113744e-06	0.00259478672985782
H60	H66	6	64	145	49518	3.702870360847267e-08	5.924170616113744e-06	0.0026007109004739337
F19	K73	6	362	27	49518	3.808073344915808e-08	5.924170616113744e-06	0.0026066350710900474
F17	J44	10	569	83	49518	4.257017820150778e-08	5.924170616113744e-06	0.002612559241706161
K62	K63	7	154	105	49518	4.325308257232258e-08	5.924170616113744e-06	0.002618483412322275
F19	F61	7	362	47	49518	5.151055155624629e-08	5.924170616113744e-06	0.0026244075829383886
F32	F53	9	1176	33	49518	5.3832137604711217e-08	5.924170616113744e-06	0.0026303317535545023
J44	J45	9	83	442	49518	6.082324570459676e-08	5.924170616113744e-06	0.002636255924170616
N92	N93	16	722	204	49518	6.607284443855658e-08	5.924170616113744e-06	0.0026421800947867297
K44	K85	10	312	156	49518	6.649289838047468e-08	5.924170616113744e-06	0.0026481042654028434
M24	M54	17	159	1067	49518	7.203464868565581e-08	5.924170616113744e-06	0.002654028436018957
K76	K83	6	191	55	49518	7.54007418088353e-08	5.924170616113744e-06	0.002659952606635071
F43	F71	8	1183	25	49518	7.810609760766814e-08	5.924170616113744e-06	0.0026658767772511846
F17	I26	13	569	168	49518	8.903711259662533e-08	5.924170616113744e-06	0.0026718009478672983
G44	G97	7	334	55	49518	9.16897481108062e-08	5.924170616113744e-06	0.002677725118483412
D50	E61	8	499	56	49518	9.348238039065415e-08	5.924170616113744e-06	0.002683649289099526
F32	F48	13	1176	84	49518	9.418364891145668e-08	5.924170616113744e-06	0.00268957345971564
F60	L70	9	659	61	49518	1.161395614624641e-07	5.924170616113744e-06	0.0026954976303317536
M25	M79	8	191	147	49518	1.192371407199613e-07	5.924170616113744e-06	0.0027014218009478673
F13	F50	12	182	448	49518	1.2384095695861938e-07	5.924170616113744e-06	0.002707345971563981
E66	G47	13	912	110	49518	1.3214929365349225e-07	5.924170616113744e-06	0.002713270142180095
K04	K08	6	177	65	49518	1.3283366872487147e-07	5.924170616113744e-06	0.0027191943127962085
N13	N28	9	627	65	49518	1.344299654997143e-07	5.924170616113744e-06	0.0027251184834123222
F11	F32	20	207	1176	49518	1.3981219764296295e-07	5.924170616113744e-06	0.002731042654028436
E14	E66	10	60	912	49518	1.402863074433869e-07	5.924170616113744e-06	0.0027369668246445497
F41	F50	20	538	448	49518	1.44613845030198e-07	5.924170616113744e-06	0.0027428909952606634
F17	M47	9	569	72	49518	1.4677731477827295e-07	5.924170616113744e-06	0.002748815165876777
N86	N89	8	180	161	49518	1.5240268576449632e-07	5.924170616113744e-06	0.002754739336492891
F13	G40	14	182	652	49518	1.6234219842707583e-07	5.924170616113744e-06	0.0027606635071090045
E04	E06	8	311	95	49518	1.674647752920505e-07	5.924170616113744e-06	0.0027665876777251183
E73	K29	17	121	1514	49518	1.7959334720574227e-07	5.924170616113744e-06	0.002772511848341232
N84	N85	10	260	208	49518	1.8073439407963217e-07	5.924170616113744e-06	0.0027784360189573457
I10	M32	7	357	57	49518	1.8518058946294235e-07	5.924170616113744e-06	0.00278436018957346
K62	K92	8	154	195	49518	1.9987763957194828e-07	5.924170616113744e-06	0.0027902843601895736
N15	N39	8	21	1658	49518	2.1410189998069797e-07	5.924170616113744e-06	0.0027962085308056873
K63	K92	7	105	195	49518	2.1655937838675503e-07	5.924170616113744e-06	0.002802132701421801
F50	F61	7	448	47	49518	2.179178536726502e-07	5.924170616113744e-06	0.0028080568720379147
J18	J96	7	432	49	49518	2.2949988345023304e-07	5.924170616113744e-06	0.0028139810426540284
G44	M53	11	334	211	49518	2.3887085815251343e-07	5.924170616113744e-06	0.002819905213270142
N73	E28	15	493	288	49518	2.611764390802989e-07	5.924170616113744e-06	0.002825829383886256
D43	G40	7	34	652	49518	2.625164195747587e-07	5.924170616113744e-06	0.0028317535545023696
N62	L90	11	357	200	49518	2.7062389877285666e-07	5.924170616113744e-06	0.0028376777251184833
F17	F60	25	569	659	49518	2.7192155136676593e-07	5.924170616113744e-06	0.002843601895734597
K65	K66	7	78	277	49518	2.990580186727736e-07	5.924170616113744e-06	0.0028495260663507107
N73	A56	7	493	45	49518	3.040995218117188e-07	5.924170616113744e-06	0.0028554502369668245
N83	N99	11	1969	40	49518	3.042320793799302e-07	5.924170616113744e-06	0.002861374407582938
B18	F32	18	180	1176	49518	3.490053534396771e-07	5.924170616113744e-06	0.002867298578199052
J20	J45	12	203	442	49518	3.4920869284563387e-07	5.924170616113744e-06	0.0028732227488151656
G44	M54	24	334	1067	49518	3.609947460113827e-07	5.924170616113744e-06	0.0028791469194312793
E66	K44	21	912	312	49518	4.5479029567895654e-07	5.924170616113744e-06	0.0028850710900473935
N84	D25	10	260	231	49518	4.7470440938503417e-07	5.924170616113744e-06	0.002890995260663507
K21	K22	6	312	47	49518	5.152124414682201e-07	5.924170616113744e-06	0.002896919431279621
K22	K44	6	47	312	49518	5.152124414682201e-07	5.924170616113744e-06	0.0029028436018957346
D50	K25	8	499	70	49518	5.492001462361803e-07	5.924170616113744e-06	0.0029087677725118484
E66	I26	15	912	168	49518	6.012709001649908e-07	5.924170616113744e-06	0.002914691943127962
F17	J30	11	569	137	49518	6.020926249135331e-07	5.924170616113744e-06	0.002920616113744076
N18	N39	13	71	1658	49518	6.042397042160761e-07	5.924170616113744e-06	0.0029265402843601895
K01	K08	8	553	65	49518	6.641305690737902e-07	5.924170616113744e-06	0.0029324644549763032
N80	N85	19	1190	208	49518	8.05764572211787e-07	5.924170616113744e-06	0.002938388625592417
F10	K71	7	749	35	49518	8.195588933911438e-07	5.924170616113744e-06	0.0029443127962085307
E28	K66	11	288	277	49518	8.199123625127904e-07	5.924170616113744e-06	0.0029502369668246444
M23	M67	26	640	666	49518	8.446462633857545e-07	5.924170616113744e-06	0.002956161137440758
F17	I80	13	569	205	49518	8.795098351540893e-07	5.924170616113744e-06	0.002962085308056872
M22	M24	7	160	159	49518	9.521466075835614e-07	5.924170616113744e-06	0.0029680094786729855
E74	K58	6	62	261	49518	9.718065421956557e-07	5.924170616113744e-06	0.0029739336492890993
F60	G40	26	659	652	49518	9.795327411710928e-07	5.924170616113744e-06	0.002979857819905213
N91	F50	10	146	448	49518	9.84613813284624e-07	5.924170616113744e-06	0.002985781990521327
F41	F44	10	538	123	49518	1.0565345923345912e-06	5.924170616113744e-06	0.002991706161137441
F17	F61	7	569	47	49518	1.077015321126152e-06	5.924170616113744e-06	0.0029976303317535546
F17	M54	32	569	1067	49518	1.1340335587908188e-06	5.924170616113744e-06	0.0030035545023696683
N23	N30	9	273	188	49518	1.1624321253084314e-06	5.924170616113744e-06	0.003009478672985782
F15	F43	6	16	1183	49518	1.1973888866668331e-06	5.924170616113744e-06	0.0030154028436018957
K22	K29	10	47	1514	49518	1.279737716956829e-06	5.924170616113744e-06	0.0030213270142180094
F17	F19	17	569	362	49518	1.3252494544230056e-06	5.924170616113744e-06	0.003027251184834123
F17	F43	34	569	1183	49518	1.347259966382388e-06	5.924170616113744e-06	0.003033175355450237
K50	K62	9	342	154	49518	1.415724242710284e-06	5.924170616113744e-06	0.0030390995260663506
N84	N93	9	260	204	49518	1.5290975438454026e-06	5.924170616113744e-06	0.0030450236966824643
H90	H91	7	82	336	49518	1.5292854318279234e-06	5.924170616113744e-06	0.003050947867298578
N88	N91	6	119	146	49518	1.563016963067738e-06	5.924170616113744e-06	0.0030568720379146918
F17	I64	6	569	32	49518	1.576271470648017e-06	5.924170616113744e-06	0.0030627962085308055
K60	K92	8	203	195	49518	1.6178670620815485e-06	5.924170616113744e-06	0.003068720379146919
F32	L70	10	1176	61	49518	1.6519502455275102e-06	5.924170616113744e-06	0.003074644549763033
E87	A09	16	129	1482	49518	1.7010342933018322e-06	5.924170616113744e-06	0.0030805687203791466
G43	G45	8	592	69	49518	1.7544323112114068e-06	5.924170616113744e-06	0.003086492890995261
F45	M54	23	342	1067	49518	1.9496702144025498e-06	5.924170616113744e-06	0.0030924170616113745
D64	I82	6	201	92	49518	2.2138365938571808e-06	5.924170616113744e-06	0.0030983412322274882
N13	N26	6	627	31	49518	2.2632198400377025e-06	5.924170616113744e-06	0.003104265402843602
N31	K59	7	53	562	49518	2.2927311261124687e-06	5.924170616113744e-06	0.0031101895734597157
D64	I10	10	201	357	49518	2.3405486526755344e-06	5.924170616113744e-06	0.0031161137440758294
N75	N76	17	385	561	49518	2.5148031456282764e-06	5.924170616113744e-06	0.003122037914691943
E03	E78	13	341	375	49518	2.531592803715553e-06	5.924170616113744e-06	0.003127962085308057
F22	F43	7	27	1183	49518	2.550283502330347e-06	5.924170616113744e-06	0.0031338862559241705
K29	K92	20	1514	195	49518	2.664703923098789e-06	5.924170616113744e-06	0.0031398104265402843
F14	F43	8	38	1183	49518	2.681177340101458e-06	5.924170616113744e-06	0.003145734597156398
D10	K01	6	36	553	49518	2.766915120377962e-06	5.924170616113744e-06	0.0031516587677725117
I84	K29	27	322	1514	49518	2.777996379005142e-06	5.924170616113744e-06	0.0031575829383886254
E78	M54	24	375	1067	49518	2.782753559501102e-06	5.924170616113744e-06	0.003163507109004739
D64	I95	10	201	365	49518	2.848646323477555e-06	5.924170616113744e-06	0.003169431279620853
G56	M67	15	259	666	49518	2.8667366616746244e-06	5.924170616113744e-06	0.0031753554502369666
D27	K66	13	469	277	49518	2.9780762081433222e-06	5.924170616113744e-06	0.0031812796208530803
N91	F11	7	146	207	49518	2.989349196098681e-06	5.924170616113744e-06	0.0031872037914691944
N85	N91	7	208	146	49518	3.0858919419683643e-06	5.924170616113744e-06	0.003193127962085308
D68	I10	7	86	357	49518	3.146802264084208e-06	5.924170616113744e-06	0.003199052132701422
F17	F32	33	569	1176	49518	3.193666427151248e-06	5.924170616113744e-06	0.0032049763033175356
M47	M54	10	72	1067	49518	3.3125278488587706e-06	5.924170616113744e-06	0.0032109004739336493
G40	G81	6	652	32	49518	3.4482822247247887e-06	5.924170616113744e-06	0.003216824644549763
F29	F43	6	19	1183	49518	3.8150277335763725e-06	5.924170616113744e-06	0.0032227488151658767
N80	D25	19	1190	231	49518	3.843249966503818e-06	5.924170616113744e-06	0.0032286729857819905
J15	J18	7	74	432	49518	3.986338647720518e-06	5.924170616113744e-06	0.003234597156398104
K29	K63	14	1514	105	49518	4.0269948097607456e-06	5.924170616113744e-06	0.003240521327014218
G43	G97	7	592	55	49518	4.160192096299892e-06	5.924170616113744e-06	0.0032464454976303316
M41	M53	6	98	211	49518	4.233505095692268e-06	5.924170616113744e-06	0.0032523696682464453
D50	K44	14	499	312	49518	4.293231922251248e-06	5.924170616113744e-06	0.003258293838862559
E78	I80	10	375	205	49518	4.30771392727808e-06	5.924170616113744e-06	0.0032642180094786728
E14	I10	6	60	357	49518	4.855486373698489e-06	5.924170616113744e-06	0.0032701421800947865
I10	I82	7	357	92	49518	4.944394253118405e-06	5.924170616113744e-06	0.0032760663507109
B18	G40	12	180	652	49518	5.481008685957342e-06	5.924170616113744e-06	0.003281990521327014
N84	N86	8	260	180	49518	5.563101838180247e-06	5.924170616113744e-06	0.003287914691943128
F60	L30	9	659	96	49518	5.746255236240012e-06	5.924170616113744e-06	0.003293838862559242
