ICD1	ICD2	val11	occ1	occ2	NN	pval	bonf_thresh	fdr_thresh
E86	A08	1179	2088	7160	65352	0.0	3.952569169960475e-06	3.952569169960475e-06
H65	J35	5445	6931	13379	65352	0.0	3.952569169960475e-06	7.90513833992095e-06
K02	K04	514	2217	712	65352	0.0	3.952569169960475e-06	1.1857707509881424e-05
N13	N39	251	837	1220	65352	8.078138508465653e-230	3.952569169960475e-06	1.58102766798419e-05
E86	E87	258	2088	567	65352	3.7057126207112196e-229	3.952569169960475e-06	1.9762845849802375e-05
N47	N48	478	9399	753	65352	1.978876750174064e-212	3.952569169960475e-06	2.371541501976285e-05
E86	A09	664	2088	5825	65352	4.412008251119255e-200	3.952569169960475e-06	2.766798418972332e-05
J00	J20	600	2255	4638	65352	1.1203408650203961e-187	3.952569169960475e-06	3.16205533596838e-05
N43	K40	272	883	2494	65352	6.805258324671127e-167	3.952569169960475e-06	3.5573122529644274e-05
H50	H52	92	552	149	65352	3.128043108927061e-153	3.952569169960475e-06	3.952569169960475e-05
E87	A08	311	567	7160	65352	2.423784954149581e-146	3.952569169960475e-06	4.347826086956522e-05
J18	J20	606	2949	4638	65352	1.7248660149356844e-131	3.952569169960475e-06	4.74308300395257e-05
K02	K12	134	2217	332	65352	3.067736419443818e-106	3.952569169960475e-06	5.138339920948617e-05
N13	N28	65	837	111	65352	1.7632816500311181e-93	3.952569169960475e-06	5.533596837944664e-05
H65	H90	178	6931	321	65352	2.2234342045357386e-87	3.952569169960475e-06	5.928853754940712e-05
J18	J45	264	2949	1529	65352	2.4697682887547934e-80	3.952569169960475e-06	6.32411067193676e-05
A08	L22	269	7160	734	65352	1.1030866571014435e-75	3.952569169960475e-06	6.719367588932807e-05
G80	G82	40	142	140	65352	1.0561246071885506e-74	3.952569169960475e-06	7.114624505928855e-05
F41	K02	65	91	2217	65352	2.0972793636029767e-74	3.952569169960475e-06	7.509881422924902e-05
K02	K08	72	2217	119	65352	3.8128551557474295e-74	3.952569169960475e-06	7.90513833992095e-05
K04	K08	53	712	119	65352	1.6363160974331314e-71	3.952569169960475e-06	8.300395256916996e-05
G40	G41	54	1072	95	65352	7.552035196806219e-71	3.952569169960475e-06	8.695652173913044e-05
B37	J20	291	1306	4638	65352	3.903666594264413e-70	3.952569169960475e-06	9.090909090909092e-05
J30	J45	72	178	1529	65352	6.044436819343007e-69	3.952569169960475e-06	9.48616600790514e-05
F80	F83	52	352	275	65352	3.760283880946338e-64	3.952569169960475e-06	9.881422924901187e-05
F41	K04	45	91	712	65352	1.501832471797251e-63	3.952569169960475e-06	0.00010276679841897235
N10	N39	66	229	1220	65352	2.3708639808880597e-58	3.952569169960475e-06	0.00010671936758893282
K04	K05	40	712	78	65352	1.8472504024697002e-57	3.952569169960475e-06	0.00011067193675889329
J45	L20	103	1529	595	65352	3.498187986662891e-57	3.952569169960475e-06	0.00011462450592885376
H50	H53	36	552	72	65352	2.4171135550036353e-55	3.952569169960475e-06	0.00011857707509881424
F83	G40	65	275	1072	65352	6.1708010519141155e-55	3.952569169960475e-06	0.00012252964426877472
B37	L22	103	1306	734	65352	1.1129541319150964e-54	3.952569169960475e-06	0.0001264822134387352
J45	J46	50	1529	99	65352	2.1812971064679982e-54	3.952569169960475e-06	0.00013043478260869567
H66	J00	230	2143	2255	65352	6.885051932318003e-53	3.952569169960475e-06	0.00013438735177865614
J15	J20	190	784	4638	65352	9.530811509250854e-52	3.952569169960475e-06	0.00013833992094861662
H66	J20	355	2143	4638	65352	1.5375769855581534e-51	3.952569169960475e-06	0.0001422924901185771
K02	K05	48	2217	78	65352	2.2633030580320333e-50	3.952569169960475e-06	0.00014624505928853757
B37	A08	333	1306	7160	65352	3.2999286992587826e-50	3.952569169960475e-06	0.00015019762845849805
K04	K12	57	712	332	65352	6.7048198274705e-50	3.952569169960475e-06	0.00015415019762845853
M21	M24	20	97	36	65352	2.3620961082119713e-48	3.952569169960475e-06	0.000158102766798419
J00	J18	269	2255	2949	65352	3.1252213476478935e-48	3.952569169960475e-06	0.00016205533596837945
N10	N13	50	229	837	65352	6.388336762903192e-46	3.952569169960475e-06	0.00016600790513833993
H90	H91	34	321	165	65352	6.484403145179743e-45	3.952569169960475e-06	0.0001699604743083004
K40	K42	93	2494	413	65352	3.52076810896461e-44	3.952569169960475e-06	0.00017391304347826088
F90	F91	30	336	107	65352	1.2791633146805742e-43	3.952569169960475e-06	0.00017786561264822136
G40	G82	43	1072	140	65352	3.8760794406039396e-42	3.952569169960475e-06	0.00018181818181818183
H90	J35	176	321	13379	65352	6.666149309634288e-42	3.952569169960475e-06	0.0001857707509881423
F80	F82	32	352	151	65352	1.979418904036942e-41	3.952569169960475e-06	0.0001897233201581028
J00	L22	114	2255	734	65352	2.6286182647240624e-41	3.952569169960475e-06	0.00019367588932806326
C91	D61	18	73	54	65352	7.030079542826142e-41	3.952569169960475e-06	0.00019762845849802374
B37	J00	155	1306	2255	65352	7.324994103477971e-41	3.952569169960475e-06	0.00020158102766798422
H10	J20	146	596	4638	65352	1.3273769776131039e-40	3.952569169960475e-06	0.0002055335968379447
F41	K05	20	91	78	65352	1.4723798367405774e-40	3.952569169960475e-06	0.00020948616600790517
H10	J00	101	596	2255	65352	4.238096061016562e-40	3.952569169960475e-06	0.00021343873517786565
E10	E14	19	129	47	65352	6.776623130403028e-40	3.952569169960475e-06	0.00021739130434782612
J12	J20	93	267	4638	65352	1.0969142175125449e-39	3.952569169960475e-06	0.00022134387351778657
H66	J06	212	2143	2384	65352	1.606830844936483e-39	3.952569169960475e-06	0.00022529644268774705
J18	J44	187	2949	1421	65352	2.5320551093601575e-39	3.952569169960475e-06	0.00022924901185770752
H52	H53	21	149	72	65352	5.273939805925035e-39	3.952569169960475e-06	0.000233201581027668
J20	J31	167	4638	771	65352	6.835833300788509e-39	3.952569169960475e-06	0.00023715415019762848
F81	F90	25	75	336	65352	1.0062361565092353e-38	3.952569169960475e-06	0.00024110671936758895
G51	A69	19	110	62	65352	1.5419856475134852e-38	3.952569169960475e-06	0.00024505928853754943
C71	D43	15	53	36	65352	2.6603284025547993e-38	3.952569169960475e-06	0.00024901185770750993
J20	L22	161	4638	734	65352	3.052425346687896e-38	3.952569169960475e-06	0.0002529644268774704
L22	A09	183	734	5825	65352	4.3948111937319436e-38	3.952569169960475e-06	0.00025691699604743083
H66	J03	191	2143	2095	65352	4.706001600435597e-37	3.952569169960475e-06	0.00026086956521739134
F80	F81	24	352	75	65352	3.224806990100925e-36	3.952569169960475e-06	0.0002648221343873518
J05	J31	43	274	771	65352	1.0126225007115492e-34	3.952569169960475e-06	0.0002687747035573123
H66	J18	231	2143	2949	65352	1.6229120552516003e-34	3.952569169960475e-06	0.00027272727272727274
G82	G93	21	140	124	65352	4.56802553442473e-34	3.952569169960475e-06	0.00027667984189723324
G82	M62	18	140	65	65352	1.3246467909587282e-33	3.952569169960475e-06	0.0002806324110671937
N28	N39	35	111	1220	65352	4.444770980671377e-33	3.952569169960475e-06	0.0002845849802371542
B37	J31	79	1306	771	65352	2.525917443543814e-32	3.952569169960475e-06	0.00028853754940711464
H73	J00	45	138	2255	65352	2.2851856503583516e-31	3.952569169960475e-06	0.00029249011857707515
J18	J90	35	2949	61	65352	2.5446386519605993e-31	3.952569169960475e-06	0.0002964426877470356
H61	J35	142	271	13379	65352	2.7731569440458836e-31	3.952569169960475e-06	0.0003003952569169961
D61	D69	19	54	305	65352	4.623684790637556e-31	3.952569169960475e-06	0.00030434782608695655
G40	G93	33	1072	124	65352	2.3635299842084163e-30	3.952569169960475e-06	0.00030830039525691705
K35	K65	18	847	23	65352	2.8182184505646227e-30	3.952569169960475e-06	0.0003122529644268775
F90	F98	29	336	262	65352	1.2819286895145184e-29	3.952569169960475e-06	0.000316205533596838
G80	M62	16	142	65	65352	6.096274333155355e-29	3.952569169960475e-06	0.00032015810276679845
K60	K61	17	119	103	65352	8.129225029680479e-29	3.952569169960475e-06	0.0003241106719367589
B37	H66	129	1306	2143	65352	1.859554659171764e-28	3.952569169960475e-06	0.0003280632411067194
G40	G80	33	1072	142	65352	2.993136385417548e-28	3.952569169960475e-06	0.00033201581027667986
B37	A09	242	1306	5825	65352	4.7291154109571035e-28	3.952569169960475e-06	0.00033596837944664036
E87	A09	138	567	5825	65352	6.260953792020856e-28	3.952569169960475e-06	0.0003399209486166008
K02	K10	26	2217	43	65352	1.2988568766441994e-27	3.952569169960475e-06	0.0003438735177865613
N12	N39	24	58	1220	65352	1.802639864656965e-26	3.952569169960475e-06	0.00034782608695652176
K10	K12	16	43	332	65352	3.2021072461109344e-26	3.952569169960475e-06	0.00035177865612648227
H66	H70	30	2143	70	65352	3.7847991533137273e-26	3.952569169960475e-06	0.0003557312252964427
J44	J45	107	1421	1529	65352	6.068904862028023e-26	3.952569169960475e-06	0.0003596837944664032
N39	B96	23	1220	55	65352	1.4834249972560338e-25	3.952569169960475e-06	0.00036363636363636367
J96	J98	31	240	628	65352	2.1095067547598503e-25	3.952569169960475e-06	0.00036758893280632417
B37	H10	61	1306	596	65352	3.368892713851066e-25	3.952569169960475e-06	0.0003715415019762846
G47	J96	25	342	240	65352	7.870866970573535e-25	3.952569169960475e-06	0.0003754940711462451
M13	M25	16	157	102	65352	8.905337982799334e-25	3.952569169960475e-06	0.0003794466403162056
D69	D70	19	305	109	65352	1.5992816087948374e-24	3.952569169960475e-06	0.000383399209486166
K59	K60	27	952	119	65352	2.0756097755142122e-24	3.952569169960475e-06	0.00038735177865612653
D50	J20	130	693	4638	65352	2.225958894620614e-24	3.952569169960475e-06	0.000391304347826087
N39	A41	40	1220	273	65352	9.946402999896916e-24	3.952569169960475e-06	0.0003952569169960475
G81	I63	10	79	25	65352	1.1862248050160766e-23	3.952569169960475e-06	0.00039920948616600793
F92	F98	14	43	262	65352	1.377843735648468e-23	3.952569169960475e-06	0.00040316205533596843
F81	F98	16	75	262	65352	1.9387457727525147e-23	3.952569169960475e-06	0.0004071146245059289
F83	F98	23	275	262	65352	2.1686558588943313e-23	3.952569169960475e-06	0.0004110671936758894
F83	G82	19	275	140	65352	3.3267172020331026e-23	3.952569169960475e-06	0.00041501976284584984
H05	J01	14	71	162	65352	3.9652962763541486e-23	3.952569169960475e-06	0.00041897233201581034
J20	J44	206	4638	1421	65352	1.1436234522424224e-22	3.952569169960475e-06	0.0004229249011857708
J18	J98	91	2949	628	65352	1.3252735115707945e-22	3.952569169960475e-06	0.0004268774703557313
B37	J98	59	1306	628	65352	1.5587810568050592e-22	3.952569169960475e-06	0.00043083003952569174
F91	F98	17	107	262	65352	1.7753269957853575e-22	3.952569169960475e-06	0.00043478260869565224
J12	J21	33	267	854	65352	3.6174971628873667e-22	3.952569169960475e-06	0.0004387351778656127
F80	F90	26	352	336	65352	4.011043540447351e-22	3.952569169960475e-06	0.00044268774703557314
J00	J40	71	2255	536	65352	4.669998750308983e-22	3.952569169960475e-06	0.00044664031620553365
J20	J45	214	4638	1529	65352	1.3002524102370333e-21	3.952569169960475e-06	0.0004505928853754941
C91	A41	15	73	273	65352	1.634579030866605e-21	3.952569169960475e-06	0.0004545454545454546
H66	H92	27	2143	74	65352	1.9015185271919634e-21	3.952569169960475e-06	0.00045849802371541505
F82	F98	18	151	262	65352	2.2318952606724808e-21	3.952569169960475e-06	0.00046245059288537555
H10	H66	72	596	2143	65352	2.93263137039903e-21	3.952569169960475e-06	0.000466403162055336
F81	F82	13	75	151	65352	3.528781819154678e-21	3.952569169960475e-06	0.0004703557312252965
E23	E34	12	40	206	65352	3.595232078813708e-21	3.952569169960475e-06	0.00047430830039525695
C91	D70	12	73	109	65352	4.186557577976115e-21	3.952569169960475e-06	0.00047826086956521746
B37	J21	67	1306	854	65352	4.2211332767628224e-21	3.952569169960475e-06	0.0004822134387351779
B97	J20	39	92	4638	65352	4.4236967198213225e-21	3.952569169960475e-06	0.0004861660079051384
B37	J18	140	1306	2949	65352	4.74043475606146e-21	3.952569169960475e-06	0.0004901185770750989
F80	F98	23	352	262	65352	5.972875208523328e-21	3.952569169960475e-06	0.0004940711462450594
K04	K10	16	712	43	65352	6.7301017244494834e-21	3.952569169960475e-06	0.0004980237154150199
D61	D70	11	54	109	65352	1.4893446578368035e-20	3.952569169960475e-06	0.0005019762845849803
J00	A08	391	2255	7160	65352	1.7717383462610515e-20	3.952569169960475e-06	0.0005059288537549408
H66	J22	67	2143	545	65352	2.7366528294905466e-20	3.952569169960475e-06	0.0005098814229249013
H66	A08	374	2143	7160	65352	4.157818762513216e-20	3.952569169960475e-06	0.0005138339920948617
N13	N26	15	837	34	65352	5.3529623845087955e-20	3.952569169960475e-06	0.0005177865612648222
C91	C95	7	73	9	65352	5.798377113526746e-20	3.952569169960475e-06	0.0005217391304347827
G31	G40	16	35	1072	65352	7.464456510412751e-20	3.952569169960475e-06	0.0005256916996047432
C47	C74	6	7	35	65352	1.0499606443942496e-19	3.952569169960475e-06	0.0005296442687747036
D33	D43	7	17	36	65352	1.6014441643144185e-19	3.952569169960475e-06	0.0005335968379446641
F91	F92	10	107	43	65352	1.6465894418593198e-19	3.952569169960475e-06	0.0005375494071146246
H66	A09	317	2143	5825	65352	1.714527380335598e-19	3.952569169960475e-06	0.0005415019762845851
K61	L02	15	103	259	65352	1.856877063587689e-19	3.952569169960475e-06	0.0005454545454545455
N10	A41	19	229	273	65352	3.987014107851438e-19	3.952569169960475e-06	0.000549407114624506
H50	H51	10	552	13	65352	4.764269067259224e-19	3.952569169960475e-06	0.0005533596837944665
C91	D69	14	73	305	65352	4.975226387894878e-19	3.952569169960475e-06	0.000557312252964427
F81	F91	11	75	107	65352	5.989584312290518e-19	3.952569169960475e-06	0.0005612648221343874
J15	J90	17	784	61	65352	6.107837037543144e-19	3.952569169960475e-06	0.0005652173913043479
H73	J02	23	138	850	65352	7.062086611078968e-19	3.952569169960475e-06	0.0005691699604743084
H05	J32	10	71	78	65352	1.401454140071629e-18	3.952569169960475e-06	0.0005731225296442688
J00	J12	45	2255	267	65352	1.521029585466227e-18	3.952569169960475e-06	0.0005770750988142293
J18	L22	92	2949	734	65352	1.566976008775388e-18	3.952569169960475e-06	0.0005810276679841898
H66	J02	83	2143	850	65352	1.9395221548889784e-18	3.952569169960475e-06	0.0005849802371541503
F83	G80	16	275	142	65352	2.1042473087023108e-18	3.952569169960475e-06	0.0005889328063241107
F83	F90	21	275	336	65352	2.114545346616813e-18	3.952569169960475e-06	0.0005928853754940712
N44	N45	13	155	117	65352	2.250310307737017e-18	3.952569169960475e-06	0.0005968379446640317
F84	F89	12	114	115	65352	2.3193475596011743e-18	3.952569169960475e-06	0.0006007905138339922
H10	J06	71	596	2384	65352	3.6952513673071374e-18	3.952569169960475e-06	0.0006047430830039526
C72	D43	6	10	36	65352	3.775348255668938e-18	3.952569169960475e-06	0.0006086956521739131
K05	K12	14	78	332	65352	4.424780956651254e-18	3.952569169960475e-06	0.0006126482213438736
J00	J04	146	2255	1963	65352	5.398534570754376e-18	3.952569169960475e-06	0.0006166007905138341
J20	L20	105	4638	595	65352	5.417401787133301e-18	3.952569169960475e-06	0.0006205533596837945
K21	K44	10	381	20	65352	7.06903845033199e-18	3.952569169960475e-06	0.000624505928853755
N13	N32	13	837	28	65352	7.137709652485894e-18	3.952569169960475e-06	0.0006284584980237155
A39	G01	6	46	9	65352	7.262171816433232e-18	3.952569169960475e-06	0.000632411067193676
L01	B00	20	149	586	65352	8.821565443227704e-18	3.952569169960475e-06	0.0006363636363636364
J31	J44	61	771	1421	65352	9.19536017239597e-18	3.952569169960475e-06	0.0006403162055335969
L01	L20	20	149	595	65352	1.1822544091981676e-17	3.952569169960475e-06	0.0006442687747035574
G40	G91	25	1072	160	65352	2.488506550621e-17	3.952569169960475e-06	0.0006482213438735178
D16	M85	7	45	27	65352	3.950256917655612e-17	3.952569169960475e-06	0.0006521739130434783
D70	A41	14	109	273	65352	3.964185955297101e-17	3.952569169960475e-06	0.0006561264822134388
N10	B96	11	229	55	65352	8.019996561200494e-17	3.952569169960475e-06	0.0006600790513833993
J02	A09	152	850	5825	65352	1.0610620842125345e-16	3.952569169960475e-06	0.0006640316205533597
J00	J03	149	2255	2095	65352	1.1444854741817635e-16	3.952569169960475e-06	0.0006679841897233202
I88	J03	57	495	2095	65352	1.29164239748575e-16	3.952569169960475e-06	0.0006719367588932807
J03	L04	42	2095	281	65352	1.3683863331264363e-16	3.952569169960475e-06	0.0006758893280632412
G44	H81	7	94	17	65352	1.9484770466166825e-16	3.952569169960475e-06	0.0006798418972332016
J04	J20	239	1963	4638	65352	2.1204760826397355e-16	3.952569169960475e-06	0.0006837944664031621
M08	M13	9	37	157	65352	2.4808306246481066e-16	3.952569169960475e-06	0.0006877470355731226
J00	A09	317	2255	5825	65352	2.5191585902453525e-16	3.952569169960475e-06	0.0006916996047430831
F43	F83	16	194	275	65352	3.250391444316808e-16	3.952569169960475e-06	0.0006956521739130435
G91	G93	12	160	124	65352	3.83201043410409e-16	3.952569169960475e-06	0.000699604743083004
N12	N13	15	58	837	65352	6.456675085073361e-16	3.952569169960475e-06	0.0007035573122529645
G40	G81	18	1072	79	65352	6.913306114945439e-16	3.952569169960475e-06	0.0007075098814229249
H66	J11	41	2143	275	65352	7.365178959449363e-16	3.952569169960475e-06	0.0007114624505928854
G57	M21	6	9	97	65352	7.646008594711649e-16	3.952569169960475e-06	0.0007154150197628459
J06	A08	388	2384	7160	65352	8.072147969710688e-16	3.952569169960475e-06	0.0007193675889328064
F43	F80	17	194	352	65352	8.264526088095723e-16	3.952569169960475e-06	0.0007233201581027668
F82	G40	23	151	1072	65352	8.277515692110632e-16	3.952569169960475e-06	0.0007272727272727273
F80	H91	16	352	165	65352	1.1750430496103707e-15	3.952569169960475e-06	0.0007312252964426878
J00	J21	80	2255	854	65352	1.4203319153908906e-15	3.952569169960475e-06	0.0007351778656126483
G80	G81	10	142	79	65352	2.1541511448538894e-15	3.952569169960475e-06	0.0007391304347826087
H10	J31	36	596	771	65352	2.6084111338503535e-15	3.952569169960475e-06	0.0007430830039525692
H52	H55	8	149	30	65352	3.385473413889273e-15	3.952569169960475e-06	0.0007470355731225297
H66	J31	72	2143	771	65352	3.5194217450927815e-15	3.952569169960475e-06	0.0007509881422924902
F84	G40	20	114	1072	65352	3.760385944056293e-15	3.952569169960475e-06	0.0007549407114624506
F83	H52	14	275	149	65352	3.829323617617913e-15	3.952569169960475e-06	0.0007588932806324111
E86	J06	150	2088	2384	65352	3.977385489947902e-15	3.952569169960475e-06	0.0007628458498023717
F89	G40	20	115	1072	65352	4.482389819595255e-15	3.952569169960475e-06	0.000766798418972332
B97	J21	17	92	854	65352	4.566924751156934e-15	3.952569169960475e-06	0.0007707509881422926
F82	F83	14	151	275	65352	4.620486028241732e-15	3.952569169960475e-06	0.0007747035573122531
J02	J03	75	850	2095	65352	5.74439836521672e-15	3.952569169960475e-06	0.0007786561264822136
G91	I61	8	160	31	65352	8.131896455153176e-15	3.952569169960475e-06	0.000782608695652174
L20	L30	18	595	158	65352	9.481272746183114e-15	3.952569169960475e-06	0.0007865612648221345
B27	L04	15	199	281	65352	1.455728179760443e-14	3.952569169960475e-06	0.000790513833992095
J31	K52	48	771	1095	65352	1.463344607258367e-14	3.952569169960475e-06	0.0007944664031620555
D63	D70	6	12	109	65352	1.7157662517168394e-14	3.952569169960475e-06	0.0007984189723320159
N39	B37	69	1220	1306	65352	2.3038700998990406e-14	3.952569169960475e-06	0.0008023715415019764
K00	K01	8	122	46	65352	2.8716470543964447e-14	3.952569169960475e-06	0.0008063241106719369
J06	J18	190	2384	2949	65352	2.949823882175987e-14	3.952569169960475e-06	0.0008102766798418974
D63	D69	7	12	305	65352	3.4942427681175174e-14	3.952569169960475e-06	0.0008142292490118578
N35	N36	8	121	48	65352	3.8706099994441057e-14	3.952569169960475e-06	0.0008181818181818183
D50	A09	124	693	5825	65352	6.446657970098727e-14	3.952569169960475e-06	0.0008221343873517788
D50	A08	143	693	7160	65352	7.233707871964123e-14	3.952569169960475e-06	0.0008260869565217392
J00	J38	79	2255	901	65352	7.312004814099608e-14	3.952569169960475e-06	0.0008300395256916997
F83	F84	12	275	114	65352	9.14038564954632e-14	3.952569169960475e-06	0.0008339920948616602
J15	J45	57	784	1529	65352	9.20457337395802e-14	3.952569169960475e-06	0.0008379446640316207
H66	L22	67	2143	734	65352	9.283909779632541e-14	3.952569169960475e-06	0.0008418972332015811
F79	G40	13	42	1072	65352	9.528124280338902e-14	3.952569169960475e-06	0.0008458498023715416
C71	G93	8	53	124	65352	1.1018335697980035e-13	3.952569169960475e-06	0.0008498023715415021
K55	K56	6	7	335	65352	1.2091542371208556e-13	3.952569169960475e-06	0.0008537549407114626
J20	A08	664	4638	7160	65352	1.3732809379277892e-13	3.952569169960475e-06	0.000857707509881423
H10	J18	71	596	2949	65352	1.5586023979193844e-13	3.952569169960475e-06	0.0008616600790513835
G91	H35	9	160	71	65352	1.6460849947093756e-13	3.952569169960475e-06	0.000865612648221344
G91	G97	6	160	12	65352	1.7884626081836764e-13	3.952569169960475e-06	0.0008695652173913045
B95	L08	7	39	98	65352	2.0265540476150158e-13	3.952569169960475e-06	0.0008735177865612649
I88	K56	21	495	335	65352	2.3596558489846157e-13	3.952569169960475e-06	0.0008774703557312254
K21	K22	9	381	33	65352	2.4131715818101124e-13	3.952569169960475e-06	0.0008814229249011859
F40	K02	11	16	2217	65352	2.495724791396612e-13	3.952569169960475e-06	0.0008853754940711463
J02	J20	121	850	4638	65352	2.5144605276613735e-13	3.952569169960475e-06	0.0008893280632411068
F70	F83	8	28	275	65352	2.564780182318798e-13	3.952569169960475e-06	0.0008932806324110673
K60	K62	8	119	64	65352	3.8669562602984613e-13	3.952569169960475e-06	0.0008972332015810278
F50	B00	17	173	586	65352	4.76314574347067e-13	3.952569169960475e-06	0.0009011857707509882
J20	J98	97	4638	628	65352	4.87462398087645e-13	3.952569169960475e-06	0.0009051383399209487
E87	J96	19	567	240	65352	5.633642163900785e-13	3.952569169960475e-06	0.0009090909090909092
H10	L22	32	596	734	65352	5.894002617730263e-13	3.952569169960475e-06	0.0009130434782608697
D43	G93	7	36	124	65352	5.946088761144927e-13	3.952569169960475e-06	0.0009169960474308301
J20	J21	120	4638	854	65352	7.687179243449355e-13	3.952569169960475e-06	0.0009209486166007906
F80	F91	12	352	107	65352	7.748918188840345e-13	3.952569169960475e-06	0.0009249011857707511
F90	F92	9	336	43	65352	1.0905186226555424e-12	3.952569169960475e-06	0.0009288537549407116
J30	J44	24	178	1421	65352	1.3813625104178928e-12	3.952569169960475e-06	0.000932806324110672
D61	A41	9	54	273	65352	1.5313934507781657e-12	3.952569169960475e-06	0.0009367588932806325
G81	M62	7	79	65	65352	1.889738657251222e-12	3.952569169960475e-06	0.000940711462450593
E73	E74	6	48	51	65352	1.9930013566238633e-12	3.952569169960475e-06	0.0009446640316205535
B27	J03	30	199	2095	65352	2.268510285199032e-12	3.952569169960475e-06	0.0009486166007905139
C64	A41	7	21	273	65352	2.273035552786313e-12	3.952569169960475e-06	0.0009525691699604744
E86	L22	63	2088	734	65352	2.423442609266361e-12	3.952569169960475e-06	0.0009565217391304349
F90	F95	9	336	49	65352	3.866892267271865e-12	3.952569169960475e-06	0.0009604743083003953
H60	H66	24	128	2143	65352	4.774846464724078e-12	3.952569169960475e-06	0.0009644268774703558
F89	G80	9	115	142	65352	4.8287649036557454e-12	3.952569169960475e-06	0.0009683794466403163
H73	J20	36	138	4638	65352	5.394318836856174e-12	3.952569169960475e-06	0.0009723320158102768
B37	B99	52	1306	877	65352	6.660985488090548e-12	3.952569169960475e-06	0.0009762845849802372
N13	K21	26	837	381	65352	7.804275192758804e-12	3.952569169960475e-06	0.0009802371541501977
F43	F94	7	194	34	65352	9.157076570606104e-12	3.952569169960475e-06	0.0009841897233201582
B37	J44	70	1306	1421	65352	9.266502970468009e-12	3.952569169960475e-06	0.0009881422924901187
J18	J46	24	2949	99	65352	1.0523364440393764e-11	3.952569169960475e-06	0.0009920948616600792
B37	J06	99	1306	2384	65352	1.0536787423556231e-11	3.952569169960475e-06	0.0009960474308300397
F83	G41	10	275	95	65352	1.0899774896668753e-11	3.952569169960475e-06	0.001
F81	F92	6	75	43	65352	1.0974374268722959e-11	3.952569169960475e-06	0.0010039525691699605
G82	G83	6	140	24	65352	1.1309517156246986e-11	3.952569169960475e-06	0.001007905138339921
H69	J35	26	35	13379	65352	1.1892275975020896e-11	3.952569169960475e-06	0.0010118577075098815
G31	G41	6	35	95	65352	1.2606789989448267e-11	3.952569169960475e-06	0.001015810276679842
K05	K10	6	78	43	65352	1.3978390831540182e-11	3.952569169960475e-06	0.0010197628458498025
N13	N25	9	837	25	65352	1.5111911425874515e-11	3.952569169960475e-06	0.001023715415019763
J69	J96	9	78	240	65352	1.5289380169305877e-11	3.952569169960475e-06	0.0010276679841897233
N11	N39	8	13	1220	65352	1.708043379148481e-11	3.952569169960475e-06	0.0010316205533596838
J21	J44	53	854	1421	65352	1.72810025661922e-11	3.952569169960475e-06	0.0010355731225296443
J18	J40	62	2949	536	65352	1.830776672406636e-11	3.952569169960475e-06	0.0010395256916996048
B99	J40	31	877	536	65352	1.842947039715515e-11	3.952569169960475e-06	0.0010434782608695653
D50	K90	14	693	112	65352	1.8464036575215824e-11	3.952569169960475e-06	0.0010474308300395258
J18	J96	38	2949	240	65352	1.8497429697321725e-11	3.952569169960475e-06	0.0010513833992094863
J44	J98	44	1421	628	65352	1.9305592606224416e-11	3.952569169960475e-06	0.0010553359683794469
F83	H54	6	275	15	65352	2.5485064378927213e-11	3.952569169960475e-06	0.0010592885375494071
D50	J18	73	693	2949	65352	2.7285174525632492e-11	3.952569169960475e-06	0.0010632411067193676
N31	N39	13	56	1220	65352	2.8237778534592972e-11	3.952569169960475e-06	0.0010671936758893281
H10	J21	32	596	854	65352	3.0005727061887615e-11	3.952569169960475e-06	0.0010711462450592887
F43	F90	13	194	336	65352	3.546442720952166e-11	3.952569169960475e-06	0.0010750988142292492
J69	K21	10	78	381	65352	3.567371922937246e-11	3.952569169960475e-06	0.0010790513833992097
G03	G51	8	120	110	65352	3.5727174659109266e-11	3.952569169960475e-06	0.0010830039525691702
F81	F83	9	75	275	65352	3.575221446749689e-11	3.952569169960475e-06	0.0010869565217391304
F83	F91	10	275	107	65352	3.6260535444262207e-11	3.952569169960475e-06	0.001090909090909091
F80	F89	11	352	115	65352	4.0904287234672563e-11	3.952569169960475e-06	0.0010948616600790515
F70	F82	6	28	151	65352	4.972673878825012e-11	3.952569169960475e-06	0.001098814229249012
A41	G00	8	273	52	65352	5.370639816077603e-11	3.952569169960475e-06	0.0011027667984189725
C71	G91	7	53	160	65352	6.476631256597792e-11	3.952569169960475e-06	0.001106719367588933
B96	A41	8	55	273	65352	8.59590806797056e-11	3.952569169960475e-06	0.0011106719367588935
J40	J44	39	536	1421	65352	8.841266966416511e-11	3.952569169960475e-06	0.001114624505928854
N11	N13	7	13	837	65352	8.848863963811328e-11	3.952569169960475e-06	0.0011185770750988143
B37	B00	39	1306	586	65352	1.0542377796691968e-10	3.952569169960475e-06	0.0011225296442687748
B37	D50	43	1306	693	65352	1.0801466803695527e-10	3.952569169960475e-06	0.0011264822134387353
D64	J18	44	326	2949	65352	1.1510377995975207e-10	3.952569169960475e-06	0.0011304347826086958
H50	H55	8	552	30	65352	1.2245124463777034e-10	3.952569169960475e-06	0.0011343873517786563
H65	H92	29	6931	74	65352	1.2989304074507632e-10	3.952569169960475e-06	0.0011383399209486168
B37	B08	44	1306	725	65352	1.3258349506496705e-10	3.952569169960475e-06	0.0011422924901185773
B27	L27	8	199	80	65352	1.5415844933023357e-10	3.952569169960475e-06	0.0011462450592885376
H49	H50	8	31	552	65352	1.6382380629635288e-10	3.952569169960475e-06	0.001150197628458498
J31	J45	50	771	1529	65352	1.7261603422135347e-10	3.952569169960475e-06	0.0011541501976284586
F89	G82	8	115	140	65352	1.7666648593593685e-10	3.952569169960475e-06	0.001158102766798419
E86	B00	51	2088	586	65352	1.7714064366500954e-10	3.952569169960475e-06	0.0011620553359683796
H65	H74	17	6931	28	65352	1.8042019363236475e-10	3.952569169960475e-06	0.00116600790513834
B37	J22	37	1306	545	65352	1.8146300602373037e-10	3.952569169960475e-06	0.0011699604743083006
M21	M65	8	97	167	65352	1.8289543257158114e-10	3.952569169960475e-06	0.001173913043478261
M00	M13	6	33	157	65352	1.8326889431516708e-10	3.952569169960475e-06	0.0011778656126482214
H47	H52	6	35	149	65352	1.950378211278485e-10	3.952569169960475e-06	0.0011818181818181819
J03	B00	51	2095	586	65352	1.987379969724008e-10	3.952569169960475e-06	0.0011857707509881424
B34	J20	112	849	4638	65352	2.1364973681821316e-10	3.952569169960475e-06	0.0011897233201581029
K00	K10	6	122	43	65352	2.1532999475394628e-10	3.952569169960475e-06	0.0011936758893280634
B37	L21	14	1306	74	65352	2.261702284445339e-10	3.952569169960475e-06	0.001197628458498024
N10	N28	9	229	111	65352	2.520755221313886e-10	3.952569169960475e-06	0.0012015810276679844
K02	K03	8	2217	11	65352	2.609138329632669e-10	3.952569169960475e-06	0.0012055335968379447
F83	H50	17	275	552	65352	2.9932016286028116e-10	3.952569169960475e-06	0.0012094861660079052
N13	N18	7	837	15	65352	3.2450522043931816e-10	3.952569169960475e-06	0.0012134387351778657
J21	J31	35	854	771	65352	3.3965860335214484e-10	3.952569169960475e-06	0.0012173913043478262
N13	N20	9	837	34	65352	3.500052367246393e-10	3.952569169960475e-06	0.0012213438735177867
D50	H66	57	693	2143	65352	3.5518509708764113e-10	3.952569169960475e-06	0.0012252964426877472
F80	G80	11	352	142	65352	4.027035510882236e-10	3.952569169960475e-06	0.0012292490118577077
F79	G82	6	42	140	65352	4.270499441435457e-10	3.952569169960475e-06	0.0012332015810276682
N20	N39	10	34	1220	65352	4.327650564757079e-10	3.952569169960475e-06	0.0012371541501976285
F50	A09	43	173	5825	65352	4.696610950168953e-10	3.952569169960475e-06	0.001241106719367589
F82	F90	11	151	336	65352	4.770088999116304e-10	3.952569169960475e-06	0.0012450592885375495
E16	E87	10	69	567	65352	4.801356294832695e-10	3.952569169960475e-06	0.00124901185770751
J44	L20	40	1421	595	65352	5.261256391760014e-10	3.952569169960475e-06	0.0012529644268774705
B37	L20	38	1306	595	65352	5.815281216301468e-10	3.952569169960475e-06	0.001256916996047431
J21	J96	19	854	240	65352	5.922741947797804e-10	3.952569169960475e-06	0.0012608695652173915
H66	H72	12	2143	35	65352	6.206763431261387e-10	3.952569169960475e-06	0.001264822134387352
N45	N50	7	117	99	65352	6.384591175499304e-10	3.952569169960475e-06	0.0012687747035573123
H73	A09	37	138	5825	65352	7.723238514654926e-10	3.952569169960475e-06	0.0012727272727272728
H66	J44	92	2143	1421	65352	8.023062463029073e-10	3.952569169960475e-06	0.0012766798418972333
K40	K46	13	2494	39	65352	1.1310820804708723e-09	3.952569169960475e-06	0.0012806324110671938
B37	J12	24	1306	267	65352	1.2722391038313063e-09	3.952569169960475e-06	0.0012845849802371543
J03	J18	155	2095	2949	65352	1.5168641923478142e-09	3.952569169960475e-06	0.0012885375494071148
B99	H66	65	877	2143	65352	1.5179178119539806e-09	3.952569169960475e-06	0.0012924901185770753
F82	G82	8	151	140	65352	1.5543151525739007e-09	3.952569169960475e-06	0.0012964426877470356
A04	E86	31	275	2088	65352	1.6267253530007401e-09	3.952569169960475e-06	0.0013003952569169961
K56	K65	6	335	23	65352	1.6272147914563936e-09	3.952569169960475e-06	0.0013043478260869566
F83	F89	9	275	115	65352	1.7289562116904394e-09	3.952569169960475e-06	0.0013083003952569171
E63	E87	6	15	567	65352	1.9456735055968846e-09	3.952569169960475e-06	0.0013122529644268776
B34	D70	13	849	109	65352	2.0399558202515316e-09	3.952569169960475e-06	0.0013162055335968381
J44	K21	30	1421	381	65352	2.0701158463121627e-09	3.952569169960475e-06	0.0013201581027667986
B37	K52	54	1306	1095	65352	2.139010489650288e-09	3.952569169960475e-06	0.0013241106719367591
G80	M21	7	142	97	65352	2.148918160784684e-09	3.952569169960475e-06	0.0013280632411067194
J15	J44	46	784	1421	65352	2.1741064391469753e-09	3.952569169960475e-06	0.00133201581027668
D50	J00	57	693	2255	65352	2.234719774207644e-09	3.952569169960475e-06	0.0013359683794466404
N13	N31	10	837	56	65352	2.3567724393578043e-09	3.952569169960475e-06	0.001339920948616601
G82	G91	8	140	160	65352	2.456684150347557e-09	3.952569169960475e-06	0.0013438735177865614
D50	J15	30	693	784	65352	2.6117646484761153e-09	3.952569169960475e-06	0.001347826086956522
G80	G91	8	142	160	65352	2.748562163978914e-09	3.952569169960475e-06	0.0013517786561264824
F89	G93	7	115	124	65352	2.7575598899130553e-09	3.952569169960475e-06	0.0013557312252964427
E75	G40	7	16	1072	65352	3.1513690311547736e-09	3.952569169960475e-06	0.0013596837944664032
N43	K42	24	883	413	65352	3.5763348929233802e-09	3.952569169960475e-06	0.0013636363636363637
N13	A41	19	837	273	65352	3.634157228835989e-09	3.952569169960475e-06	0.0013675889328063242
K35	K37	12	847	94	65352	3.761769600364779e-09	3.952569169960475e-06	0.0013715415019762848
K52	K56	24	1095	335	65352	3.7621511741763215e-09	3.952569169960475e-06	0.0013754940711462453
D69	D72	7	305	50	65352	3.786333702007036e-09	3.952569169960475e-06	0.0013794466403162058
E61	E86	15	69	2088	65352	3.9207235789480876e-09	3.952569169960475e-06	0.0013833992094861663
D64	J00	35	326	2255	65352	4.028373003217545e-09	3.952569169960475e-06	0.0013873517786561265
J06	J38	70	2384	901	65352	4.048405491167747e-09	3.952569169960475e-06	0.001391304347826087
H61	H65	62	271	6931	65352	4.350262735342916e-09	3.952569169960475e-06	0.0013952569169960476
N44	N50	7	155	99	65352	4.566488293453711e-09	3.952569169960475e-06	0.001399209486166008
H66	J40	46	2143	536	65352	4.675641984665798e-09	3.952569169960475e-06	0.0014031620553359686
F93	K02	14	57	2217	65352	5.019562366804615e-09	3.952569169960475e-06	0.001407114624505929
G25	G40	10	48	1072	65352	5.033395903902454e-09	3.952569169960475e-06	0.0014110671936758896
J06	J45	102	2384	1529	65352	5.470021398483127e-09	3.952569169960475e-06	0.0014150197628458499
J12	J18	36	267	2949	65352	5.536380190492615e-09	3.952569169960475e-06	0.0014189723320158104
H65	H91	44	6931	165	65352	5.937294171330134e-09	3.952569169960475e-06	0.0014229249011857709
D64	D69	13	326	305	65352	6.211360478035106e-09	3.952569169960475e-06	0.0014268774703557314
F84	G80	7	114	142	65352	6.674867012355433e-09	3.952569169960475e-06	0.0014308300395256919
J22	J40	21	545	536	65352	7.764244833005115e-09	3.952569169960475e-06	0.0014347826086956524
F43	F98	10	194	262	65352	7.776824570976313e-09	3.952569169960475e-06	0.0014387351778656129
F70	F80	6	28	352	65352	7.976570017138836e-09	3.952569169960475e-06	0.0014426877470355734
D69	A41	12	305	273	65352	8.154912000677098e-09	3.952569169960475e-06	0.0014466403162055337
H74	J35	20	28	13379	65352	9.120213286870051e-09	3.952569169960475e-06	0.0014505928853754942
J10	J20	20	64	4638	65352	9.347809627843354e-09	3.952569169960475e-06	0.0014545454545454547
N43	N47	189	883	9399	65352	9.360680202273032e-09	3.952569169960475e-06	0.0014584980237154152
G81	G93	6	79	124	65352	1.0248449718227477e-08	3.952569169960475e-06	0.0014624505928853757
F82	F89	7	151	115	65352	1.0865478873169946e-08	3.952569169960475e-06	0.0014664031620553362
G82	K21	10	140	381	65352	1.1811224569937995e-08	3.952569169960475e-06	0.0014703557312252967
G04	G40	8	28	1072	65352	1.186782745882149e-08	3.952569169960475e-06	0.001474308300395257
G80	G93	7	142	124	65352	1.1992604176787669e-08	3.952569169960475e-06	0.0014782608695652175
H66	J15	58	2143	784	65352	1.2098336307058807e-08	3.952569169960475e-06	0.001482213438735178
F90	G40	23	336	1072	65352	1.2535350938684546e-08	3.952569169960475e-06	0.0014861660079051385
G71	J96	6	43	240	65352	1.2536788472310742e-08	3.952569169960475e-06	0.001490118577075099
E03	J31	11	92	771	65352	1.2980284301603993e-08	3.952569169960475e-06	0.0014940711462450595
F80	F84	9	352	114	65352	1.3588250951721797e-08	3.952569169960475e-06	0.00149802371541502
B37	D64	25	1306	326	65352	1.4691127293699595e-08	3.952569169960475e-06	0.0015019762845849805
F80	K07	7	352	53	65352	1.543840569908006e-08	3.952569169960475e-06	0.0015059288537549408
N39	D64	24	1220	326	65352	1.7294602857032548e-08	3.952569169960475e-06	0.0015098814229249013
J00	J02	63	2255	850	65352	1.7820304042973364e-08	3.952569169960475e-06	0.0015138339920948618
J01	L03	11	162	445	65352	1.8347131924190208e-08	3.952569169960475e-06	0.0015177865612648223
F84	G41	6	114	95	65352	1.8888970652476965e-08	3.952569169960475e-06	0.0015217391304347828
A04	L22	17	275	734	65352	2.048511198267105e-08	3.952569169960475e-06	0.0015256916996047433
B99	J03	61	877	2095	65352	2.1473255141253317e-08	3.952569169960475e-06	0.0015296442687747038
D64	J15	19	326	784	65352	2.2594546402328357e-08	3.952569169960475e-06	0.001533596837944664
F41	K12	8	91	332	65352	2.4028204306718588e-08	3.952569169960475e-06	0.0015375494071146246
B07	B08	17	284	725	65352	2.746779712086617e-08	3.952569169960475e-06	0.001541501976284585
H10	J98	23	596	628	65352	2.7662750551589414e-08	3.952569169960475e-06	0.0015454545454545456
F80	F94	6	352	34	65352	2.7710007855422213e-08	3.952569169960475e-06	0.0015494071146245061
E88	G40	9	43	1072	65352	2.8442923922111774e-08	3.952569169960475e-06	0.0015533596837944666
J03	J42	21	2095	155	65352	2.956936177264558e-08	3.952569169960475e-06	0.0015573122529644271
A37	J20	20	68	4638	65352	2.9673445508084855e-08	3.952569169960475e-06	0.0015612648221343876
G41	G93	6	95	124	65352	3.1260687337874005e-08	3.952569169960475e-06	0.001565217391304348
H66	J98	49	2143	628	65352	3.1455048037721515e-08	3.952569169960475e-06	0.0015691699604743084
B99	D50	30	877	693	65352	3.195835936001956e-08	3.952569169960475e-06	0.001573122529644269
N32	N39	8	28	1220	65352	3.216460830255956e-08	3.952569169960475e-06	0.0015770750988142294
K02	L03	40	2217	445	65352	3.2170935863300585e-08	3.952569169960475e-06	0.00158102766798419
J06	J11	31	2384	275	65352	3.401656823414566e-08	3.952569169960475e-06	0.0015849802371541504
F43	F91	7	194	107	65352	3.6973918701398335e-08	3.952569169960475e-06	0.001588932806324111
D50	J44	40	693	1421	65352	3.699523549704723e-08	3.952569169960475e-06	0.0015928853754940712
D64	J20	52	326	4638	65352	3.815573516971402e-08	3.952569169960475e-06	0.0015968379446640317
F84	F91	6	114	107	65352	3.861671863823714e-08	3.952569169960475e-06	0.0016007905138339922
J04	J22	42	1963	545	65352	3.925506367474229e-08	3.952569169960475e-06	0.0016047430830039527
J31	J40	24	771	536	65352	3.959056643596517e-08	3.952569169960475e-06	0.0016086956521739132
B37	B97	13	1306	92	65352	3.9638319732390915e-08	3.952569169960475e-06	0.0016126482213438737
B34	J02	33	849	850	65352	4.0524073267802754e-08	3.952569169960475e-06	0.0016166007905138342
B37	J02	43	1306	850	65352	4.5089286561636286e-08	3.952569169960475e-06	0.0016205533596837947
B37	A04	22	1306	275	65352	5.0241311804723204e-08	3.952569169960475e-06	0.001624505928853755
D50	E61	9	693	69	65352	5.1783432558762085e-08	3.952569169960475e-06	0.0016284584980237155
J34	J35	33	65	13379	65352	5.660161743035527e-08	3.952569169960475e-06	0.001632411067193676
N13	N35	12	837	121	65352	5.89919878321089e-08	3.952569169960475e-06	0.0016363636363636365
J20	L30	32	4638	158	65352	6.377064688019549e-08	3.952569169960475e-06	0.001640316205533597
F83	G93	8	275	124	65352	6.411147161482035e-08	3.952569169960475e-06	0.0016442687747035575
N35	N39	14	121	1220	65352	6.88793772659008e-08	3.952569169960475e-06	0.001648221343873518
F82	H50	11	151	552	65352	7.835060514059103e-08	3.952569169960475e-06	0.0016521739130434783
F98	K59	18	262	952	65352	7.856219009028368e-08	3.952569169960475e-06	0.0016561264822134388
B37	K21	26	1306	381	65352	7.989256251111534e-08	3.952569169960475e-06	0.0016600790513833993
J06	B00	49	2384	586	65352	9.340283530343484e-08	3.952569169960475e-06	0.0016640316205533598
C71	A41	6	53	273	65352	9.792864661684723e-08	3.952569169960475e-06	0.0016679841897233203
D43	G40	8	36	1072	65352	1.0287371343825211e-07	3.952569169960475e-06	0.0016719367588932809
H65	H70	24	6931	70	65352	1.0329323824746839e-07	3.952569169960475e-06	0.0016758893280632414
J30	L20	12	178	595	65352	1.0685608642687302e-07	3.952569169960475e-06	0.0016798418972332019
G40	M62	10	1072	65	65352	1.071072771142901e-07	3.952569169960475e-06	0.0016837944664031621
K40	K45	11	2494	38	65352	1.1344698449460827e-07	3.952569169960475e-06	0.0016877470355731226
H10	K21	17	596	381	65352	1.1557940517074189e-07	3.952569169960475e-06	0.0016916996047430832
G40	I63	7	1072	25	65352	1.1640374938937679e-07	3.952569169960475e-06	0.0016956521739130437
F93	F98	6	57	262	65352	1.1986356997152894e-07	3.952569169960475e-06	0.0016996047430830042
F80	G40	22	352	1072	65352	1.2732898153387436e-07	3.952569169960475e-06	0.0017035573122529647
D50	L22	26	693	734	65352	1.348392046475344e-07	3.952569169960475e-06	0.0017075098814229252
B37	L30	16	1306	158	65352	1.3689066045290117e-07	3.952569169960475e-06	0.0017114624505928855
F51	F90	6	46	336	65352	1.39134784229701e-07	3.952569169960475e-06	0.001715415019762846
E03	F83	7	92	275	65352	1.3973182118870333e-07	3.952569169960475e-06	0.0017193675889328065
B99	J22	25	877	545	65352	1.5061407424389952e-07	3.952569169960475e-06	0.001723320158102767
J20	J96	41	4638	240	65352	1.5271080855820293e-07	3.952569169960475e-06	0.0017272727272727275
I89	L03	6	36	445	65352	1.579161181847968e-07	3.952569169960475e-06	0.001731225296442688
E61	E87	8	69	567	65352	1.6062531025271065e-07	3.952569169960475e-06	0.0017351778656126485
H10	J40	20	596	536	65352	1.6459622070694088e-07	3.952569169960475e-06	0.001739130434782609
N26	N39	8	34	1220	65352	1.70132248412996e-07	3.952569169960475e-06	0.0017430830039525693
C71	G40	9	53	1072	65352	1.9302605615964304e-07	3.952569169960475e-06	0.0017470355731225298
M12	M25	6	159	102	65352	2.094396386097291e-07	3.952569169960475e-06	0.0017509881422924903
J21	K21	20	854	381	65352	2.1291395061064794e-07	3.952569169960475e-06	0.0017549407114624508
D69	J96	10	305	240	65352	2.3768863193155518e-07	3.952569169960475e-06	0.0017588932806324113
L20	L50	17	595	402	65352	2.4043632044299944e-07	3.952569169960475e-06	0.0017628458498023718
I47	J96	6	71	240	65352	2.7028740957567365e-07	3.952569169960475e-06	0.0017667984189723323
F82	K21	9	151	381	65352	3.0163935764287714e-07	3.952569169960475e-06	0.0017707509881422926
D50	J03	49	693	2095	65352	3.120898599192518e-07	3.952569169960475e-06	0.001774703557312253
B99	J31	30	877	771	65352	3.1320521069797873e-07	3.952569169960475e-06	0.0017786561264822136
B37	D75	7	1306	24	65352	3.2201336865047974e-07	3.952569169960475e-06	0.001782608695652174
J30	J46	6	178	99	65352	3.4074318659178527e-07	3.952569169960475e-06	0.0017865612648221346
E03	G40	11	92	1072	65352	3.5255416214533325e-07	3.952569169960475e-06	0.001790513833992095
J21	J98	26	854	628	65352	3.6716280476652916e-07	3.952569169960475e-06	0.0017944664031620556
K59	K62	9	952	64	65352	3.8275348268196845e-07	3.952569169960475e-06	0.001798418972332016
D68	J35	43	101	13379	65352	3.9630126141555097e-07	3.952569169960475e-06	0.0018023715415019764
H68	J35	19	30	13379	65352	4.138589815921002e-07	3.952569169960475e-06	0.0018063241106719369
G93	J96	7	124	240	65352	4.3119250399974707e-07	3.952569169960475e-06	0.0018102766798418974
J16	J20	15	47	4638	65352	4.824389921868047e-07	3.952569169960475e-06	0.001814229249011858
D64	H66	30	326	2143	65352	4.900942710562553e-07	3.952569169960475e-06	0.0018181818181818184
F82	G93	6	151	124	65352	4.911252043500549e-07	3.952569169960475e-06	0.001822134387351779
H10	J44	34	596	1421	65352	4.952618380115588e-07	3.952569169960475e-06	0.0018260869565217394
K35	K56	18	847	335	65352	5.410303282155354e-07	3.952569169960475e-06	0.0018300395256917
H73	A08	36	138	7160	65352	5.435539110021751e-07	3.952569169960475e-06	0.0018339920948616602
J18	L20	55	2949	595	65352	5.463667503539435e-07	3.952569169960475e-06	0.0018379446640316207
D69	M25	7	305	102	65352	5.690379818911498e-07	3.952569169960475e-06	0.0018418972332015812
J11	J40	13	275	536	65352	5.803925719971614e-07	3.952569169960475e-06	0.0018458498023715417
J03	J06	121	2095	2384	65352	5.967339452977332e-07	3.952569169960475e-06	0.0018498023715415022
F83	H35	6	275	71	65352	5.985629420909352e-07	3.952569169960475e-06	0.0018537549407114627
F83	H53	6	275	72	65352	6.506830449916796e-07	3.952569169960475e-06	0.0018577075098814232
F80	F93	6	352	57	65352	6.736314682443322e-07	3.952569169960475e-06	0.0018616600790513835
L20	L27	8	595	80	65352	7.34604800207821e-07	3.952569169960475e-06	0.001865612648221344
A38	J03	17	129	2095	65352	8.86919917212652e-07	3.952569169960475e-06	0.0018695652173913045
J31	L20	23	771	595	65352	9.755144096251735e-07	3.952569169960475e-06	0.001873517786561265
J04	J31	49	1963	771	65352	1.0534213107715595e-06	3.952569169960475e-06	0.0018774703557312255
J98	L22	23	628	734	65352	1.059983078554283e-06	3.952569169960475e-06	0.001881422924901186
F82	G80	6	151	142	65352	1.0874546539125663e-06	3.952569169960475e-06	0.0018853754940711465
F83	G81	6	275	79	65352	1.1294506992821273e-06	3.952569169960475e-06	0.001889328063241107
L20	L23	7	595	59	65352	1.1337535745416257e-06	3.952569169960475e-06	0.0018932806324110673
H10	A09	89	596	5825	65352	1.1394416498683503e-06	3.952569169960475e-06	0.0018972332015810278
N13	J31	28	837	771	65352	1.1862639210370652e-06	3.952569169960475e-06	0.0019011857707509883
L03	L60	7	445	79	65352	1.2304640441014508e-06	3.952569169960475e-06	0.0019051383399209488
J20	J42	29	4638	155	65352	1.4453073215379734e-06	3.952569169960475e-06	0.0019090909090909093
N39	N47	235	1220	9399	65352	1.455012772238405e-06	3.952569169960475e-06	0.0019130434782608698
B34	B09	11	849	133	65352	1.4969742406807476e-06	3.952569169960475e-06	0.0019169960474308303
G47	J98	15	342	628	65352	1.5033422602037909e-06	3.952569169960475e-06	0.0019209486166007906
J44	J96	19	1421	240	65352	1.6308215356344158e-06	3.952569169960475e-06	0.0019249011857707511
E34	K90	6	206	112	65352	1.6520339075464018e-06	3.952569169960475e-06	0.0019288537549407116
F80	H52	8	352	149	65352	1.6840042472689005e-06	3.952569169960475e-06	0.0019328063241106721
E86	H66	109	2088	2143	65352	1.6841066709853834e-06	3.952569169960475e-06	0.0019367588932806326
F80	H90	11	352	321	65352	1.689293430855203e-06	3.952569169960475e-06	0.0019407114624505931
H02	H50	7	68	552	65352	1.834065309093887e-06	3.952569169960475e-06	0.0019446640316205536
G40	K21	21	1072	381	65352	1.851703749357242e-06	3.952569169960475e-06	0.0019486166007905141
N13	N30	7	837	46	65352	1.911387613752707e-06	3.952569169960475e-06	0.0019525691699604744
J02	L22	27	850	734	65352	1.920781603860577e-06	3.952569169960475e-06	0.001956521739130435
B34	B37	39	849	1306	65352	2.005085273559456e-06	3.952569169960475e-06	0.0019604743083003954
N30	N39	8	46	1220	65352	2.005464091784932e-06	3.952569169960475e-06	0.001964426877470356
C91	K12	6	73	332	65352	2.1004346164790916e-06	3.952569169960475e-06	0.0019683794466403164
E86	J00	113	2088	2255	65352	2.170556511726922e-06	3.952569169960475e-06	0.001972332015810277
F84	F90	7	114	336	65352	2.291853359012094e-06	3.952569169960475e-06	0.0019762845849802375
J20	K21	53	4638	381	65352	2.2958818137965514e-06	3.952569169960475e-06	0.001980237154150198
N10	A49	8	229	240	65352	2.4300159431428787e-06	3.952569169960475e-06	0.0019841897233201585
E61	A08	22	69	7160	65352	2.453581169816414e-06	3.952569169960475e-06	0.001988142292490119
J06	J31	55	2384	771	65352	2.490559017214772e-06	3.952569169960475e-06	0.0019920948616600795
N13	N36	7	837	48	65352	2.5715955039771846e-06	3.952569169960475e-06	0.0019960474308300395
K21	K92	8	381	146	65352	2.59516474756493e-06	3.952569169960475e-06	0.002
M12	M13	6	159	157	65352	2.6309093585220327e-06	3.952569169960475e-06	0.0020039525691699605
E46	K59	6	28	952	65352	2.695082223355096e-06	3.952569169960475e-06	0.002007905138339921
A02	L22	15	308	734	65352	2.7705018632342487e-06	3.952569169960475e-06	0.0020118577075098816
K56	K59	18	335	952	65352	2.790868233420701e-06	3.952569169960475e-06	0.002015810276679842
N36	N39	8	48	1220	65352	2.806115278846176e-06	3.952569169960475e-06	0.0020197628458498026
J40	L20	18	536	595	65352	2.912628206846924e-06	3.952569169960475e-06	0.002023715415019763
J18	J21	69	2949	854	65352	2.958573523490789e-06	3.952569169960475e-06	0.0020276679841897236
B99	A09	119	877	5825	65352	3.056265211940558e-06	3.952569169960475e-06	0.002031620553359684
H90	J30	8	321	178	65352	3.210796786319291e-06	3.952569169960475e-06	0.0020355731225296446
B34	F50	12	849	173	65352	3.2326841146277685e-06	3.952569169960475e-06	0.002039525691699605
E66	F91	6	243	107	65352	3.280786233161026e-06	3.952569169960475e-06	0.0020434782608695656
B25	B37	8	46	1306	65352	3.3117873310204576e-06	3.952569169960475e-06	0.002047430830039526
K52	K76	9	1095	72	65352	3.3331896434808245e-06	3.952569169960475e-06	0.0020513833992094866
F50	J03	19	173	2095	65352	3.4085163086118745e-06	3.952569169960475e-06	0.0020553359683794467
B95	A09	14	39	5825	65352	3.443370421372343e-06	3.952569169960475e-06	0.002059288537549407
E66	K59	15	243	952	65352	3.515625137003496e-06	3.952569169960475e-06	0.0020632411067193677
N13	B37	38	837	1306	65352	3.5367779858716395e-06	3.952569169960475e-06	0.002067193675889328
G80	H50	9	142	552	65352	3.7900237129798767e-06	3.952569169960475e-06	0.0020711462450592887
H66	L20	42	2143	595	65352	3.828587138980084e-06	3.952569169960475e-06	0.002075098814229249
J31	K21	17	771	381	65352	3.863694687633616e-06	3.952569169960475e-06	0.0020790513833992097
J00	B00	43	2255	586	65352	3.941706238646477e-06	3.952569169960475e-06	0.00208300395256917
