ICD1	ICD2	val11	occ1	occ2	NN	pval	bonf_thresh	fdr_thresh
H65	J35	5823	7328	13583	68399	0.0	3.762227238525207e-06	3.762227238525207e-06
K02	K04	413	1930	740	68399	0.0	3.762227238525207e-06	7.524454477050414e-06
K02	K08	273	1930	411	68399	3.216e-321	3.762227238525207e-06	1.1286681715575622e-05
E86	A09	651	1716	4818	68399	4.929437279347587e-306	3.762227238525207e-06	1.5048908954100828e-05
E86	A08	594	1716	4691	68399	1.7195650700593492e-259	3.762227238525207e-06	1.8811136192626035e-05
N13	N39	204	673	1103	68399	7.864208618816825e-200	3.762227238525207e-06	2.2573363431151244e-05
N43	K40	235	807	1948	68399	1.526775813291504e-166	3.762227238525207e-06	2.633559066967645e-05
N47	N48	406	10044	674	68399	1.2471573908212719e-164	3.762227238525207e-06	3.0097817908201657e-05
J00	J20	484	1667	5175	68399	2.8616506731034343e-155	3.762227238525207e-06	3.386004514672686e-05
H50	H52	93	680	143	68399	6.0219748243220524e-151	3.762227238525207e-06	3.762227238525207e-05
H74	J39	76	209	201	68399	4.262672842235101e-142	3.762227238525207e-06	4.1384499623777275e-05
J15	J20	337	1018	5175	68399	9.06882179085636e-126	3.762227238525207e-06	4.514672686230249e-05
J18	J20	542	2372	5175	68399	3.901491894244288e-125	3.762227238525207e-06	4.8908954100827695e-05
H70	K04	91	274	740	68399	1.6920131333947213e-108	3.762227238525207e-06	5.26711813393529e-05
K04	K08	99	740	411	68399	2.3565651087598084e-102	3.762227238525207e-06	5.643340857787811e-05
G40	G41	76	1390	132	68399	9.362932632742476e-93	3.762227238525207e-06	6.0195635816403313e-05
G80	G82	50	228	134	68399	6.782465301593546e-90	3.762227238525207e-06	6.395786305492852e-05
H90	J35	282	449	13583	68399	3.729049507208799e-88	3.762227238525207e-06	6.772009029345373e-05
F83	G40	111	430	1390	68399	9.030022832716004e-88	3.762227238525207e-06	7.148231753197893e-05
E86	E87	115	1716	392	68399	1.304891523675849e-87	3.762227238525207e-06	7.524454477050414e-05
H74	J35	168	209	13583	68399	3.9481531778666295e-79	3.762227238525207e-06	7.900677200902934e-05
G80	M62	44	228	133	68399	3.2525172316891475e-76	3.762227238525207e-06	8.276899924755455e-05
H65	H90	201	7328	449	68399	5.874532171261551e-76	3.762227238525207e-06	8.653122648607976e-05
J20	J31	196	5175	573	68399	6.070177249868495e-76	3.762227238525207e-06	9.029345372460498e-05
J05	J31	72	366	573	68399	1.1462349996405755e-75	3.762227238525207e-06	9.405568096313018e-05
E84	K86	29	103	39	68399	1.151023174286426e-75	3.762227238525207e-06	9.781790820165539e-05
G40	J96	124	1390	743	68399	7.333370935943443e-74	3.762227238525207e-06	0.0001015801354401806
G40	G82	65	1390	134	68399	8.762939744719036e-73	3.762227238525207e-06	0.0001053423626787058
N10	N39	72	221	1103	68399	1.964977003958652e-72	3.762227238525207e-06	0.00010910458991723101
F83	F90	68	430	505	68399	1.8016265697492907e-68	3.762227238525207e-06	0.00011286681715575621
F80	F83	64	431	430	68399	3.063390785925771e-67	3.762227238525207e-06	0.00011662904439428142
B37	J20	240	921	5175	68399	2.3126651790215974e-66	3.762227238525207e-06	0.00012039127163280663
E10	E16	43	292	156	68399	1.8417024859607064e-65	3.762227238525207e-06	0.00012415349887133183
J35	J39	152	13583	201	68399	4.577631303277475e-65	3.762227238525207e-06	0.00012791572610985704
G82	M62	34	134	133	68399	4.096449740572156e-63	3.762227238525207e-06	0.00013167795334838225
G40	G80	71	1390	228	68399	8.894842926776259e-63	3.762227238525207e-06	0.00013544018058690745
J20	J45	279	5175	1237	68399	1.7071100528800738e-62	3.762227238525207e-06	0.00013920240782543266
F80	F82	49	431	207	68399	3.8210473357763045e-62	3.762227238525207e-06	0.00014296463506395786
H61	J35	206	342	13583	68399	2.8826662551796465e-60	3.762227238525207e-06	0.00014672686230248307
F84	G40	72	255	1390	68399	3.1909682463212597e-60	3.762227238525207e-06	0.00015048908954100828
J20	L22	197	5175	710	68399	2.4137365344587568e-59	3.762227238525207e-06	0.00015425131677953348
G51	A69	30	170	75	68399	3.4459173547668883e-59	3.762227238525207e-06	0.0001580135440180587
C71	H53	31	109	135	68399	4.7201415862852175e-59	3.762227238525207e-06	0.0001617757712565839
N13	N28	44	673	115	68399	8.04473061742596e-58	3.762227238525207e-06	0.0001655379984951091
J30	J45	60	183	1237	68399	9.641068406333334e-58	3.762227238525207e-06	0.0001693002257336343
F90	F91	43	505	144	68399	1.7330198476547438e-56	3.762227238525207e-06	0.00017306245297215951
F81	F90	34	67	505	68399	1.2221742340309345e-54	3.762227238525207e-06	0.00017682468021068472
F90	F98	53	505	354	68399	4.262158779411519e-52	3.762227238525207e-06	0.00018058690744920995
F80	F90	56	431	505	68399	1.7961566428447693e-51	3.762227238525207e-06	0.00018434913468773516
B37	L22	83	921	710	68399	4.450879596800109e-51	3.762227238525207e-06	0.00018811136192626037
G40	G93	52	1390	161	68399	3.153282888774504e-47	3.762227238525207e-06	0.00019187358916478557
C47	C74	15	20	40	68399	2.430072429435966e-46	3.762227238525207e-06	0.00019563581640331078
H52	H53	27	143	135	68399	5.0715577373597786e-46	3.762227238525207e-06	0.00019939804364183599
H66	J20	298	1644	5175	68399	1.0818731790527947e-45	3.762227238525207e-06	0.0002031602708803612
C71	J96	37	109	743	68399	7.175326217084398e-45	3.762227238525207e-06	0.0002069224981188864
M13	M25	28	178	141	68399	1.001103153541222e-44	3.762227238525207e-06	0.0002106847253574116
J18	J45	157	2372	1237	68399	1.0643873639901505e-44	3.762227238525207e-06	0.0002144469525959368
B37	J21	95	921	1169	68399	1.5468721650107824e-44	3.762227238525207e-06	0.00021820917983446202
E87	A08	118	392	4691	68399	4.678396120886575e-44	3.762227238525207e-06	0.00022197140707298722
N10	N13	44	221	673	68399	1.2915004331437682e-43	3.762227238525207e-06	0.00022573363431151243
F90	F93	36	505	156	68399	6.822887289226617e-43	3.762227238525207e-06	0.00022949586155003764
K02	K12	74	1930	342	68399	7.33519357224818e-43	3.762227238525207e-06	0.00023325808878856284
H50	H53	37	680	135	68399	2.5237058246856134e-42	3.762227238525207e-06	0.00023702031602708805
K40	K45	36	1948	55	68399	2.795778252893997e-42	3.762227238525207e-06	0.00024078254326561325
E87	A09	117	392	4818	68399	3.834489921243466e-42	3.762227238525207e-06	0.0002445447705041385
H66	J06	224	1644	3440	68399	6.491503937371483e-42	3.762227238525207e-06	0.00024830699774266367
E87	J96	53	392	743	68399	6.808332327034812e-41	3.762227238525207e-06	0.0002520692249811889
F82	F90	37	207	505	68399	1.2958437764405342e-39	3.762227238525207e-06	0.0002558314522197141
H90	H91	34	449	177	68399	2.2508975347608215e-39	3.762227238525207e-06	0.0002595936794582393
D69	D70	32	438	150	68399	4.727528990760799e-39	3.762227238525207e-06	0.0002633559066967645
G81	M62	22	105	133	68399	7.719597508090902e-39	3.762227238525207e-06	0.0002671181339352897
F90	F92	30	505	109	68399	1.6638645986134423e-38	3.762227238525207e-06	0.0002708803611738149
C91	C95	14	121	15	68399	2.01763398228265e-38	3.762227238525207e-06	0.00027464258841234014
H10	J00	78	513	1667	68399	4.5377046496761073e-38	3.762227238525207e-06	0.0002784048156508653
G47	J35	227	503	13583	68399	7.263045438941761e-38	3.762227238525207e-06	0.00028216704288939055
J45	L20	65	1237	463	68399	2.2031147646579368e-37	3.762227238525207e-06	0.00028592927012791573
J00	J15	108	1667	1018	68399	2.2199520424448074e-37	3.762227238525207e-06	0.00028969149736644096
K10	K12	23	64	342	68399	6.857945609284127e-37	3.762227238525207e-06	0.00029345372460496614
F89	G40	51	235	1390	68399	8.863513514003854e-37	3.762227238525207e-06	0.0002972159518434914
L22	A09	154	710	4818	68399	2.2213913849205267e-36	3.762227238525207e-06	0.00030097817908201655
N28	N39	36	115	1103	68399	4.3960264678708856e-36	3.762227238525207e-06	0.0003047404063205418
F83	F84	35	430	255	68399	8.794083324925736e-36	3.762227238525207e-06	0.00030850263355906697
J00	L22	88	1667	710	68399	9.680199975520042e-36	3.762227238525207e-06	0.0003122648607975922
H10	J20	131	513	5175	68399	9.837619886578272e-36	3.762227238525207e-06	0.0003160270880361174
C91	A41	25	121	275	68399	1.565796175503734e-35	3.762227238525207e-06	0.0003197893152746426
B37	J00	100	921	1667	68399	1.5970773441371953e-35	3.762227238525207e-06	0.0003235515425131678
F90	F94	26	505	83	68399	3.2149611557400843e-35	3.762227238525207e-06	0.000327313769751693
J18	J44	133	2372	1117	68399	4.7665470379658945e-35	3.762227238525207e-06	0.0003310759969902182
F92	F93	21	109	156	68399	1.0461552254543687e-34	3.762227238525207e-06	0.00033483822422874344
K08	K12	37	411	342	68399	1.3429510216122633e-34	3.762227238525207e-06	0.0003386004514672686
D61	D70	17	44	150	68399	1.601429045410495e-34	3.762227238525207e-06	0.00034236267870579385
C71	G81	19	109	105	68399	4.370869658417062e-34	3.762227238525207e-06	0.00034612490594431903
E23	E34	22	68	355	68399	9.052037468797097e-34	3.762227238525207e-06	0.00034988713318284426
F82	F83	31	207	430	68399	4.917660771443884e-33	3.762227238525207e-06	0.00035364936042136944
F83	F89	32	430	235	68399	1.0783772258107109e-32	3.762227238525207e-06	0.0003574115876598947
E10	E14	18	292	40	68399	1.3580616163521078e-32	3.762227238525207e-06	0.0003611738148984199
D64	J96	41	305	743	68399	8.766551169318171e-32	3.762227238525207e-06	0.0003649360421369451
I88	A09	135	627	4818	68399	1.0371074041461962e-31	3.762227238525207e-06	0.0003686982693754703
D64	D69	34	305	438	68399	2.1816870913604542e-31	3.762227238525207e-06	0.0003724604966139955
F43	F94	21	302	83	68399	3.3142163547991246e-31	3.762227238525207e-06	0.00037622272385252073
G91	G93	22	183	161	68399	3.4961662346267973e-31	3.762227238525207e-06	0.0003799849510910459
E84	J96	28	103	743	68399	3.7273885133809185e-31	3.762227238525207e-06	0.00038374717832957115
H66	J00	129	1644	1667	68399	4.395501778879966e-31	3.762227238525207e-06	0.0003875094055680963
H66	J03	155	1644	2299	68399	1.5608263820937748e-30	3.762227238525207e-06	0.00039127163280662156
H05	J01	17	73	144	68399	1.883904212367946e-30	3.762227238525207e-06	0.00039503386004514674
F84	F89	26	255	235	68399	2.5876069186888598e-30	3.762227238525207e-06	0.00039879608728367197
E16	E87	26	156	392	68399	3.2601031049448725e-30	3.762227238525207e-06	0.00040255831452219715
D80	D84	13	74	38	68399	4.8249305125779e-30	3.762227238525207e-06	0.0004063205417607224
C91	D70	19	121	150	68399	5.2904911948010854e-30	3.762227238525207e-06	0.00041008276899924756
K02	K10	30	1930	64	68399	1.685552523851136e-29	3.762227238525207e-06	0.0004138449962377728
J12	J20	90	310	5175	68399	1.9070900373179933e-29	3.762227238525207e-06	0.000417607223476298
F84	F90	32	255	505	68399	2.546470384110394e-29	3.762227238525207e-06	0.0004213694507148232
G40	G81	32	1390	105	68399	1.1190642046871811e-28	3.762227238525207e-06	0.0004251316779533484
D61	D69	18	44	438	68399	2.0398031644906754e-28	3.762227238525207e-06	0.0004288939051918736
C71	C79	11	109	16	68399	4.338971329490971e-28	3.762227238525207e-06	0.0004326561324303988
N29	E83	9	10	56	68399	8.389060104593745e-28	3.762227238525207e-06	0.00043641835966892403
B99	J31	59	1189	573	68399	1.3204792343681822e-27	3.762227238525207e-06	0.0004401805869074492
K40	K46	23	1948	36	68399	4.062189943093859e-27	3.762227238525207e-06	0.00044394281414597445
F83	F91	24	430	144	68399	5.1054234543008666e-27	3.762227238525207e-06	0.0004477050413844996
F43	F90	32	302	505	68399	5.7757086765200275e-27	3.762227238525207e-06	0.00045146726862302486
F70	F80	17	42	431	68399	6.251966456612236e-27	3.762227238525207e-06	0.00045522949586155004
J18	J90	28	2372	54	68399	8.878423754452345e-27	3.762227238525207e-06	0.00045899172310007527
F89	J96	33	235	743	68399	1.8590940011088225e-26	3.762227238525207e-06	0.00046275395033860045
C91	D61	13	121	44	68399	4.231233651844397e-26	3.762227238525207e-06	0.0004665161775771257
F84	G80	23	255	228	68399	5.406712640032008e-26	3.762227238525207e-06	0.00047027840481565086
F70	F90	17	42	505	68399	9.446321759457871e-26	3.762227238525207e-06	0.0004740406320541761
H73	J00	27	69	1667	68399	9.509498043820594e-26	3.762227238525207e-06	0.0004778028592927013
J96	K86	18	743	39	68399	1.822122259833499e-25	3.762227238525207e-06	0.0004815650865312265
E16	E86	37	156	1716	68399	2.2518757600750986e-25	3.762227238525207e-06	0.00048532731376975174
J18	J31	79	2372	573	68399	2.2966090451683024e-25	3.762227238525207e-06	0.000489089541008277
B37	J31	50	921	573	68399	3.060848009479515e-25	3.762227238525207e-06	0.0004928517682468021
F93	F98	22	156	354	68399	4.690859704220133e-25	3.762227238525207e-06	0.0004966139954853273
H50	H55	19	680	54	68399	9.25495111122367e-25	3.762227238525207e-06	0.0005003762227238526
F80	F84	27	431	255	68399	9.5352398156503e-25	3.762227238525207e-06	0.0005041384499623778
F83	G82	22	430	134	68399	1.0097028337179282e-24	3.762227238525207e-06	0.0005079006772009029
J30	J44	33	183	1117	68399	1.5937387773894043e-24	3.762227238525207e-06	0.0005116629044394282
F80	F98	30	431	354	68399	1.706902117317379e-24	3.762227238525207e-06	0.0005154251316779534
J45	J46	29	1237	119	68399	1.887004779442954e-24	3.762227238525207e-06	0.0005191873589164786
H66	J18	145	1644	2372	68399	2.1418524053630496e-24	3.762227238525207e-06	0.0005229495861550037
F80	F89	26	431	235	68399	2.2492267466369726e-24	3.762227238525207e-06	0.000526711813393529
J40	J44	51	519	1117	68399	2.5615116392077724e-24	3.762227238525207e-06	0.0005304740406320542
J31	J44	53	573	1117	68399	5.520815861380371e-24	3.762227238525207e-06	0.0005342362678705794
K60	K62	14	108	99	68399	8.472091364012913e-24	3.762227238525207e-06	0.0005379984951091046
F80	H90	32	431	449	68399	1.0070268972065799e-23	3.762227238525207e-06	0.0005417607223476298
C40	C41	7	13	16	68399	1.412078541724087e-23	3.762227238525207e-06	0.000545522949586155
C91	D68	15	121	125	68399	1.6280361980219238e-23	3.762227238525207e-06	0.0005492851768246803
J21	J44	75	1169	1117	68399	1.8915668200234107e-23	3.762227238525207e-06	0.0005530474040632054
F83	F98	29	430	354	68399	2.4907009800646953e-23	3.762227238525207e-06	0.0005568096313017306
J31	J40	37	573	519	68399	6.128171894972615e-23	3.762227238525207e-06	0.0005605718585402559
J21	J96	60	1169	743	68399	6.244871964380651e-23	3.762227238525207e-06	0.0005643340857787811
F70	F83	15	42	430	68399	6.265932820328512e-23	3.762227238525207e-06	0.0005680963130173062
G82	G93	16	134	161	68399	6.612391746723518e-23	3.762227238525207e-06	0.0005718585402558315
N12	N39	19	44	1103	68399	7.253031591481151e-23	3.762227238525207e-06	0.0005756207674943567
A08	L22	126	4691	710	68399	9.471057533885355e-23	3.762227238525207e-06	0.0005793829947328819
K40	K42	49	1948	306	68399	1.5306127258848335e-22	3.762227238525207e-06	0.000583145221971407
F80	F91	21	431	144	68399	1.656318233702442e-22	3.762227238525207e-06	0.0005869074492099323
H26	H27	9	37	37	68399	1.6971793401873937e-22	3.762227238525207e-06	0.0005906696764484575
D16	D48	13	55	181	68399	2.6492065919256995e-22	3.762227238525207e-06	0.0005944319036869827
I88	K56	37	627	497	68399	2.9954409842680136e-22	3.762227238525207e-06	0.0005981941309255079
K21	K29	18	333	113	68399	3.3004800651718845e-22	3.762227238525207e-06	0.0006019563581640331
K35	K65	15	1077	23	68399	3.5904604260833734e-22	3.762227238525207e-06	0.0006057185854025583
F83	G80	24	430	228	68399	4.2273358458346353e-22	3.762227238525207e-06	0.0006094808126410836
B37	H10	44	921	513	68399	4.551405215196244e-22	3.762227238525207e-06	0.0006132430398796088
C71	G91	15	109	183	68399	1.169885796121524e-21	3.762227238525207e-06	0.0006170052671181339
K02	K03	17	1930	24	68399	1.2207415754366122e-21	3.762227238525207e-06	0.0006207674943566592
C71	D64	17	109	305	68399	1.5678702203773285e-21	3.762227238525207e-06	0.0006245297215951844
F80	K07	16	431	65	68399	2.285261063445732e-21	3.762227238525207e-06	0.0006282919488337096
C83	C85	6	13	10	68399	2.5334561734919787e-21	3.762227238525207e-06	0.0006320541760722348
F43	F98	24	302	354	68399	3.539461703682579e-21	3.762227238525207e-06	0.00063581640331076
H66	L22	67	1644	710	68399	3.746365872371545e-21	3.762227238525207e-06	0.0006395786305492852
C71	D70	14	109	150	68399	4.28304530362134e-21	3.762227238525207e-06	0.0006433408577878105
G41	J96	23	132	743	68399	4.734872577171483e-21	3.762227238525207e-06	0.0006471030850263356
F94	F98	16	83	354	68399	7.119870413473505e-21	3.762227238525207e-06	0.0006508653122648608
C71	G93	14	109	161	68399	1.1883647099673337e-20	3.762227238525207e-06	0.000654627539503386
D64	D70	18	305	150	68399	1.3769003424876776e-20	3.762227238525207e-06	0.0006583897667419113
F83	F92	18	430	109	68399	1.6287013911924282e-20	3.762227238525207e-06	0.0006621519939804364
K60	K61	13	108	122	68399	1.7078716550235724e-20	3.762227238525207e-06	0.0006659142212189616
E22	F89	11	29	235	68399	2.0365430127870798e-20	3.762227238525207e-06	0.0006696764484574869
J00	A09	223	1667	4818	68399	2.1131906821252264e-20	3.762227238525207e-06	0.0006734386756960121
F43	F80	25	302	431	68399	2.2700050227488757e-20	3.762227238525207e-06	0.0006772009029345372
J21	L22	55	1169	710	68399	2.6945980806259576e-20	3.762227238525207e-06	0.0006809631301730625
J20	L20	97	5175	463	68399	3.962495167282616e-20	3.762227238525207e-06	0.0006847253574115877
H83	H90	12	27	449	68399	8.790232534290965e-20	3.762227238525207e-06	0.0006884875846501129
D64	A41	21	305	275	68399	1.1709936081353997e-19	3.762227238525207e-06	0.0006922498118886381
C91	D69	18	121	438	68399	1.6140094305802995e-19	3.762227238525207e-06	0.0006960120391271633
F80	F94	16	431	83	68399	1.6447665204756492e-19	3.762227238525207e-06	0.0006997742663656885
B37	J06	116	921	3440	68399	1.7402493949504573e-19	3.762227238525207e-06	0.0007035364936042138
F91	F92	13	144	109	68399	1.802318037932996e-19	3.762227238525207e-06	0.0007072987208427389
G80	M67	12	228	51	68399	1.9880514928407588e-19	3.762227238525207e-06	0.0007110609480812641
E16	J96	23	156	743	68399	2.407852455982528e-19	3.762227238525207e-06	0.0007148231753197893
K21	K44	10	333	18	68399	2.7611175632928364e-19	3.762227238525207e-06	0.0007185854025583146
F91	F94	12	144	83	68399	4.0430619873070485e-19	3.762227238525207e-06	0.0007223476297968398
C71	G62	8	109	16	68399	4.073750932603154e-19	3.762227238525207e-06	0.0007261098570353649
H10	L22	36	513	710	68399	4.397929416507041e-19	3.762227238525207e-06	0.0007298720842738902
E84	K76	11	103	80	68399	5.00129245820995e-19	3.762227238525207e-06	0.0007336343115124154
F80	F92	17	431	109	68399	5.456711487859399e-19	3.762227238525207e-06	0.0007373965387509406
F80	F93	19	431	156	68399	5.781775477570212e-19	3.762227238525207e-06	0.0007411587659894658
G91	J96	24	183	743	68399	6.636015287093808e-19	3.762227238525207e-06	0.000744920993227991
K00	K01	11	154	56	68399	7.147926396319562e-19	3.762227238525207e-06	0.0007486832204665162
D64	E87	23	305	392	68399	7.528762831750199e-19	3.762227238525207e-06	0.0007524454477050415
G80	G81	14	228	105	68399	9.797275266510903e-19	3.762227238525207e-06	0.0007562076749435666
K56	K59	44	497	1171	68399	1.2218651756700485e-18	3.762227238525207e-06	0.0007599699021820918
F92	F94	11	109	83	68399	1.4682622527028076e-18	3.762227238525207e-06	0.0007637321294206171
C79	H53	8	16	135	68399	2.3686303479192597e-18	3.762227238525207e-06	0.0007674943566591423
G91	G97	8	183	13	68399	2.861846587390494e-18	3.762227238525207e-06	0.0007712565838976674
H65	H74	69	7328	209	68399	3.649216678181514e-18	3.762227238525207e-06	0.0007750188111361926
J18	J98	83	2372	814	68399	3.984206668293675e-18	3.762227238525207e-06	0.0007787810383747179
N39	A41	32	1103	275	68399	4.518502160421425e-18	3.762227238525207e-06	0.0007825432656132431
F43	F83	23	302	430	68399	4.6351690824560855e-18	3.762227238525207e-06	0.0007863054928517682
C71	E89	7	109	11	68399	7.040935137119905e-18	3.762227238525207e-06	0.0007900677200902935
G82	M67	10	134	51	68399	7.054985341712867e-18	3.762227238525207e-06	0.0007938299473288187
J18	J96	78	2372	743	68399	7.759378927824564e-18	3.762227238525207e-06	0.0007975921745673439
G44	H81	8	127	19	68399	8.385740308453816e-18	3.762227238525207e-06	0.0008013544018058691
A41	J96	27	275	743	68399	8.389115495180404e-18	3.762227238525207e-06	0.0008051166290443943
J20	J21	174	5175	1169	68399	9.041711440698653e-18	3.762227238525207e-06	0.0008088788562829195
H10	J06	77	513	3440	68399	1.3454340089464022e-17	3.762227238525207e-06	0.0008126410835214448
K59	K60	22	1171	108	68399	1.3637019707338977e-17	3.762227238525207e-06	0.0008164033107599699
G40	G91	29	1390	183	68399	1.4253860855104855e-17	3.762227238525207e-06	0.0008201655379984951
C71	D43	9	109	41	68399	1.5867024074734347e-17	3.762227238525207e-06	0.0008239277652370204
H83	H91	9	27	177	68399	1.9069460647518912e-17	3.762227238525207e-06	0.0008276899924755456
F98	K59	36	354	1171	68399	2.0804812880466508e-17	3.762227238525207e-06	0.0008314522197140707
F43	F93	16	302	156	68399	2.1297608300901426e-17	3.762227238525207e-06	0.000835214446952596
J02	A09	124	782	4818	68399	2.2102328908229382e-17	3.762227238525207e-06	0.0008389766741911212
B37	J18	88	921	2372	68399	2.2573004790496913e-17	3.762227238525207e-06	0.0008427389014296464
J03	L04	46	2299	306	68399	2.408997994980086e-17	3.762227238525207e-06	0.0008465011286681716
F92	F98	15	109	354	68399	2.4881762400319308e-17	3.762227238525207e-06	0.0008502633559066968
H66	H70	37	1644	274	68399	3.0792176929060514e-17	3.762227238525207e-06	0.000854025583145222
B37	A08	136	921	4691	68399	3.087947338189759e-17	3.762227238525207e-06	0.0008577878103837472
G80	M24	10	228	37	68399	4.468596878573119e-17	3.762227238525207e-06	0.0008615500376222725
B27	J03	38	214	2299	68399	4.954021831048893e-17	3.762227238525207e-06	0.0008653122648607976
F89	G82	14	235	134	68399	5.1239356401456943e-17	3.762227238525207e-06	0.0008690744920993228
J20	J44	166	5175	1117	68399	5.934056804289805e-17	3.762227238525207e-06	0.0008728367193378481
F82	F98	18	207	354	68399	6.744235261767036e-17	3.762227238525207e-06	0.0008765989465763733
H61	H90	23	342	449	68399	1.8184844407959658e-16	3.762227238525207e-06	0.0008803611738148984
F83	J96	31	430	743	68399	2.1112766359323765e-16	3.762227238525207e-06	0.0008841234010534237
F43	F81	12	302	67	68399	2.1283299393985723e-16	3.762227238525207e-06	0.0008878856282919489
G81	I63	8	105	32	68399	2.395628638468045e-16	3.762227238525207e-06	0.0008916478555304741
G81	H53	11	105	135	68399	2.4848707298610073e-16	3.762227238525207e-06	0.0008954100827689992
K35	K37	19	1077	91	68399	2.9795594434731104e-16	3.762227238525207e-06	0.0008991723100075245
E86	B00	51	1716	524	68399	3.0615155626757875e-16	3.762227238525207e-06	0.0009029345372460497
H66	J02	62	1644	782	68399	4.962587062981398e-16	3.762227238525207e-06	0.000906696764484575
N20	E72	7	50	36	68399	5.906742287645824e-16	3.762227238525207e-06	0.0009104589917231001
C49	D48	9	37	181	68399	6.073025712756484e-16	3.762227238525207e-06	0.0009142212189616253
F81	F93	10	67	156	68399	6.30216891495476e-16	3.762227238525207e-06	0.0009179834462001505
G93	H53	12	161	135	68399	6.867494049749186e-16	3.762227238525207e-06	0.0009217456734386758
I89	L03	12	52	440	68399	7.07284650957716e-16	3.762227238525207e-06	0.0009255079006772009
J12	J21	32	310	1169	68399	7.711012003959149e-16	3.762227238525207e-06	0.0009292701279157261
J13	J90	8	71	54	68399	8.975698065614097e-16	3.762227238525207e-06	0.0009330323551542514
M87	M91	7	28	73	68399	1.3642429735821532e-15	3.762227238525207e-06	0.0009367945823927766
C40	D48	7	13	181	68399	1.3684959605181798e-15	3.762227238525207e-06	0.0009405568096313017
F81	F98	12	67	354	68399	1.4238155531828671e-15	3.762227238525207e-06	0.000944319036869827
D48	D76	8	181	24	68399	1.4588230144991323e-15	3.762227238525207e-06	0.0009480812641083522
N18	N19	6	35	24	68399	1.5264441003033544e-15	3.762227238525207e-06	0.0009518434913468774
G93	J96	20	161	743	68399	1.6012333975634084e-15	3.762227238525207e-06	0.0009556057185854025
M84	M85	6	20	45	68399	2.205132617155676e-15	3.762227238525207e-06	0.0009593679458239278
D70	G62	7	150	16	68399	2.382286336780949e-15	3.762227238525207e-06	0.000963130173062453
I47	I49	8	67	65	68399	2.6532572684268265e-15	3.762227238525207e-06	0.0009668924003009782
B37	D64	28	921	305	68399	2.7232596943730923e-15	3.762227238525207e-06	0.0009706546275395035
B37	B00	36	921	524	68399	2.862327322548622e-15	3.762227238525207e-06	0.0009744168547780286
F82	G40	28	207	1390	68399	3.3929651513636803e-15	3.762227238525207e-06	0.000978179082016554
H66	H72	17	1644	53	68399	3.923387439859659e-15	3.762227238525207e-06	0.000981941309255079
E86	J06	164	1716	3440	68399	3.9534080918417205e-15	3.762227238525207e-06	0.0009857035364936042
N17	E87	10	34	392	68399	3.95400921590628e-15	3.762227238525207e-06	0.0009894657637321295
H61	H65	88	342	7328	68399	4.113271371025011e-15	3.762227238525207e-06	0.0009932279909706547
E22	F94	7	29	83	68399	4.565745462431357e-15	3.762227238525207e-06	0.0009969902182091798
F43	F91	14	302	144	68399	4.6562811487432095e-15	3.762227238525207e-06	0.0010007524454477051
J96	J98	40	743	814	68399	4.66937553503978e-15	3.762227238525207e-06	0.0010045146726862303
N18	I10	7	35	69	68399	5.107487863525937e-15	3.762227238525207e-06	0.0010082768999247556
E66	I10	12	382	69	68399	5.130114708121055e-15	3.762227238525207e-06	0.0010120391271632807
D68	A41	13	125	275	68399	5.531159754601853e-15	3.762227238525207e-06	0.0010158013544018058
M24	M62	8	37	133	68399	6.075684961778422e-15	3.762227238525207e-06	0.0010195635816403312
I88	J03	64	627	2299	68399	6.098628527429868e-15	3.762227238525207e-06	0.0010233258088788563
N44	N45	12	168	155	68399	6.193517976626635e-15	3.762227238525207e-06	0.0010270880361173814
G82	M24	8	134	37	68399	6.459004739034878e-15	3.762227238525207e-06	0.0010308502633559068
E88	J96	14	63	743	68399	6.461087526741812e-15	3.762227238525207e-06	0.001034612490594432
F83	F94	13	430	83	68399	7.100302166220307e-15	3.762227238525207e-06	0.0010383747178329572
F70	F82	9	42	207	68399	7.307591672647268e-15	3.762227238525207e-06	0.0010421369450714824
C41	D48	7	16	181	68399	9.062522275020035e-15	3.762227238525207e-06	0.0010458991723100075
N44	N50	11	168	120	68399	1.297069374602978e-14	3.762227238525207e-06	0.0010496613995485328
F80	G40	39	431	1390	68399	1.362005586691824e-14	3.762227238525207e-06	0.001053423626787058
G80	G93	13	228	161	68399	1.3712808580271191e-14	3.762227238525207e-06	0.001057185854025583
C71	D69	14	109	438	68399	1.4623875512893207e-14	3.762227238525207e-06	0.0010609480812641084
J34	J35	48	82	13583	68399	1.6100881402710635e-14	3.762227238525207e-06	0.0010647103085026336
J15	L22	43	1018	710	68399	1.6831314741507654e-14	3.762227238525207e-06	0.001068472535741159
N31	K59	15	55	1171	68399	1.8300823277432913e-14	3.762227238525207e-06	0.001072234762979684
K56	K91	10	497	32	68399	2.0960047047161447e-14	3.762227238525207e-06	0.0010759969902182091
J04	J20	212	1646	5175	68399	2.2075602463611562e-14	3.762227238525207e-06	0.0010797592174567345
E89	H53	6	11	135	68399	2.4210522637584627e-14	3.762227238525207e-06	0.0010835214446952596
J02	J03	72	782	2299	68399	2.4882091036065306e-14	3.762227238525207e-06	0.001087283671933785
N10	A41	15	221	275	68399	2.6003789050297284e-14	3.762227238525207e-06	0.00109104589917231
D50	J15	31	377	1018	68399	2.7613137091135234e-14	3.762227238525207e-06	0.0010948081264108352
F82	F91	12	207	144	68399	3.1241668574225274e-14	3.762227238525207e-06	0.0010985703536493605
F70	F91	8	42	144	68399	3.520477215634778e-14	3.762227238525207e-06	0.0011023325808878857
H10	H66	46	513	1644	68399	3.756199067751347e-14	3.762227238525207e-06	0.0011060948081264108
J02	B08	36	782	672	68399	3.883994058146275e-14	3.762227238525207e-06	0.0011098570353649361
G81	J96	16	105	743	68399	4.0974208893176584e-14	3.762227238525207e-06	0.0011136192626034613
F91	F93	11	144	156	68399	4.374223081073237e-14	3.762227238525207e-06	0.0011173814898419866
G40	M62	22	1390	133	68399	4.460329472351414e-14	3.762227238525207e-06	0.0011211437170805117
C91	K12	13	121	342	68399	5.872433219008544e-14	3.762227238525207e-06	0.0011249059443190369
H10	J31	27	513	573	68399	7.189579125859025e-14	3.762227238525207e-06	0.0011286681715575622
H10	J21	38	513	1169	68399	7.713055294768043e-14	3.762227238525207e-06	0.0011324303987960873
C91	C92	6	121	14	68399	8.023812537082701e-14	3.762227238525207e-06	0.0011361926260346124
K59	K62	18	1171	99	68399	9.589835173849091e-14	3.762227238525207e-06	0.0011399548532731378
H66	H92	16	1644	54	68399	1.0310070561274567e-13	3.762227238525207e-06	0.001143717080511663
K60	K92	10	108	158	68399	1.0334194842904417e-13	3.762227238525207e-06	0.0011474793077501883
F84	G82	12	255	134	68399	1.5659728594182935e-13	3.762227238525207e-06	0.0011512415349887134
N39	B37	50	1103	921	68399	1.8230109427564134e-13	3.762227238525207e-06	0.0011550037622272385
E66	F90	22	382	505	68399	2.1290283305860418e-13	3.762227238525207e-06	0.0011587659894657638
E74	E83	7	71	56	68399	2.1327166903289636e-13	3.762227238525207e-06	0.001162528216704289
J06	J18	202	3440	2372	68399	2.4975964319115547e-13	3.762227238525207e-06	0.001166290443942814
E78	E88	6	30	63	68399	2.7890973848727355e-13	3.762227238525207e-06	0.0011700526711813394
M24	M67	6	37	51	68399	2.8934601152078895e-13	3.762227238525207e-06	0.0011738148984198646
F80	H68	9	431	32	68399	3.555285708838306e-13	3.762227238525207e-06	0.00117757712565839
N12	N13	11	44	673	68399	4.409724593059073e-13	3.762227238525207e-06	0.001181339352896915
J31	J45	40	573	1237	68399	6.907904250779245e-13	3.762227238525207e-06	0.0011851015801354402
A41	E87	17	275	392	68399	7.158553204636436e-13	3.762227238525207e-06	0.0011888638073739655
N13	A41	21	673	275	68399	7.697025729940655e-13	3.762227238525207e-06	0.0011926260346124906
E72	E88	6	36	63	68399	9.11008303725984e-13	3.762227238525207e-06	0.0011963882618510157
G41	G80	11	132	228	68399	1.0761533358438264e-12	3.762227238525207e-06	0.001200150489089541
H05	J32	7	73	69	68399	1.2007814839998348e-12	3.762227238525207e-06	0.0012039127163280662
J30	J46	10	183	119	68399	1.2122176664293526e-12	3.762227238525207e-06	0.0012076749435665916
L01	L20	14	143	463	68399	1.4013984505098863e-12	3.762227238525207e-06	0.0012114371708051167
F82	F84	13	207	255	68399	1.4584237629569328e-12	3.762227238525207e-06	0.0012151993980436418
K56	A09	81	497	4818	68399	1.6828716723611743e-12	3.762227238525207e-06	0.0012189616252821671
F82	F92	10	207	109	68399	1.7008612694948352e-12	3.762227238525207e-06	0.0012227238525206923
C79	H91	6	16	177	68399	2.1609895606380833e-12	3.762227238525207e-06	0.0012264860797592176
C79	J96	8	16	743	68399	2.22592199608393e-12	3.762227238525207e-06	0.0012340105342362679
G62	J96	8	16	743	68399	2.22592199608393e-12	3.762227238525207e-06	0.0012302483069977427
H53	J96	16	135	743	68399	2.2342428649423824e-12	3.762227238525207e-06	0.0012377727614747932
G93	H47	7	161	36	68399	2.766141033224759e-12	3.762227238525207e-06	0.0012415349887133183
B37	B99	50	921	1189	68399	2.841010124663457e-12	3.762227238525207e-06	0.0012452972159518435
J20	J42	27	5175	76	68399	3.5979236993788352e-12	3.762227238525207e-06	0.0012490594431903688
J18	J40	53	2372	519	68399	4.008957640934371e-12	3.762227238525207e-06	0.001252821670428894
J96	K76	13	743	80	68399	4.2743025223150185e-12	3.762227238525207e-06	0.0012565838976674193
D69	J96	26	438	743	68399	4.707816192877769e-12	3.762227238525207e-06	0.0012603461249059444
E14	E16	7	40	156	68399	4.90405481578867e-12	3.762227238525207e-06	0.0012641083521444695
E16	A08	38	156	4691	68399	4.91399621235061e-12	3.762227238525207e-06	0.0012678705793829949
E86	K52	58	1716	831	68399	5.21164980259325e-12	3.762227238525207e-06	0.00127163280662152
D50	J00	36	377	1667	68399	5.248158856903755e-12	3.762227238525207e-06	0.001275395033860045
L20	L27	11	463	77	68399	5.433464742490834e-12	3.762227238525207e-06	0.0012791572610985704
E89	J96	7	11	743	68399	5.514143573938708e-12	3.762227238525207e-06	0.0012829194883370956
N10	N28	10	221	115	68399	5.602274640743009e-12	3.762227238525207e-06	0.001286681715575621
N11	N13	8	19	673	68399	5.790723416859067e-12	3.762227238525207e-06	0.001290443942814146
J03	B00	52	2299	524	68399	5.954312454232512e-12	3.762227238525207e-06	0.0012942061700526712
K76	K86	6	80	39	68399	6.687205920431418e-12	3.762227238525207e-06	0.0012979683972911965
M21	M67	7	130	51	68399	8.214149848320476e-12	3.762227238525207e-06	0.0013017306245297216
J00	J18	114	1667	2372	68399	8.251812581366833e-12	3.762227238525207e-06	0.0013054928517682468
J04	J06	148	1646	3440	68399	8.928474723823857e-12	3.762227238525207e-06	0.001309255079006772
J06	L50	62	3440	475	68399	9.397419411184695e-12	3.762227238525207e-06	0.0013130173062452972
F84	J96	20	255	743	68399	9.746320501411581e-12	3.762227238525207e-06	0.0013167795334838226
J00	J03	111	1667	2299	68399	1.1934188985452055e-11	3.762227238525207e-06	0.0013205417607223477
H69	J35	30	45	13583	68399	1.2023786894613561e-11	3.762227238525207e-06	0.0013243039879608728
J44	L20	32	1117	463	68399	1.3345343138846778e-11	3.762227238525207e-06	0.0013280662151993982
G81	G91	9	105	183	68399	1.387945083699699e-11	3.762227238525207e-06	0.0013318284424379233
C71	H91	9	109	177	68399	1.4469082749850949e-11	3.762227238525207e-06	0.0013355906696764486
E86	J03	113	1716	2299	68399	1.5308119756969228e-11	3.762227238525207e-06	0.0013393528969149737
B99	J40	35	1189	519	68399	1.6547918782767926e-11	3.762227238525207e-06	0.0013431151241534989
I50	J96	9	29	743	68399	1.6556551986376754e-11	3.762227238525207e-06	0.0013468773513920242
H10	J15	32	513	1018	68399	1.7744003895761843e-11	3.762227238525207e-06	0.0013506395786305493
N13	N26	9	673	32	68399	1.878921319162229e-11	3.762227238525207e-06	0.0013544018058690745
B37	H66	59	921	1644	68399	1.9466523959293222e-11	3.762227238525207e-06	0.0013581640331075998
J20	J98	117	5175	814	68399	1.955003981573544e-11	3.762227238525207e-06	0.001361926260346125
B27	L04	13	214	306	68399	2.1821927703692508e-11	3.762227238525207e-06	0.0013656884875846503
H60	H66	18	98	1644	68399	2.1833927200088566e-11	3.762227238525207e-06	0.0013694507148231754
K21	K22	8	333	41	68399	2.4106519091001828e-11	3.762227238525207e-06	0.0013732129420617005
H52	H55	7	143	54	68399	2.455026624084806e-11	3.762227238525207e-06	0.0013769751693002259
E03	J96	14	112	743	68399	2.5467770863265774e-11	3.762227238525207e-06	0.001380737396538751
F83	F93	13	430	156	68399	2.7625195427577747e-11	3.762227238525207e-06	0.0013844996237772761
F89	G80	12	235	228	68399	3.258238904012926e-11	3.762227238525207e-06	0.0013882618510158015
D48	M85	7	181	45	68399	3.370001572369306e-11	3.762227238525207e-06	0.0013920240782543266
G41	G81	8	132	105	68399	3.697005294168246e-11	3.762227238525207e-06	0.001395786305492852
J15	J91	9	1018	24	68399	3.702962021452101e-11	3.762227238525207e-06	0.001399548532731377
B37	J44	46	921	1117	68399	4.253694372432521e-11	3.762227238525207e-06	0.0014033107599699022
D69	A41	16	438	275	68399	4.406566033532072e-11	3.762227238525207e-06	0.0014070729872084275
G40	H53	19	1390	135	68399	4.4281180259784114e-11	3.762227238525207e-06	0.0014108352144469526
J06	J98	87	3440	814	68399	4.707783018237506e-11	3.762227238525207e-06	0.0014145974416854778
N13	N20	10	673	50	68399	5.738992131227407e-11	3.762227238525207e-06	0.001418359668924003
D64	G62	6	305	16	68399	5.7720714766659084e-11	3.762227238525207e-06	0.0014221218961625282
K02	K05	13	1930	41	68399	5.825712525178152e-11	3.762227238525207e-06	0.0014258841234010536
D50	J20	67	377	5175	68399	5.836598073799677e-11	3.762227238525207e-06	0.0014296463506395787
J20	J96	108	5175	743	68399	5.839893346199452e-11	3.762227238525207e-06	0.0014334085778781038
B37	J12	23	921	310	68399	6.343057822268191e-11	3.762227238525207e-06	0.0014371708051166292
J02	J20	112	782	5175	68399	6.469422555798849e-11	3.762227238525207e-06	0.0014409330323551543
E73	E74	6	63	71	68399	6.533097563070914e-11	3.762227238525207e-06	0.0014446952595936796
N31	N39	12	55	1103	68399	6.7647650558642e-11	3.762227238525207e-06	0.0014484574868322048
F43	F92	10	302	109	68399	7.033371266511436e-11	3.762227238525207e-06	0.0014522197140707299
K22	K29	6	41	113	68399	7.623090323636539e-11	3.762227238525207e-06	0.0014559819413092552
D43	G80	7	41	228	68399	8.511172105915848e-11	3.762227238525207e-06	0.0014597441685477803
J02	L22	32	782	710	68399	8.813470168993119e-11	3.762227238525207e-06	0.0014635063957863055
F84	F98	14	255	354	68399	9.769161109336318e-11	3.762227238525207e-06	0.0014672686230248308
I88	L04	19	627	306	68399	1.0082029437533469e-10	3.762227238525207e-06	0.001471030850263356
D17	D48	7	54	181	68399	1.2891000388147267e-10	3.762227238525207e-06	0.0014747930775018813
J00	J02	52	1667	782	68399	1.3128074579764545e-10	3.762227238525207e-06	0.0014785553047404064
E22	F98	7	29	354	68399	1.326605817963003e-10	3.762227238525207e-06	0.0014823175319789315
F80	H91	13	431	177	68399	1.3872540629401498e-10	3.762227238525207e-06	0.0014860797592174569
C47	A41	6	20	275	68399	1.478440053027705e-10	3.762227238525207e-06	0.001489841986455982
N13	N31	10	673	55	68399	1.5635185686240555e-10	3.762227238525207e-06	0.0014936042136945071
E03	F83	11	112	430	68399	1.5856873255441857e-10	3.762227238525207e-06	0.0014973664409330325
E87	K52	24	392	831	68399	1.5865507799980604e-10	3.762227238525207e-06	0.0015011286681715576
J06	A08	332	3440	4691	68399	1.6025579546958602e-10	3.762227238525207e-06	0.001504890895410083
E34	F80	17	355	431	68399	1.7583477840438622e-10	3.762227238525207e-06	0.001508653122648608
J00	J21	67	1667	1169	68399	1.8975511274364012e-10	3.762227238525207e-06	0.0015124153498871332
J06	J20	360	3440	5175	68399	1.928424422457005e-10	3.762227238525207e-06	0.0015161775771256585
G82	M21	8	134	130	68399	2.333253540981962e-10	3.762227238525207e-06	0.0015199398043641836
F89	H54	6	235	25	68399	2.5868842598270254e-10	3.762227238525207e-06	0.0015237020316027088
G51	G81	8	170	105	68399	2.801250328168499e-10	3.762227238525207e-06	0.0015274642588412341
H68	J35	23	32	13583	68399	2.9635049753453273e-10	3.762227238525207e-06	0.0015312264860797592
J06	L22	77	3440	710	68399	3.0474693591967864e-10	3.762227238525207e-06	0.0015349887133182846
F91	F98	11	144	354	68399	3.094796817903779e-10	3.762227238525207e-06	0.0015387509405568097
E16	E74	7	156	71	68399	3.2974258060565757e-10	3.762227238525207e-06	0.0015425131677953348
E71	J96	8	27	743	68399	3.4554784814096803e-10	3.762227238525207e-06	0.0015462753950338602
J15	J90	11	1018	54	68399	4.019482969559035e-10	3.762227238525207e-06	0.0015500376222723853
C79	D69	6	16	438	68399	5.054328754830842e-10	3.762227238525207e-06	0.0015537998495109104
D80	J96	11	74	743	68399	5.190906539682414e-10	3.762227238525207e-06	0.0015575620767494358
E10	K90	10	292	138	68399	5.265835932722351e-10	3.762227238525207e-06	0.0015613243039879609
A04	E86	30	313	1716	68399	5.409191057366455e-10	3.762227238525207e-06	0.0015650865312264862
B99	H66	66	1189	1644	68399	5.419040039601122e-10	3.762227238525207e-06	0.0015688487584650114
J04	J38	54	1646	876	68399	5.698490165015056e-10	3.762227238525207e-06	0.0015726109857035365
E87	K91	7	392	32	68399	5.726886659132322e-10	3.762227238525207e-06	0.0015763732129420618
D69	I50	7	438	29	68399	5.817423803762701e-10	3.762227238525207e-06	0.001580135440180587
L02	L03	14	236	440	68399	5.966792136780212e-10	3.762227238525207e-06	0.0015838976674191123
F84	G93	10	255	161	68399	6.434870575773154e-10	3.762227238525207e-06	0.0015876598946576374
F82	H52	9	207	143	68399	6.713172215151166e-10	3.762227238525207e-06	0.0015914221218961625
D70	H53	8	150	135	68399	7.755167000899842e-10	3.762227238525207e-06	0.0015951843491346879
E66	K76	9	382	80	68399	7.868415582349377e-10	3.762227238525207e-06	0.001598946576373213
J06	J38	88	3440	876	68399	8.35127353013794e-10	3.762227238525207e-06	0.0016027088036117381
G40	H54	9	1390	25	68399	8.782752094413058e-10	3.762227238525207e-06	0.0016064710308502635
B37	J40	28	921	519	68399	9.013620908180384e-10	3.762227238525207e-06	0.0016102332580887886
J98	L50	25	814	475	68399	9.976617402591116e-10	3.762227238525207e-06	0.001613995485327314
J95	J96	7	20	743	68399	1.189706288294197e-09	3.762227238525207e-06	0.001617757712565839
E83	E87	8	56	392	68399	1.2109022454376375e-09	3.762227238525207e-06	0.0016215199398043642
F50	B00	11	112	524	68399	1.2572705395715135e-09	3.762227238525207e-06	0.0016252821670428895
H71	H90	8	51	449	68399	1.6116930396726105e-09	3.762227238525207e-06	0.0016290443942814147
E03	E23	6	112	68	68399	1.695960830954959e-09	3.762227238525207e-06	0.0016328066215199398
A41	I50	6	275	29	68399	1.7577062196281571e-09	3.762227238525207e-06	0.0016365688487584651
F90	G40	34	505	1390	68399	1.866428022556063e-09	3.762227238525207e-06	0.0016403310759969902
K12	B00	17	342	524	68399	1.911244560577408e-09	3.762227238525207e-06	0.0016440933032355156
K51	K52	8	30	831	68399	2.1216119758050948e-09	3.762227238525207e-06	0.0016478555304740407
F70	F98	7	42	354	68399	2.1643933959960716e-09	3.762227238525207e-06	0.0016516177577125658
F89	F91	9	235	144	68399	2.1744153160849466e-09	3.762227238525207e-06	0.0016553799849510912
D50	D64	14	377	305	68399	2.25963018578477e-09	3.762227238525207e-06	0.0016591422121896163
H66	J15	58	1644	1018	68399	2.34819746994611e-09	3.762227238525207e-06	0.0016629044394281414
N43	N47	181	807	10044	68399	2.4300545180975365e-09	3.762227238525207e-06	0.0016666666666666668
M25	M79	8	141	166	68399	2.4436800186133397e-09	3.762227238525207e-06	0.001670428893905192
J93	J96	8	34	743	68399	2.6427445040612236e-09	3.762227238525207e-06	0.0016741911211437172
K50	K52	8	31	831	68399	2.8290600069657162e-09	3.762227238525207e-06	0.0016779533483822424
B37	D50	23	921	377	68399	2.855302790371723e-09	3.762227238525207e-06	0.0016817155756207675
H53	H91	8	135	177	68399	2.87118259585992e-09	3.762227238525207e-06	0.0016854778028592928
D50	A09	60	377	4818	68399	3.0036467204955068e-09	3.762227238525207e-06	0.001689240030097818
J15	J18	74	1018	2372	68399	3.026638076308797e-09	3.762227238525207e-06	0.0016930022573363433
G82	J96	13	134	743	68399	3.1381850830088524e-09	3.762227238525207e-06	0.0016967644845748684
D64	I50	6	305	29	68399	3.2609632263696106e-09	3.762227238525207e-06	0.0017005267118133935
G82	G91	8	134	183	68399	3.5185087337604135e-09	3.762227238525207e-06	0.0017042889390519189
K52	K56	25	831	497	68399	3.761358913432844e-09	3.762227238525207e-06	0.001708051166290444
F79	G40	9	29	1390	68399	4.00182049558202e-09	3.762227238525207e-06	0.0017118133935289691
E66	F80	16	382	431	68399	4.112334655049012e-09	3.762227238525207e-06	0.0017155756207674945
A08	K56	71	4691	497	68399	4.2939597200047e-09	3.762227238525207e-06	0.0017193378480060196
J12	J18	34	310	2372	68399	4.407628236268601e-09	3.762227238525207e-06	0.001723100075244545
D70	B09	7	150	107	68399	4.597293713245361e-09	3.762227238525207e-06	0.00172686230248307
B37	B08	31	921	672	68399	4.81848393546679e-09	3.762227238525207e-06	0.0017306245297215952
J18	J21	81	2372	1169	68399	4.8322443871179706e-09	3.762227238525207e-06	0.0017343867569601205
E23	H53	6	68	135	68399	5.230770165193789e-09	3.762227238525207e-06	0.0017381489841986457
B99	J03	80	1189	2299	68399	5.5971188603409466e-09	3.762227238525207e-06	0.0017419112114371708
D64	D68	9	305	125	68399	6.023335600860892e-09	3.762227238525207e-06	0.0017456734386756961
G00	G91	6	52	183	68399	6.208096975176941e-09	3.762227238525207e-06	0.0017494356659142213
N20	N39	10	50	1103	68399	6.542669597032744e-09	3.762227238525207e-06	0.0017531978931527466
G81	G93	7	105	161	68399	6.583621966458874e-09	3.762227238525207e-06	0.0017569601203912717
C71	G40	15	109	1390	68399	6.598055604639342e-09	3.762227238525207e-06	0.0017607223476297968
K21	K31	7	333	52	68399	6.747592671168686e-09	3.762227238525207e-06	0.0017644845748683222
N10	N12	6	221	44	68399	6.77142861354885e-09	3.762227238525207e-06	0.0017682468021068473
J06	J44	102	3440	1117	68399	6.794400570145363e-09	3.762227238525207e-06	0.0017720090293453724
J00	J04	80	1667	1646	68399	7.007889544040015e-09	3.762227238525207e-06	0.0017757712565838978
H54	J96	7	25	743	68399	7.037189594727652e-09	3.762227238525207e-06	0.001779533483822423
J98	A08	101	814	4691	68399	7.072983448915868e-09	3.762227238525207e-06	0.0017832957110609482
A04	L22	18	313	710	68399	7.313351831082632e-09	3.762227238525207e-06	0.0017870579382994734
J46	J96	12	119	743	68399	8.13791798870392e-09	3.762227238525207e-06	0.0017908201655379985
G41	G82	7	132	134	68399	9.087737649346863e-09	3.762227238525207e-06	0.0017945823927765238
F40	K02	7	12	1930	68399	9.854420534210321e-09	3.762227238525207e-06	0.001798344620015049
B34	J02	32	866	782	68399	1.0873961080726916e-08	3.762227238525207e-06	0.001802106847253574
D64	I27	6	305	35	68399	1.0895047017529919e-08	3.762227238525207e-06	0.0018058690744920994
N11	N39	7	19	1103	68399	1.1839942594515594e-08	3.762227238525207e-06	0.0018096313017306246
D64	H53	9	305	135	68399	1.1842622161719235e-08	3.762227238525207e-06	0.00181339352896915
F70	F84	6	42	255	68399	1.1865754691368557e-08	3.762227238525207e-06	0.001817155756207675
C71	G51	7	109	170	68399	1.2455818657456706e-08	3.762227238525207e-06	0.0018209179834462001
J02	J15	35	782	1018	68399	1.3669793790831366e-08	3.762227238525207e-06	0.0018246802106847255
C74	A41	6	40	275	68399	1.3685988860016504e-08	3.762227238525207e-06	0.0018284424379232506
D68	J96	12	125	743	68399	1.4240267816648692e-08	3.762227238525207e-06	0.001832204665161776
L22	B08	26	710	672	68399	1.5890478550263048e-08	3.762227238525207e-06	0.001835966892400301
K00	K02	20	154	1930	68399	1.6199551729512686e-08	3.762227238525207e-06	0.0018397291196388262
D69	H53	10	438	135	68399	2.022213915512285e-08	3.762227238525207e-06	0.0018434913468773515
J44	J45	49	1117	1237	68399	2.0598025714023157e-08	3.762227238525207e-06	0.0018472535741158767
D61	A41	6	44	275	68399	2.4832498138706453e-08	3.762227238525207e-06	0.0018510158013544018
F83	G81	9	430	105	68399	2.489485596590079e-08	3.762227238525207e-06	0.0018547780285929271
B37	A09	111	921	4818	68399	2.7000726747213135e-08	3.762227238525207e-06	0.0018585402558314523
F82	F93	8	207	156	68399	3.0346323345221836e-08	3.762227238525207e-06	0.0018623024830699776
J10	M60	7	271	79	68399	3.222690723390459e-08	3.762227238525207e-06	0.0018660647103085027
G41	G93	7	132	161	68399	3.232464601542949e-08	3.762227238525207e-06	0.0018698269375470279
F89	G71	6	235	54	68399	3.471318377774822e-08	3.762227238525207e-06	0.0018735891647855532
E66	G47	16	382	503	68399	3.5300094184878555e-08	3.762227238525207e-06	0.0018773513920240783
D64	J18	32	305	2372	68399	3.557021782867783e-08	3.762227238525207e-06	0.0018811136192626034
F43	F82	10	302	207	68399	3.601113516057614e-08	3.762227238525207e-06	0.0018848758465011288
K56	K63	7	497	45	68399	3.6651850834133815e-08	3.762227238525207e-06	0.001888638073739654
F82	G93	8	207	161	68399	3.8780188838084316e-08	3.762227238525207e-06	0.0018924003009781793
G80	J96	15	228	743	68399	3.9913584471123996e-08	3.762227238525207e-06	0.0018961625282167044
F84	G41	8	255	132	68399	4.132663772834627e-08	3.762227238525207e-06	0.0018999247554552295
A04	E87	13	313	392	68399	4.340901431011288e-08	3.762227238525207e-06	0.0019036869826937548
J69	J96	8	48	743	68399	4.8042096070766934e-08	3.762227238525207e-06	0.00190744920993228
J45	J96	37	1237	743	68399	4.9790442185521365e-08	3.762227238525207e-06	0.001911211437170805
D69	E87	15	438	392	68399	5.0877340798867585e-08	3.762227238525207e-06	0.0019149736644093304
F80	H61	14	431	342	68399	5.099904485038549e-08	3.762227238525207e-06	0.0019187358916478556
F89	F98	11	235	354	68399	5.1978119387053636e-08	3.762227238525207e-06	0.001922498118886381
G51	H53	7	170	135	68399	5.481828465501061e-08	3.762227238525207e-06	0.001926260346124906
E88	G40	11	63	1390	68399	5.497662681904239e-08	3.762227238525207e-06	0.0019300225733634312
K02	L03	35	1930	440	68399	5.589775308630625e-08	3.762227238525207e-06	0.0019337848006019565
I42	J96	7	33	743	68399	5.799499026591173e-08	3.762227238525207e-06	0.0019375470278404816
E70	J96	7	33	743	68399	5.799499026591173e-08	3.762227238525207e-06	0.001941309255079007
K05	K12	6	41	342	68399	5.802383419202538e-08	3.762227238525207e-06	0.001945071482317532
N35	N47	36	98	10044	68399	5.887295110157366e-08	3.762227238525207e-06	0.0019488337095560572
A04	A08	49	313	4691	68399	5.96404088931455e-08	3.762227238525207e-06	0.0019525959367945826
J45	J98	39	1237	814	68399	6.011971934104494e-08	3.762227238525207e-06	0.001956358164033108
G81	G82	6	105	134	68399	6.931458121345407e-08	3.762227238525207e-06	0.001960120391271633
H27	H50	7	37	680	68399	7.397400985786277e-08	3.762227238525207e-06	0.001963882618510158
D70	G93	7	150	161	68399	7.786340643937976e-08	3.762227238525207e-06	0.0019676448457486835
E34	F83	14	355	430	68399	7.84066733390176e-08	3.762227238525207e-06	0.0019714070729872084
H35	J96	8	51	743	68399	7.877852070354387e-08	3.762227238525207e-06	0.0019751693002257337
B37	J15	37	921	1018	68399	8.336536781980113e-08	3.762227238525207e-06	0.001978931527464259
L50	M02	7	475	53	68399	8.720227224486426e-08	3.762227238525207e-06	0.001982693754702784
A41	J90	6	275	54	68399	8.784588798229952e-08	3.762227238525207e-06	0.0019864559819413093
I27	J96	7	35	743	68399	8.95836788215686e-08	3.762227238525207e-06	0.0019902182091798347
F83	G93	10	430	161	68399	9.06064431049127e-08	3.762227238525207e-06	0.0019939804364183596
D69	I27	6	438	35	68399	9.242541684616566e-08	3.762227238525207e-06	0.001997742663656885
H70	K02	26	274	1930	68399	9.320438729749011e-08	3.762227238525207e-06	0.0020015048908954103
N39	L22	33	1103	710	68399	9.328504308915938e-08	3.762227238525207e-06	0.002005267118133935
F98	G40	25	354	1390	68399	1.0096382638488345e-07	3.762227238525207e-06	0.0020090293453724605
E66	F81	7	382	67	68399	1.045883251689863e-07	3.762227238525207e-06	0.002012791572610986
K42	K43	6	306	51	68399	1.1606458001206306e-07	3.762227238525207e-06	0.002016553799849511
B27	I88	13	214	627	68399	1.1644919662685538e-07	3.762227238525207e-06	0.002020316027088036
K62	K92	6	99	158	68399	1.2957736058387914e-07	3.762227238525207e-06	0.0020240782543265614
H10	J18	43	513	2372	68399	1.356477202104683e-07	3.762227238525207e-06	0.002027840481565087
E87	F89	11	392	235	68399	1.4459119400938223e-07	3.762227238525207e-06	0.0020316027088036117
G47	G71	7	503	54	68399	1.465883548405743e-07	3.762227238525207e-06	0.002035364936042137
B27	L27	6	214	77	68399	1.7223791422650848e-07	3.762227238525207e-06	0.0020391271632806624
F83	G41	9	430	132	68399	1.8103808219491707e-07	3.762227238525207e-06	0.0020428893905191873
E87	G40	26	392	1390	68399	1.930772172114282e-07	3.762227238525207e-06	0.0020466516177577126
F83	M62	9	430	133	68399	1.9310825288075846e-07	3.762227238525207e-06	0.002050413844996238
G80	G91	8	228	183	68399	2.1820483719691277e-07	3.762227238525207e-06	0.002054176072234763
F89	G47	12	235	503	68399	2.2272153979485336e-07	3.762227238525207e-06	0.0020579382994732882
E71	E86	8	27	1716	68399	2.2408520347362184e-07	3.762227238525207e-06	0.0020617005267118136
E87	K56	15	392	497	68399	2.5715186821443586e-07	3.762227238525207e-06	0.002065462753950339
J03	A09	226	2299	4818	68399	2.647962988388855e-07	3.762227238525207e-06	0.002069224981188864
B37	A41	17	921	275	68399	2.68522697142196e-07	3.762227238525207e-06	0.002072987208427389
K04	K12	17	740	342	68399	2.76536267812289e-07	3.762227238525207e-06	0.0020767494356659145
A04	I88	15	313	627	68399	2.7707124488398475e-07	3.762227238525207e-06	0.0020805116629044394
K11	L04	6	59	306	68399	2.817871583967288e-07	3.762227238525207e-06	0.0020842738901429647
A41	A49	9	275	218	68399	3.0026047380916797e-07	3.762227238525207e-06	0.00208803611738149
E66	F82	10	382	207	68399	3.1623954979358833e-07	3.762227238525207e-06	0.002091798344620015
G44	J01	6	127	144	68399	3.286631198521737e-07	3.762227238525207e-06	0.0020955605718585403
D70	B08	11	150	672	68399	3.293195602388056e-07	3.762227238525207e-06	0.0020993227990970657
L20	L30	8	463	97	68399	3.542703074354525e-07	3.762227238525207e-06	0.0021030850263355906
N45	N50	6	155	120	68399	3.6263805688636986e-07	3.762227238525207e-06	0.002106847253574116
G91	H50	12	183	680	68399	3.685531125937878e-07	3.762227238525207e-06	0.0021106094808126413
J38	J98	30	876	814	68399	3.7079871657268635e-07	3.762227238525207e-06	0.002114371708051166
J06	A09	318	3440	4818	68399	3.8463185829446866e-07	3.762227238525207e-06	0.0021181339352896915
E86	L22	42	1716	710	68399	4.1298035282827936e-07	3.762227238525207e-06	0.002121896162528217
F89	G41	7	235	132	68399	4.228376243859577e-07	3.762227238525207e-06	0.002125658389766742
F83	H50	18	430	680	68399	4.494806924178922e-07	3.762227238525207e-06	0.002129420617005267
E87	G93	9	392	161	68399	4.5127001904938144e-07	3.762227238525207e-06	0.0021331828442437925
F89	F94	6	235	83	68399	4.6685768714053204e-07	3.762227238525207e-06	0.002136945071482318
G40	J69	9	1390	48	68399	4.7383790329817246e-07	3.762227238525207e-06	0.0021407072987208427
D64	J20	49	305	5175	68399	4.935593855223447e-07	3.762227238525207e-06	0.002144469525959368
C71	F83	8	109	430	68399	4.991333399411004e-07	3.762227238525207e-06	0.0021482317531978934
D64	H66	24	305	1644	68399	5.014248793269241e-07	3.762227238525207e-06	0.0021519939804364183
E03	G40	13	112	1390	68399	5.045982102066924e-07	3.762227238525207e-06	0.0021557562076749436
C71	D48	6	109	181	68399	5.103768487383945e-07	3.762227238525207e-06	0.002159518434913469
H10	J44	26	513	1117	68399	5.308545431297344e-07	3.762227238525207e-06	0.002163280662151994
B99	J02	35	1189	782	68399	5.472727321074865e-07	3.762227238525207e-06	0.0021670428893905192
D69	D72	6	438	47	68399	5.729864849010269e-07	3.762227238525207e-06	0.0021708051166290446
B37	J11	15	921	229	68399	6.457906740037457e-07	3.762227238525207e-06	0.00217456734386757
H60	H61	7	98	342	68399	6.883014828940541e-07	3.762227238525207e-06	0.002178329571106095
F82	F89	8	207	235	68399	6.983433996569653e-07	3.762227238525207e-06	0.00218209179834462
D68	E87	8	125	392	68399	7.10964398066282e-07	3.762227238525207e-06	0.0021858540255831455
H10	J02	21	513	782	68399	7.139298050971049e-07	3.762227238525207e-06	0.0021896162528216704
G93	M21	6	161	130	68399	7.257484756966488e-07	3.762227238525207e-06	0.0021933784800601958
B37	J09	9	921	75	68399	7.948163324148038e-07	3.762227238525207e-06	0.002197140707298721
L03	B01	11	440	249	68399	8.013406110296015e-07	3.762227238525207e-06	0.002200902934537246
B37	K21	18	921	333	68399	8.581927103686822e-07	3.762227238525207e-06	0.0022046651617757713
I10	J96	8	69	743	68399	8.711873818984e-07	3.762227238525207e-06	0.0022084273890142967
D70	J96	11	150	743	68399	8.778082546510013e-07	3.762227238525207e-06	0.0022121896162528216
F45	K59	9	61	1171	68399	9.568380166520192e-07	3.762227238525207e-06	0.002215951843491347
K59	K91	7	1171	32	68399	9.80681543545861e-07	3.762227238525207e-06	0.0022197140707298723
G82	H50	10	134	680	68399	1.0667181437451435e-06	3.762227238525207e-06	0.002223476297968397
D64	D80	6	305	74	68399	1.074594775866471e-06	3.762227238525207e-06	0.0022272385252069225
K21	K92	8	333	158	68399	1.239279821162183e-06	3.762227238525207e-06	0.002231000752445448
B99	B08	31	1189	672	68399	1.2827291023453676e-06	3.762227238525207e-06	0.002234762979683973
E66	F43	11	382	302	68399	1.3348959972479643e-06	3.762227238525207e-06	0.002238525206922498
H10	J98	21	513	814	68399	1.3447781169335996e-06	3.762227238525207e-06	0.0022422874341610235
H66	A09	167	1644	4818	68399	1.4168867988187674e-06	3.762227238525207e-06	0.002246049661399549
L03	M79	9	440	166	68399	1.5102994859831712e-06	3.762227238525207e-06	0.0022498118886380737
E34	F82	9	355	207	68399	1.6171732480710433e-06	3.762227238525207e-06	0.002253574115876599
D68	D69	8	125	438	68399	1.623062455184695e-06	3.762227238525207e-06	0.0022573363431151244
D64	J21	19	305	1169	68399	1.725338922776275e-06	3.762227238525207e-06	0.0022610985703536493
N43	N50	10	807	120	68399	1.7879726287609847e-06	3.762227238525207e-06	0.0022648607975921746
B07	B08	12	216	672	68399	1.8798952588626069e-06	3.762227238525207e-06	0.0022686230248307
G91	H53	6	183	135	68399	1.9061183969891198e-06	3.762227238525207e-06	0.002272385252069225
H66	J98	43	1644	814	68399	1.9094627331643425e-06	3.762227238525207e-06	0.0022761474793077502
D64	G91	8	305	183	68399	1.9395405153008173e-06	3.762227238525207e-06	0.0022799097065462756
B34	L22	26	866	710	68399	1.994706887602022e-06	3.762227238525207e-06	0.0022836719337848005
J12	J96	15	310	743	68399	2.0099016677562935e-06	3.762227238525207e-06	0.002287434161023326
D64	J06	36	305	3440	68399	2.1605407313018753e-06	3.762227238525207e-06	0.002291196388261851
N13	B37	26	673	921	68399	2.299798592118534e-06	3.762227238525207e-06	0.0022949586155003765
E45	E87	6	66	392	68399	2.3182429836867975e-06	3.762227238525207e-06	0.0022987208427389014
C71	F89	6	109	235	68399	2.3251289811274263e-06	3.762227238525207e-06	0.0023024830699774268
J13	J31	7	71	573	68399	2.335495323584575e-06	3.762227238525207e-06	0.002306245297215952
J06	J40	52	3440	519	68399	2.336652906049621e-06	3.762227238525207e-06	0.002310007524454477
E72	J96	6	36	743	68399	2.3763346972032638e-06	3.762227238525207e-06	0.0023137697516930024
H47	J96	6	36	743	68399	2.3763346972032638e-06	3.762227238525207e-06	0.0023175319789315277
F83	H53	8	430	135	68399	2.5247214217671457e-06	3.762227238525207e-06	0.0023212942061700526
J31	L20	16	573	463	68399	2.541745144714965e-06	3.762227238525207e-06	0.002325056433408578
E03	F89	6	112	235	68399	2.723496066802645e-06	3.762227238525207e-06	0.0023288186606471033
E23	E87	6	68	392	68399	2.7658742645928408e-06	3.762227238525207e-06	0.002332580887885628
F83	G91	9	430	183	68399	2.7973701821998152e-06	3.762227238525207e-06	0.0023363431151241535
J44	J96	31	1117	743	68399	2.8047120712356546e-06	3.762227238525207e-06	0.002340105342362679
D70	A41	7	150	275	68399	2.8349531656633977e-06	3.762227238525207e-06	0.0023438675696012042
D70	H91	6	150	177	68399	2.896258924519262e-06	3.762227238525207e-06	0.002347629796839729
F80	H65	78	431	7328	68399	2.9063650959944615e-06	3.762227238525207e-06	0.0023513920240782545
J03	B09	15	2299	107	68399	3.104129829835021e-06	3.762227238525207e-06	0.00235515425131678
H66	J44	53	1644	1117	68399	3.1777790980745314e-06	3.762227238525207e-06	0.0023589164785553047
B99	K00	13	1189	154	68399	3.3934045527626244e-06	3.762227238525207e-06	0.00236267870579383
C71	E87	7	109	392	68399	3.4719939486696177e-06	3.762227238525207e-06	0.0023664409330323554
E03	E66	7	112	382	68399	3.5132369464258455e-06	3.762227238525207e-06	0.0023702031602708803
H61	H91	8	342	177	68399	3.52053705552742e-06	3.762227238525207e-06	0.0023739653875094057
B37	L21	7	921	48	68399	3.5730589087188355e-06	3.762227238525207e-06	0.002377727614747931
F82	G82	6	207	134	68399	3.715552673328614e-06	3.762227238525207e-06	0.002381489841986456
F89	G91	7	235	183	68399	3.7564057272852403e-06	3.762227238525207e-06	0.0023852520692249812
