ICD1	ICD2	val11	occ1	occ2	NN	pval	bonf_thresh	fdr_thresh
N13	N20	217	430	710	54408	2.4116889758440665e-298	4.363001745200698e-06	4.363001745200698e-06
J32	J34	250	619	1003	54408	3.2397565293603753e-271	4.363001745200698e-06	8.726003490401396e-06
M51	M54	341	1396	1796	54408	1.5577795445230023e-197	4.363001745200698e-06	1.3089005235602094e-05
K21	K44	144	488	472	54408	6.999314800547021e-182	4.363001745200698e-06	1.7452006980802792e-05
N92	D25	405	2491	1673	54408	5.3945203973557004e-179	4.363001745200698e-06	2.1815008726003488e-05
N80	N97	316	1424	1749	54408	1.6391526468825436e-172	4.363001745200698e-06	2.6178010471204188e-05
H91	H93	120	407	342	54408	6.646514075768756e-170	4.363001745200698e-06	3.054101221640489e-05
N20	N23	125	710	279	54408	5.74642479848615e-160	4.363001745200698e-06	3.4904013961605584e-05
N73	N80	222	844	1424	54408	4.874036931254628e-156	4.363001745200698e-06	3.926701570680628e-05
J34	M95	102	1003	132	54408	1.7891371788114534e-150	4.363001745200698e-06	4.3630017452006976e-05
K29	K44	177	1539	472	54408	2.6394729132181867e-148	4.363001745200698e-06	4.799301919720768e-05
E66	I10	222	1357	1048	54408	7.593642070741411e-139	4.363001745200698e-06	5.2356020942408376e-05
N70	N73	154	824	844	54408	1.5727621509519016e-118	4.363001745200698e-06	5.671902268760907e-05
N73	N83	220	844	2110	54408	5.2321991767880196e-117	4.363001745200698e-06	6.108202443280977e-05
N73	N97	203	844	1749	54408	2.961450776141472e-116	4.363001745200698e-06	6.544502617801046e-05
K21	K29	154	488	1539	54408	1.5385540694958932e-115	4.363001745200698e-06	6.980802792321117e-05
N84	N92	257	1070	2491	54408	6.859319404070324e-111	4.363001745200698e-06	7.417102966841187e-05
N13	N23	77	430	279	54408	3.5568892948725534e-96	4.363001745200698e-06	7.853403141361256e-05
F10	K70	53	630	63	54408	2.9478749931561025e-93	4.363001745200698e-06	8.289703315881326e-05
F10	F32	144	630	1416	54408	1.9499945690818647e-91	4.363001745200698e-06	8.726003490401395e-05
E78	I10	151	950	1048	54408	3.828617597281695e-91	4.363001745200698e-06	9.162303664921466e-05
C73	E89	39	107	74	54408	1.5362622068746093e-88	4.363001745200698e-06	9.598603839441536e-05
M23	M94	80	1233	169	54408	1.1222148620540307e-84	4.363001745200698e-06	0.00010034904013961605
K80	K81	93	2145	168	54408	1.8387428349347258e-84	4.363001745200698e-06	0.00010471204188481675
F32	F43	160	1416	946	54408	6.003530824525072e-81	4.363001745200698e-06	0.00010907504363001745
E66	E78	152	1357	950	54408	5.824721774086145e-76	4.363001745200698e-06	0.00011343804537521814
F32	F41	127	1416	622	54408	2.9196947760848314e-74	4.363001745200698e-06	0.00011780104712041885
N77	B37	31	35	193	54408	4.551242787392171e-73	4.363001745200698e-06	0.00012216404886561955
F10	F60	71	630	287	54408	1.8586214116655265e-72	4.363001745200698e-06	0.00012652705061082025
N80	N83	222	1424	2110	54408	1.3552798595333788e-71	4.363001745200698e-06	0.00013089005235602093
I84	K60	76	761	304	54408	1.3721255595381915e-71	4.363001745200698e-06	0.00013525305410122163
N85	N92	140	494	2491	54408	3.6755142975247514e-70	4.363001745200698e-06	0.00013961605584642233
F10	F43	104	630	946	54408	1.3405643245791424e-68	4.363001745200698e-06	0.00014397905759162304
N80	K66	105	1424	464	54408	6.42871924030839e-66	4.363001745200698e-06	0.00014834205933682374
N80	N94	110	1424	522	54408	1.381679144455346e-65	4.363001745200698e-06	0.00015270506108202442
F10	F13	49	630	116	54408	1.497233982601969e-63	4.363001745200698e-06	0.00015706806282722512
J32	J33	50	619	128	54408	4.2392189617157254e-63	4.363001745200698e-06	0.00016143106457242582
F32	F60	84	1416	287	54408	5.361406215193834e-63	4.363001745200698e-06	0.00016579406631762653
F43	F60	73	946	287	54408	1.7590184617509598e-62	4.363001745200698e-06	0.00017015706806282723
M23	M24	70	1233	204	54408	3.3541890375680248e-62	4.363001745200698e-06	0.0001745200698080279
M22	M23	67	187	1233	54408	4.833722945496857e-61	4.363001745200698e-06	0.0001788830715532286
J33	J34	55	128	1003	54408	1.7828292387963966e-60	4.363001745200698e-06	0.0001832460732984293
I84	K62	59	761	218	54408	6.159280508336587e-58	4.363001745200698e-06	0.00018760907504363001
K60	K61	40	304	167	54408	1.7908834566442875e-53	4.363001745200698e-06	0.00019197207678883072
M47	M54	69	186	1796	54408	4.620475502296614e-53	4.363001745200698e-06	0.00019633507853403142
F10	F33	64	630	395	54408	7.939970673250331e-53	4.363001745200698e-06	0.0002006980802792321
E11	I10	61	223	1048	54408	8.717590953332165e-52	4.363001745200698e-06	0.0002050610820244328
E11	E66	66	223	1357	54408	3.1057681397316846e-51	4.363001745200698e-06	0.0002094240837696335
M53	M54	101	477	1796	54408	4.305658791643008e-51	4.363001745200698e-06	0.0002137870855148342
N92	D50	135	2491	647	54408	2.1282812793209772e-50	4.363001745200698e-06	0.0002181500872600349
M42	M51	49	101	1396	54408	2.6266939972204014e-50	4.363001745200698e-06	0.00022251308900523558
C50	C77	32	365	76	54408	1.4622337225760451e-49	4.363001745200698e-06	0.0002268760907504363
F33	F60	47	395	287	54408	8.985044586717271e-49	4.363001745200698e-06	0.000231239092495637
F32	F33	82	1416	395	54408	1.0387942120726025e-48	4.363001745200698e-06	0.0002356020942408377
N97	K66	95	1749	464	54408	9.456094240208947e-48	4.363001745200698e-06	0.0002399650959860384
F50	F60	35	154	287	54408	6.910732031204741e-47	4.363001745200698e-06	0.0002443280977312391
K80	K85	65	2145	169	54408	1.908963933221226e-46	4.363001745200698e-06	0.0002486910994764398
I26	I80	38	188	332	54408	3.2218266173008916e-46	4.363001745200698e-06	0.0002530541012216405
K02	K04	25	102	126	54408	3.8212543370933753e-44	4.363001745200698e-06	0.0002574171029668412
I21	I25	18	32	87	54408	3.280312606250059e-43	4.363001745200698e-06	0.00026178010471204186
N80	D25	154	1424	1673	54408	5.6705469191676016e-42	4.363001745200698e-06	0.0002661431064572426
I83	I87	48	3490	68	54408	9.334619424100874e-42	4.363001745200698e-06	0.00027050610820244326
H33	H52	30	149	230	54408	1.4222732116104745e-41	4.363001745200698e-06	0.000274869109947644
N83	K66	95	2110	464	54408	6.625087162712965e-41	4.363001745200698e-06	0.00027923211169284467
H33	H35	24	149	98	54408	1.751490127110416e-40	4.363001745200698e-06	0.00028359511343804535
N97	E28	49	1749	123	54408	2.2085020054848114e-40	4.363001745200698e-06	0.0002879581151832461
F13	F60	29	116	287	54408	2.501931916586972e-40	4.363001745200698e-06	0.00029232111692844675
E66	K76	68	1357	349	54408	7.165903796781641e-40	4.363001745200698e-06	0.0002966841186736475
N70	N97	113	824	1749	54408	9.703080669869192e-39	4.363001745200698e-06	0.00030104712041884816
F10	F17	61	630	593	54408	1.8007905888658894e-38	4.363001745200698e-06	0.00030541012216404883
E66	K80	166	1357	2145	54408	2.1769917800204753e-38	4.363001745200698e-06	0.00030977312390924956
E78	F17	72	950	593	54408	3.321672246314119e-38	4.363001745200698e-06	0.00031413612565445024
F19	F60	28	123	287	54408	1.0712428623107966e-37	4.363001745200698e-06	0.00031849912739965097
H65	H90	22	120	108	54408	1.9536623859930946e-37	4.363001745200698e-06	0.00032286212914485165
F11	F13	18	45	116	54408	3.3882292569542073e-37	4.363001745200698e-06	0.0003272251308900523
M22	M94	27	187	169	54408	4.076737224579037e-37	4.363001745200698e-06	0.00033158813263525305
N70	K66	60	824	464	54408	5.7853563936193835e-37	4.363001745200698e-06	0.00033595113438045373
N39	N81	50	1334	190	54408	1.0686999776351269e-36	4.363001745200698e-06	0.00034031413612565446
B18	F11	18	125	45	54408	1.4388084223126635e-36	4.363001745200698e-06	0.00034467713787085513
E11	E78	47	223	950	54408	2.0749994743913398e-36	4.363001745200698e-06	0.0003490401396160558
I20	I25	18	65	87	54408	3.330982522149242e-36	4.363001745200698e-06	0.00035340314136125654
E11	E14	25	223	115	54408	4.763735589359508e-36	4.363001745200698e-06	0.0003577661431064572
M23	M65	63	1233	371	54408	9.453472808107906e-36	4.363001745200698e-06	0.00036212914485165795
K80	K83	35	2145	56	54408	3.2657385589476655e-35	4.363001745200698e-06	0.0003664921465968586
M17	M23	38	107	1233	54408	5.558063005549903e-35	4.363001745200698e-06	0.00037085514834205935
F13	F33	28	116	395	54408	1.6284731237623017e-34	4.363001745200698e-06	0.00037521815008726003
H50	H53	20	106	107	54408	1.9275404116407795e-34	4.363001745200698e-06	0.0003795811518324607
N60	D24	38	224	575	54408	5.4664672023520115e-34	4.363001745200698e-06	0.00038394415357766143
K29	K80	170	1539	2145	54408	9.637950383477601e-34	4.363001745200698e-06	0.0003883071553228621
K80	K82	38	2145	74	54408	1.3498722194272054e-33	4.363001745200698e-06	0.00039267015706806284
N92	N94	99	2491	522	54408	1.3846221415584271e-33	4.363001745200698e-06	0.0003970331588132635
H50	H52	23	106	230	54408	6.703670491335359e-33	4.363001745200698e-06	0.0004013961605584642
E78	E79	33	950	102	54408	1.1597587358008934e-32	4.363001745200698e-06	0.0004057591623036649
B96	K29	24	30	1539	54408	2.9156190561040897e-32	4.363001745200698e-06	0.0004101221640488656
H90	H93	25	108	342	54408	5.05532966337901e-32	4.363001745200698e-06	0.00041448516579406633
N70	N83	114	824	2110	54408	5.533665927841422e-32	4.363001745200698e-06	0.000418848167539267
E78	K76	51	950	349	54408	2.9234393659931776e-31	4.363001745200698e-06	0.0004232111692844677
H65	H66	21	120	169	54408	6.465885964956187e-31	4.363001745200698e-06	0.0004275741710296684
K01	K07	26	177	261	54408	7.549826520553641e-31	4.363001745200698e-06	0.0004319371727748691
F41	F45	46	622	417	54408	8.39031005392098e-31	4.363001745200698e-06	0.0004363001745200698
M41	M54	36	87	1796	54408	2.381236434202025e-30	4.363001745200698e-06	0.0004406631762652705
E10	E14	20	153	115	54408	2.4430803143484066e-30	4.363001745200698e-06	0.00044502617801047117
G43	G44	42	571	368	54408	2.6481959745699994e-30	4.363001745200698e-06	0.0004493891797556719
F10	F19	29	630	123	54408	1.6928704209016316e-29	4.363001745200698e-06	0.0004537521815008726
J34	J35	102	1003	1506	54408	1.7451013530564345e-29	4.363001745200698e-06	0.0004581151832460733
I60	I67	14	55	67	54408	1.7993316033156723e-29	4.363001745200698e-06	0.000462478184991274
C50	D05	17	365	31	54408	1.8887600472848266e-29	4.363001745200698e-06	0.00046684118673647466
G55	M51	21	27	1396	54408	8.656771110916386e-29	4.363001745200698e-06	0.0004712041884816754
E73	E74	12	60	31	54408	1.385814926951792e-28	4.363001745200698e-06	0.00047556719022687606
C73	C77	16	107	76	54408	1.5191629045552625e-28	4.363001745200698e-06	0.0004799301919720768
N97	D25	147	1749	1673	54408	4.52459912929461e-28	4.363001745200698e-06	0.00048429319371727747
N18	I10	25	57	1048	54408	5.468288730073103e-28	4.363001745200698e-06	0.0004886561954624782
B18	F19	18	125	123	54408	1.2717140016017045e-27	4.363001745200698e-06	0.0004930191972076788
H52	H53	20	230	107	54408	2.4713800165110972e-27	4.363001745200698e-06	0.0004973821989528796
K04	K08	16	126	79	54408	4.855331321440019e-27	4.363001745200698e-06	0.0005017452006980803
M24	M25	24	204	242	54408	5.900217957910498e-27	4.363001745200698e-06	0.000506108202443281
F32	F45	60	1416	417	54408	7.547278550234918e-27	4.363001745200698e-06	0.0005104712041884816
M54	M99	27	1796	51	54408	8.907272592182218e-27	4.363001745200698e-06	0.0005148342059336824
N73	K66	50	844	464	54408	8.994991193553573e-27	4.363001745200698e-06	0.0005191972076788831
N83	N97	167	2110	1749	54408	1.1019368454659495e-26	4.363001745200698e-06	0.0005235602094240837
C43	D22	22	130	292	54408	1.311675693168914e-26	4.363001745200698e-06	0.0005279232111692844
K02	K08	15	102	79	54408	2.065370011938143e-26	4.363001745200698e-06	0.0005322862129144852
C73	E04	28	107	847	54408	2.185654518893988e-26	4.363001745200698e-06	0.0005366492146596858
M53	M62	22	477	85	54408	2.58863305090789e-26	4.363001745200698e-06	0.0005410122164048865
M43	M54	35	102	1796	54408	3.079710548412631e-26	4.363001745200698e-06	0.0005453752181500873
I63	I64	13	76	55	54408	3.6081549858867233e-26	4.363001745200698e-06	0.000549738219895288
F43	F70	24	946	64	54408	5.675110613614845e-26	4.363001745200698e-06	0.0005541012216404886
N73	N94	51	844	522	54408	2.646467208840308e-25	4.363001745200698e-06	0.0005584642233856893
I10	I25	27	1048	87	54408	2.7141714061199095e-25	4.363001745200698e-06	0.0005628272251308901
E66	E79	31	1357	102	54408	3.626154818792169e-25	4.363001745200698e-06	0.0005671902268760907
L93	M32	11	37	63	54408	1.662643221998662e-24	4.363001745200698e-06	0.0005715532286212914
I26	J18	26	188	437	54408	2.627060218950081e-24	4.363001745200698e-06	0.0005759162303664922
J30	J34	30	130	1003	54408	2.759641766375828e-24	4.363001745200698e-06	0.0005802792321116929
F41	F43	57	622	946	54408	2.856834257787697e-24	4.363001745200698e-06	0.0005846422338568935
N94	D25	69	522	1673	54408	3.022049318198027e-24	4.363001745200698e-06	0.0005890052356020942
H10	H11	11	28	93	54408	4.1312075316784035e-24	4.363001745200698e-06	0.000593368237347295
M50	M53	27	200	477	54408	6.675767095065784e-24	4.363001745200698e-06	0.0005977312390924956
K60	K62	24	304	218	54408	7.448388819497798e-24	4.363001745200698e-06	0.0006020942408376963
E04	E89	23	847	74	54408	7.668781384681175e-24	4.363001745200698e-06	0.000606457242582897
D50	K29	73	647	1539	54408	1.5677047611126795e-23	4.363001745200698e-06	0.0006108202443280977
F17	J44	25	593	135	54408	1.8638378078077865e-23	4.363001745200698e-06	0.0006151832460732984
N35	N39	31	118	1334	54408	2.951786392004921e-23	4.363001745200698e-06	0.0006195462478184991
F10	K76	36	630	349	54408	3.623329610260024e-23	4.363001745200698e-06	0.0006239092495636999
I10	I11	18	1048	32	54408	4.220952357854376e-23	4.363001745200698e-06	0.0006282722513089005
M24	M62	16	204	85	54408	5.253595580243447e-23	4.363001745200698e-06	0.0006326352530541012
N86	N92	48	186	2491	54408	6.001363068657469e-23	4.363001745200698e-06	0.0006369982547993019
A15	A16	11	39	84	54408	9.717008233973344e-23	4.363001745200698e-06	0.0006413612565445026
F11	F12	9	45	24	54408	9.980695986295297e-23	4.363001745200698e-06	0.0006457242582897033
F32	M54	124	1416	1796	54408	1.0867356308947608e-22	4.363001745200698e-06	0.000650087260034904
N84	N85	52	1070	494	54408	1.3403567167354738e-22	4.363001745200698e-06	0.0006544502617801046
M05	M06	11	33	106	54408	1.6780108201340552e-22	4.363001745200698e-06	0.0006588132635253054
E78	F32	84	950	1416	54408	3.2659608619919935e-22	4.363001745200698e-06	0.0006631762652705061
C91	C95	6	13	7	54408	3.3345949234123303e-22	4.363001745200698e-06	0.0006675392670157068
G91	I60	9	24	55	54408	7.1435914146294485e-22	4.363001745200698e-06	0.0006719022687609075
F11	F14	8	45	15	54408	7.25615255468031e-22	4.363001745200698e-06	0.0006762652705061082
H80	H90	13	79	108	54408	8.316747060529123e-22	4.363001745200698e-06	0.0006806282722513089
E04	E05	41	847	391	54408	1.1265624685954446e-21	4.363001745200698e-06	0.0006849912739965095
F13	F32	30	116	1416	54408	1.3223603065728227e-21	4.363001745200698e-06	0.0006893542757417103
K44	K80	70	472	2145	54408	1.8782122119174555e-21	4.363001745200698e-06	0.000693717277486911
E65	L90	16	141	151	54408	1.960178676523409e-21	4.363001745200698e-06	0.0006980802792321116
G35	H46	14	268	49	54408	2.0342431880887437e-21	4.363001745200698e-06	0.0007024432809773123
F12	F13	10	24	116	54408	2.4934023629676314e-21	4.363001745200698e-06	0.0007068062827225131
C56	C78	10	69	38	54408	2.4982408975430055e-21	4.363001745200698e-06	0.0007111692844677138
M43	M51	28	102	1396	54408	3.406172117246639e-21	4.363001745200698e-06	0.0007155322862129144
K01	K04	16	177	126	54408	4.118869664488246e-21	4.363001745200698e-06	0.0007198952879581152
C53	C54	11	136	35	54408	6.239250591283478e-21	4.363001745200698e-06	0.0007242582897033159
C50	D48	32	365	526	54408	6.309300057791976e-21	4.363001745200698e-06	0.0007286212914485165
M54	M62	28	1796	85	54408	1.0047360903056028e-20	4.363001745200698e-06	0.0007329842931937172
H66	H71	12	169	44	54408	1.048671584021092e-20	4.363001745200698e-06	0.000737347294938918
H71	H74	8	44	20	54408	1.1646249213335392e-20	4.363001745200698e-06	0.0007417102966841187
F79	G40	13	26	472	54408	1.2545674068570717e-20	4.363001745200698e-06	0.0007460732984293193
J18	J90	16	437	58	54408	1.3393591989501842e-20	4.363001745200698e-06	0.0007504363001745201
E66	F17	61	1357	593	54408	1.5599120146560536e-20	4.363001745200698e-06	0.0007547993019197208
N83	D27	69	2110	486	54408	1.7467800048149644e-20	4.363001745200698e-06	0.0007591623036649214
N87	C53	31	1428	136	54408	2.0791948223305398e-20	4.363001745200698e-06	0.0007635253054101221
M65	M94	21	371	169	54408	2.384061458448642e-20	4.363001745200698e-06	0.0007678883071553229
F10	F50	24	630	154	54408	4.141268515795237e-20	4.363001745200698e-06	0.0007722513089005235
F11	F19	11	45	123	54408	4.739460593282731e-20	4.363001745200698e-06	0.0007766143106457242
N83	D39	43	2110	203	54408	7.224510308842161e-20	4.363001745200698e-06	0.000780977312390925
N94	N97	64	522	1749	54408	7.2899064149039e-20	4.363001745200698e-06	0.0007853403141361257
K04	K12	13	126	95	54408	8.662155834505387e-20	4.363001745200698e-06	0.0007897033158813263
M23	M67	60	1233	654	54408	8.828262063421877e-20	4.363001745200698e-06	0.000794066317626527
J01	J32	25	182	619	54408	1.073024649304872e-19	4.363001745200698e-06	0.0007984293193717278
E86	A09	18	62	711	54408	1.0806667582941598e-19	4.363001745200698e-06	0.0008027923211169284
E65	K43	15	141	152	54408	1.0984408239126897e-19	4.363001745200698e-06	0.0008071553228621291
E78	I25	22	950	87	54408	1.2977190936193507e-19	4.363001745200698e-06	0.0008115183246073298
N87	D06	69	1428	739	54408	1.5708466766227389e-19	4.363001745200698e-06	0.0008158813263525305
F31	F60	18	150	287	54408	2.4974446006504893e-19	4.363001745200698e-06	0.0008202443280977312
I10	K76	40	1048	349	54408	2.55189857666037e-19	4.363001745200698e-06	0.0008246073298429319
F13	F41	21	116	622	54408	2.785133802306889e-19	4.363001745200698e-06	0.0008289703315881327
M50	M54	39	200	1796	54408	3.324917102602205e-19	4.363001745200698e-06	0.0008333333333333333
F23	F25	15	182	127	54408	3.437315965554691e-19	4.363001745200698e-06	0.000837696335078534
F11	B17	9	45	55	54408	4.764772807222213e-19	4.363001745200698e-06	0.0008420593368237347
B18	B17	11	125	55	54408	6.586591183337295e-19	4.363001745200698e-06	0.0008464223385689354
N20	N39	64	710	1334	54408	6.707344601371249e-19	4.363001745200698e-06	0.0008507853403141361
E14	E66	27	115	1357	54408	7.174926700375372e-19	4.363001745200698e-06	0.0008551483420593368
F41	F60	29	622	287	54408	8.111055238075141e-19	4.363001745200698e-06	0.0008595113438045376
F19	F32	28	123	1416	54408	1.1883070859076747e-18	4.363001745200698e-06	0.0008638743455497382
M24	M65	21	204	371	54408	1.2596910408499896e-18	4.363001745200698e-06	0.0008682373472949389
F10	K71	16	630	55	54408	1.6944404832207855e-18	4.363001745200698e-06	0.0008726003490401396
M42	M54	28	101	1796	54408	1.8311273978738048e-18	4.363001745200698e-06	0.0008769633507853403
M25	M62	14	242	85	54408	2.32966810736973e-18	4.363001745200698e-06	0.000881326352530541
E03	E78	39	389	950	54408	2.7459188782464272e-18	4.363001745200698e-06	0.0008856893542757417
E10	E11	16	153	223	54408	4.286014451556148e-18	4.363001745200698e-06	0.0008900523560209423
E78	F33	39	950	395	54408	4.659982221840892e-18	4.363001745200698e-06	0.0008944153577661431
F13	F43	23	116	946	54408	6.35496627584659e-18	4.363001745200698e-06	0.0008987783595113438
N12	N39	25	105	1334	54408	6.563213690687103e-18	4.363001745200698e-06	0.0009031413612565445
F32	F50	30	1416	154	54408	7.50610740021331e-18	4.363001745200698e-06	0.0009075043630017451
B20	B24	7	17	51	54408	7.986826553228867e-18	4.363001745200698e-06	0.0009118673647469459
H35	H52	14	98	230	54408	9.2994728147827e-18	4.363001745200698e-06	0.0009162303664921466
M53	M99	14	477	51	54408	1.2601836820296063e-17	4.363001745200698e-06	0.0009205933682373472
C50	D70	12	365	38	54408	1.604935162424669e-17	4.363001745200698e-06	0.000924956369982548
F20	F25	14	184	127	54408	1.718966761680656e-17	4.363001745200698e-06	0.0009293193717277487
F12	F14	6	24	15	54408	1.8655340921199075e-17	4.363001745200698e-06	0.0009336823734729493
H74	H90	8	20	108	54408	2.2843413173269225e-17	4.363001745200698e-06	0.00093804537521815
H66	H90	13	169	108	54408	2.4982737238479435e-17	4.363001745200698e-06	0.0009424083769633508
N70	N71	23	824	140	54408	2.56686255730474e-17	4.363001745200698e-06	0.0009467713787085515
K29	K76	45	1539	349	54408	3.223713562261161e-17	4.363001745200698e-06	0.0009511343804537521
K26	K29	21	64	1539	54408	3.430235331491034e-17	4.363001745200698e-06	0.0009554973821989529
N73	D25	77	844	1673	54408	3.8002586779852304e-17	4.363001745200698e-06	0.0009598603839441536
N18	D64	12	57	250	54408	3.9986896705423645e-17	4.363001745200698e-06	0.0009642233856893542
F19	F50	13	123	154	54408	4.194635656126769e-17	4.363001745200698e-06	0.0009685863874345549
E78	I20	18	950	65	54408	4.4813781456258985e-17	4.363001745200698e-06	0.0009729493891797557
M65	M67	31	371	654	54408	4.935606803733315e-17	4.363001745200698e-06	0.0009773123909249564
F19	B17	10	123	55	54408	6.438764606881714e-17	4.363001745200698e-06	0.000981675392670157
F32	F48	28	1416	143	54408	8.091108791489383e-17	4.363001745200698e-06	0.0009860383944153576
E11	H36	8	223	13	54408	8.87452875573994e-17	4.363001745200698e-06	0.0009904013961605585
J35	J36	35	1506	221	54408	9.11115549276599e-17	4.363001745200698e-06	0.000994764397905759
I67	I72	7	67	18	54408	9.782382875447526e-17	4.363001745200698e-06	0.00099912739965096
M62	M99	9	85	51	54408	1.0326487049403676e-16	4.363001745200698e-06	0.0010034904013961606
F33	F50	18	395	154	54408	1.1439438837770882e-16	4.363001745200698e-06	0.0010078534031413612
K25	K29	25	104	1539	54408	1.4034167939472066e-16	4.363001745200698e-06	0.001012216404886562
N70	N80	68	824	1424	54408	1.471974210708504e-16	4.363001745200698e-06	0.0010165794066317626
G56	M65	33	787	371	54408	1.6673560538847818e-16	4.363001745200698e-06	0.0010209424083769633
F17	F32	56	593	1416	54408	1.7854870373665141e-16	4.363001745200698e-06	0.001025305410122164
I26	I82	13	188	113	54408	1.8665882738933539e-16	4.363001745200698e-06	0.0010296684118673647
N84	N97	90	1070	1749	54408	2.0890132593406602e-16	4.363001745200698e-06	0.0010340314136125653
E14	H36	7	115	13	54408	2.6580100343294553e-16	4.363001745200698e-06	0.0010383944153577662
F45	M54	52	417	1796	54408	3.0245133012291007e-16	4.363001745200698e-06	0.0010427574171029668
K01	K09	9	177	29	54408	3.1461551488258436e-16	4.363001745200698e-06	0.0010471204188481674
F19	F43	22	123	946	54408	3.3206499636178293e-16	4.363001745200698e-06	0.0010514834205933683
I45	I47	11	57	210	54408	3.433958831714708e-16	4.363001745200698e-06	0.0010558464223385689
F25	F70	10	127	64	54408	4.553374322245123e-16	4.363001745200698e-06	0.0010602094240837695
C77	C78	8	76	38	54408	4.685367062694786e-16	4.363001745200698e-06	0.0010645724258289703
N13	N39	45	430	1334	54408	4.712087454686722e-16	4.363001745200698e-06	0.001068935427574171
I63	I67	9	76	67	54408	4.964458467852884e-16	4.363001745200698e-06	0.0010732984293193716
F33	F41	30	395	622	54408	5.515333315064647e-16	4.363001745200698e-06	0.0010776614310645724
M06	M13	10	106	78	54408	5.741413797331893e-16	4.363001745200698e-06	0.001082024432809773
N23	N39	36	279	1334	54408	6.111970514710763e-16	4.363001745200698e-06	0.001086387434554974
M22	M24	15	187	204	54408	7.050411951540119e-16	4.363001745200698e-06	0.0010907504363001745
F41	I10	48	622	1048	54408	7.15020483371778e-16	4.363001745200698e-06	0.0010951134380453751
E04	G52	10	847	14	54408	7.505375383285179e-16	4.363001745200698e-06	0.001099476439790576
H81	H93	23	386	342	54408	8.602661385751201e-16	4.363001745200698e-06	0.0011038394415357766
M20	M21	15	530	76	54408	9.131673912902582e-16	4.363001745200698e-06	0.0011082024432809772
C77	E89	9	76	74	54408	1.2733326088792492e-15	4.363001745200698e-06	0.001112565445026178
N10	N39	34	254	1334	54408	1.2838096731568944e-15	4.363001745200698e-06	0.0011169284467713787
C71	G40	10	22	472	54408	1.2934493143464828e-15	4.363001745200698e-06	0.0011212914485165793
M23	M25	32	1233	242	54408	1.4260759692943555e-15	4.363001745200698e-06	0.0011256544502617801
M51	M96	14	1396	28	54408	1.4419073139517517e-15	4.363001745200698e-06	0.0011300174520069808
N31	N39	17	50	1334	54408	1.7381420105981206e-15	4.363001745200698e-06	0.0011343804537521814
F10	G40	32	630	472	54408	2.0945053587591086e-15	4.363001745200698e-06	0.0011387434554973822
K29	K63	30	1539	174	54408	2.324645721507455e-15	4.363001745200698e-06	0.0011431064572425828
F20	F23	14	184	182	54408	2.8399748885064124e-15	4.363001745200698e-06	0.0011474694589877835
C78	C79	6	38	20	54408	2.9499134725634063e-15	4.363001745200698e-06	0.0011518324607329843
D27	D39	20	486	203	54408	3.4789732030157683e-15	4.363001745200698e-06	0.001156195462478185
K76	K80	50	349	2145	54408	4.003074784097849e-15	4.363001745200698e-06	0.0011605584642233858
H90	H91	15	108	407	54408	4.6246829461328385e-15	4.363001745200698e-06	0.0011649214659685864
I10	I20	17	1048	65	54408	4.780193067089054e-15	4.363001745200698e-06	0.001169284467713787
I63	I65	7	76	26	54408	5.0301134003877805e-15	4.363001745200698e-06	0.0011736474694589878
F43	F45	36	946	417	54408	5.250864185285967e-15	4.363001745200698e-06	0.0011780104712041885
F32	K29	96	1416	1539	54408	5.299559191744789e-15	4.363001745200698e-06	0.001182373472949389
D25	K66	51	1673	464	54408	6.095381857014101e-15	4.363001745200698e-06	0.00118673647469459
C92	A41	6	18	48	54408	6.274735608136822e-15	4.363001745200698e-06	0.0011910994764397905
H93	M53	24	342	477	54408	8.52835242055448e-15	4.363001745200698e-06	0.0011954624781849912
M24	M67	22	204	654	54408	9.393784772415025e-15	4.363001745200698e-06	0.001199825479930192
J18	J96	12	437	52	54408	9.575648696979322e-15	4.363001745200698e-06	0.0012041884816753926
N86	N93	15	186	245	54408	9.836910316315117e-15	4.363001745200698e-06	0.0012085514834205933
K29	K31	22	1539	92	54408	1.036476256471521e-14	4.363001745200698e-06	0.001212914485165794
E78	K70	16	950	63	54408	1.1232026056813726e-14	4.363001745200698e-06	0.0012172774869109947
N83	D25	132	2110	1673	54408	1.3914263123239058e-14	4.363001745200698e-06	0.0012216404886561953
C81	C85	6	30	32	54408	1.4792676234759746e-14	4.363001745200698e-06	0.0012260034904013962
K35	K65	16	812	74	54408	1.5753769695604352e-14	4.363001745200698e-06	0.0012303664921465968
D25	D50	61	1673	647	54408	1.6839669677703093e-14	4.363001745200698e-06	0.0012347294938917974
F32	K70	18	1416	63	54408	2.3078072064800876e-14	4.363001745200698e-06	0.0012390924956369983
F10	F41	35	630	622	54408	2.6738331216289286e-14	4.363001745200698e-06	0.0012434554973821989
H52	H54	8	230	22	54408	2.741799758657486e-14	4.363001745200698e-06	0.0012478184991273997
M24	M53	19	204	477	54408	3.428324020078854e-14	4.363001745200698e-06	0.0012521815008726003
F32	G44	40	1416	368	54408	3.8539384349400186e-14	4.363001745200698e-06	0.001256544502617801
F17	I25	15	593	87	54408	3.9056727020191156e-14	4.363001745200698e-06	0.0012609075043630018
F43	F50	22	946	154	54408	4.2886988422417016e-14	4.363001745200698e-06	0.0012652705061082024
F17	I10	44	593	1048	54408	4.59767833368238e-14	4.363001745200698e-06	0.001269633507853403
I84	K92	22	761	191	54408	5.023281263336985e-14	4.363001745200698e-06	0.0012739965095986039
M24	M54	33	204	1796	54408	5.1198625380809577e-14	4.363001745200698e-06	0.0012783595113438045
K85	K86	8	169	31	54408	5.440912046674113e-14	4.363001745200698e-06	0.0012827225130890051
N62	N64	18	383	228	54408	6.860633932416885e-14	4.363001745200698e-06	0.001287085514834206
F10	K74	11	630	33	54408	7.069771754185118e-14	4.363001745200698e-06	0.0012914485165794066
N85	D25	51	494	1673	54408	7.296629553475906e-14	4.363001745200698e-06	0.0012958115183246072
F32	F42	14	1416	35	54408	8.549585084016128e-14	4.363001745200698e-06	0.001300174520069808
E14	I10	20	115	1048	54408	8.583223806086986e-14	4.363001745200698e-06	0.0013045375218150087
K29	K58	34	1539	255	54408	8.644083943230085e-14	4.363001745200698e-06	0.0013089005235602093
K44	K76	23	472	349	54408	9.362623543483067e-14	4.363001745200698e-06	0.0013132635253054101
B18	F12	7	125	24	54408	9.545987439516585e-14	4.363001745200698e-06	0.0013176265270506107
A15	J82	6	39	33	54408	9.892684916383358e-14	4.363001745200698e-06	0.0013219895287958116
E78	M54	79	950	1796	54408	1.0617469336326949e-13	4.363001745200698e-06	0.0013263525305410122
I60	I69	6	55	24	54408	1.0683502077785369e-13	4.363001745200698e-06	0.0013307155322862128
M48	M51	17	60	1396	54408	1.1254784492496947e-13	4.363001745200698e-06	0.0013350785340314137
F10	F61	10	630	25	54408	1.1285625874306951e-13	4.363001745200698e-06	0.0013394415357766143
F34	F43	20	130	946	54408	1.45166097766311e-13	4.363001745200698e-06	0.001343804537521815
F34	M54	26	130	1796	54408	1.4610163923700334e-13	4.363001745200698e-06	0.0013481675392670157
E87	F50	11	131	154	54408	1.5409936755958613e-13	4.363001745200698e-06	0.0013525305410122164
F13	F19	10	116	123	54408	1.6001529019005112e-13	4.363001745200698e-06	0.001356893542757417
J30	J32	17	130	619	54408	1.7912789187529996e-13	4.363001745200698e-06	0.0013612565445026178
M22	M67	20	187	654	54408	1.8054075442892506e-13	4.363001745200698e-06	0.0013656195462478185
N80	J96	16	1424	52	54408	1.9060653009527172e-13	4.363001745200698e-06	0.001369982547993019
M23	M93	15	1233	50	54408	2.1059130841705933e-13	4.363001745200698e-06	0.00137434554973822
J44	J45	15	135	420	54408	2.127676819246908e-13	4.363001745200698e-06	0.0013787085514834205
J45	L20	13	420	90	54408	2.757667568762515e-13	4.363001745200698e-06	0.0013830715532286212
F07	G93	6	30	52	54408	3.2982737270990894e-13	4.363001745200698e-06	0.001387434554973822
M42	M53	14	101	477	54408	3.357674406038076e-13	4.363001745200698e-06	0.0013917975567190226
I61	I67	6	24	67	54408	3.6652454916626827e-13	4.363001745200698e-06	0.0013961605584642232
C50	C79	8	365	20	54408	4.461749008530696e-13	4.363001745200698e-06	0.001400523560209424
F60	F61	8	287	25	54408	5.439580153512875e-13	4.363001745200698e-06	0.0014048865619546247
B18	F14	6	125	15	54408	6.4087872347927e-13	4.363001745200698e-06	0.0014092495636998255
E78	F41	41	950	622	54408	6.693771563244249e-13	4.363001745200698e-06	0.0014136125654450262
G43	M54	56	571	1796	54408	6.769013350580431e-13	4.363001745200698e-06	0.0014179755671902268
E10	H36	6	153	13	54408	7.562460448763541e-13	4.363001745200698e-06	0.0014223385689354276
F33	F43	32	395	946	54408	9.559689650160435e-13	4.363001745200698e-06	0.0014267015706806282
N60	D48	19	224	526	54408	1.039345039814291e-12	4.363001745200698e-06	0.0014310645724258289
F17	I21	10	593	32	54408	1.1410534234451275e-12	4.363001745200698e-06	0.0014354275741710297
E79	I10	18	102	1048	54408	1.144978337179277e-12	4.363001745200698e-06	0.0014397905759162303
F13	K70	8	116	63	54408	1.1729339496801125e-12	4.363001745200698e-06	0.001444153577661431
F23	F60	14	182	287	54408	1.280252630429061e-12	4.363001745200698e-06	0.0014485165794066318
E65	M62	9	141	85	54408	1.417694764130406e-12	4.363001745200698e-06	0.0014528795811518324
M51	M53	43	1396	477	54408	1.674337770238344e-12	4.363001745200698e-06	0.001457242582897033
M51	M99	15	1396	51	54408	1.7135972898677715e-12	4.363001745200698e-06	0.0014616055846422339
D68	I80	11	77	332	54408	1.7277327244211916e-12	4.363001745200698e-06	0.0014659685863874345
G81	I63	6	27	76	54408	1.7555221863039399e-12	4.363001745200698e-06	0.0014703315881326351
N97	N98	24	1749	125	54408	1.8124999528070166e-12	4.363001745200698e-06	0.001474694589877836
J31	J35	15	48	1506	54408	1.85797753543901e-12	4.363001745200698e-06	0.0014790575916230366
E66	K44	42	1357	472	54408	1.875592209718907e-12	4.363001745200698e-06	0.0014834205933682374
D86	L52	7	80	54	54408	1.9018570418192666e-12	4.363001745200698e-06	0.001487783595113438
I20	I21	6	65	32	54408	2.0284719962172595e-12	4.363001745200698e-06	0.0014921465968586387
G44	M53	22	368	477	54408	2.775728747501658e-12	4.363001745200698e-06	0.0014965095986038395
F25	F31	10	127	150	54408	2.971091898833157e-12	4.363001745200698e-06	0.0015008726003490401
H25	H26	6	65	34	54408	3.004916059480169e-12	4.363001745200698e-06	0.0015052356020942407
N10	N13	18	254	430	54408	3.020350840616602e-12	4.363001745200698e-06	0.0015095986038394416
K42	K43	12	233	152	54408	3.4329009843391424e-12	4.363001745200698e-06	0.0015139616055846422
D44	E89	6	31	74	54408	3.6867314205651285e-12	4.363001745200698e-06	0.0015183246073298428
N92	D62	22	2491	78	54408	3.724076435057428e-12	4.363001745200698e-06	0.0015226876090750437
G40	G41	7	472	13	54408	5.803241833478213e-12	4.363001745200698e-06	0.0015270506108202443
N70	K65	14	824	74	54408	5.901762921802143e-12	4.363001745200698e-06	0.001531413612565445
M48	M54	17	60	1796	54408	6.139047364040494e-12	4.363001745200698e-06	0.0015357766143106457
N94	K66	25	522	464	54408	6.3313269647110914e-12	4.363001745200698e-06	0.0015401396160558464
E05	E89	11	391	74	54408	6.397305637937748e-12	4.363001745200698e-06	0.001544502617801047
F31	F33	14	150	395	54408	6.58660090884378e-12	4.363001745200698e-06	0.0015488656195462478
M42	M99	7	101	51	54408	6.6555576175772736e-12	4.363001745200698e-06	0.0015532286212914484
M25	M53	18	242	477	54408	7.44983320599077e-12	4.363001745200698e-06	0.0015575916230366493
B18	F13	9	125	116	54408	8.249105172932682e-12	4.363001745200698e-06	0.00156195462478185
K83	K85	8	56	169	54408	9.173198090761827e-12	4.363001745200698e-06	0.0015663176265270505
J03	J35	32	274	1506	54408	9.611765638072307e-12	4.363001745200698e-06	0.0015706806282722514
F32	M53	42	1416	477	54408	1.0135190109549284e-11	4.363001745200698e-06	0.001575043630017452
I10	I21	11	1048	32	54408	1.1463575991231665e-11	4.363001745200698e-06	0.0015794066317626526
H83	H93	8	30	342	54408	1.1652699107837582e-11	4.363001745200698e-06	0.0015837696335078534
K42	K80	35	233	2145	54408	1.2855039550016316e-11	4.363001745200698e-06	0.001588132635253054
D33	G40	9	35	472	54408	1.4913036069280074e-11	4.363001745200698e-06	0.0015924956369982547
F30	F31	7	39	150	54408	1.5012726957560422e-11	4.363001745200698e-06	0.0015968586387434555
D12	K60	10	75	304	54408	1.5384747115177174e-11	4.363001745200698e-06	0.0016012216404886561
M25	M65	16	242	371	54408	1.562323603841762e-11	4.363001745200698e-06	0.0016055846422338568
G44	M54	41	368	1796	54408	1.574397406897747e-11	4.363001745200698e-06	0.0016099476439790576
N60	N64	13	224	228	54408	1.6097382222434578e-11	4.363001745200698e-06	0.0016143106457242582
M47	M51	25	186	1396	54408	1.7386477780795302e-11	4.363001745200698e-06	0.0016186736474694589
K35	K37	15	812	97	54408	1.7805930245327573e-11	4.363001745200698e-06	0.0016230366492146597
N63	C50	9	45	365	54408	1.7865488275470064e-11	4.363001745200698e-06	0.0016273996509598603
D25	D62	18	1673	78	54408	2.0381910220237564e-11	4.363001745200698e-06	0.001631762652705061
H81	H91	20	386	407	54408	2.0953647596023722e-11	4.363001745200698e-06	0.0016361256544502618
F32	I10	67	1416	1048	54408	2.622599067753376e-11	4.363001745200698e-06	0.0016404886561954624
D69	D72	6	87	36	54408	2.628197343565119e-11	4.363001745200698e-06	0.0016448516579406632
J20	J45	15	190	420	54408	3.100244480818639e-11	4.363001745200698e-06	0.0016492146596858639
M25	M54	32	242	1796	54408	3.1649746727663086e-11	4.363001745200698e-06	0.0016535776614310645
N80	D39	26	1424	203	54408	3.2104416745819975e-11	4.363001745200698e-06	0.0016579406631762653
C73	D44	6	107	31	54408	3.550165719267831e-11	4.363001745200698e-06	0.001662303664921466
F70	K02	7	64	102	54408	3.7562205083669407e-11	4.363001745200698e-06	0.0016666666666666666
D12	I84	13	75	761	54408	4.047547849269902e-11	4.363001745200698e-06	0.0016710296684118674
K50	K51	10	192	130	54408	4.366199339501536e-11	4.363001745200698e-06	0.001675392670157068
J18	J45	21	437	420	54408	4.7851208992380104e-11	4.363001745200698e-06	0.0016797556719022686
E04	E06	19	847	176	54408	5.1965395588011834e-11	4.363001745200698e-06	0.0016841186736474695
D34	E04	10	33	847	54408	5.312352650614609e-11	4.363001745200698e-06	0.00168848167539267
K29	K52	69	1539	1028	54408	5.899264002178078e-11	4.363001745200698e-06	0.0016928446771378707
M35	M79	8	52	231	54408	5.989811904371084e-11	4.363001745200698e-06	0.0016972076788830716
M22	M25	12	187	242	54408	6.112222854737484e-11	4.363001745200698e-06	0.0017015706806282722
F31	F32	22	150	1416	54408	6.494915376486884e-11	4.363001745200698e-06	0.0017059336823734728
N18	M32	6	57	63	54408	6.538881249356664e-11	4.363001745200698e-06	0.0017102966841186736
K22	K44	10	57	472	54408	6.587939120781341e-11	4.363001745200698e-06	0.0017146596858638743
M41	M51	17	87	1396	54408	7.491380305448866e-11	4.363001745200698e-06	0.001719022687609075
J40	J45	12	112	420	54408	8.442244585677632e-11	4.363001745200698e-06	0.0017233856893542757
K40	K41	7	287	27	54408	8.568873102791651e-11	4.363001745200698e-06	0.0017277486910994763
C50	D24	22	365	575	54408	8.65668039995525e-11	4.363001745200698e-06	0.0017321116928446772
E66	M54	92	1357	1796	54408	9.686538210536839e-11	4.363001745200698e-06	0.0017364746945898778
F32	G40	40	1416	472	54408	9.950925825871612e-11	4.363001745200698e-06	0.0017408376963350784
F50	M81	8	154	82	54408	1.0233977980584159e-10	4.363001745200698e-06	0.0017452006980802793
F17	I20	11	593	65	54408	1.236740432233103e-10	4.363001745200698e-06	0.0017495636998254799
F19	F33	12	123	395	54408	1.2658792618995609e-10	4.363001745200698e-06	0.0017539267015706805
K50	K52	21	192	1028	54408	1.3859815767857338e-10	4.363001745200698e-06	0.0017582897033158813
K57	K63	10	162	174	54408	1.4656924126950965e-10	4.363001745200698e-06	0.001762652705061082
F07	G40	8	30	472	54408	1.497185315068471e-10	4.363001745200698e-06	0.0017670157068062826
M21	M23	15	76	1233	54408	1.5338161930328497e-10	4.363001745200698e-06	0.0017713787085514834
F32	I95	33	1416	342	54408	1.5499458987686825e-10	4.363001745200698e-06	0.001775741710296684
F34	M53	13	130	477	54408	1.5857885885805077e-10	4.363001745200698e-06	0.0017801047120418847
G45	I67	7	121	67	54408	1.7571314057595264e-10	4.363001745200698e-06	0.0017844677137870855
G44	G97	9	368	57	54408	1.8161643533012251e-10	4.363001745200698e-06	0.0017888307155322861
M17	M21	7	107	76	54408	1.822490186440129e-10	4.363001745200698e-06	0.0017931937172774868
F10	F12	8	630	24	54408	1.9315629516896534e-10	4.363001745200698e-06	0.0017975567190226876
I10	I63	14	1048	76	54408	2.0170941220058235e-10	4.363001745200698e-06	0.0018019197207678882
C56	D39	8	69	203	54408	2.2492227475058107e-10	4.363001745200698e-06	0.001806282722513089
D50	D64	19	647	250	54408	2.405774453257822e-10	4.363001745200698e-06	0.0018106457242582897
N73	D27	30	844	486	54408	2.432953960986055e-10	4.363001745200698e-06	0.0018150087260034903
N61	N64	10	131	228	54408	2.538272658167679e-10	4.363001745200698e-06	0.0018193717277486911
L20	L30	7	90	96	54408	2.824768178932332e-10	4.363001745200698e-06	0.0018237347294938918
M06	M81	7	106	82	54408	2.937043178428056e-10	4.363001745200698e-06	0.0018280977312390924
D39	K66	15	203	464	54408	3.138282743934403e-10	4.363001745200698e-06	0.0018324607329842932
M41	M53	11	87	477	54408	3.227156785315043e-10	4.363001745200698e-06	0.0018368237347294938
M25	M94	11	242	169	54408	3.340398980573338e-10	4.363001745200698e-06	0.0018411867364746945
F17	I26	16	593	188	54408	3.491796988243138e-10	4.363001745200698e-06	0.0018455497382198953
N81	D62	8	190	78	54408	3.6282697430516244e-10	4.363001745200698e-06	0.001849912739965096
D86	I89	6	80	60	54408	3.9218569073476856e-10	4.363001745200698e-06	0.0018542757417102965
D53	F10	8	26	630	54408	4.02017097415127e-10	4.363001745200698e-06	0.0018586387434554974
D68	M32	6	77	63	54408	4.196186435890684e-10	4.363001745200698e-06	0.001863001745200698
J02	J03	9	83	274	54408	4.336564746246049e-10	4.363001745200698e-06	0.0018673647469458986
F41	I47	17	622	210	54408	4.4413383979887387e-10	4.363001745200698e-06	0.0018717277486910995
M06	M19	7	106	87	54408	4.478476924806995e-10	4.363001745200698e-06	0.0018760907504363
H66	H83	6	169	30	54408	4.584820071651419e-10	4.363001745200698e-06	0.001880453752181501
J30	J45	12	130	420	54408	4.862681668370128e-10	4.363001745200698e-06	0.0018848167539267015
E78	G44	27	950	368	54408	5.646223813678741e-10	4.363001745200698e-06	0.0018891797556719022
E61	K29	15	68	1539	54408	6.034110502957468e-10	4.363001745200698e-06	0.001893542757417103
H25	H33	7	65	149	54408	6.107700654088942e-10	4.363001745200698e-06	0.0018979057591623036
I47	I49	9	210	113	54408	6.752849921053358e-10	4.363001745200698e-06	0.0019022687609075043
N83	N99	18	2110	77	54408	6.759334808884993e-10	4.363001745200698e-06	0.001906631762652705
G40	G93	9	472	52	54408	6.820308679526426e-10	4.363001745200698e-06	0.0019109947643979057
N20	N28	11	710	64	54408	6.874977189772457e-10	4.363001745200698e-06	0.0019153577661431063
H35	I10	15	98	1048	54408	6.97179345816838e-10	4.363001745200698e-06	0.0019197207678883072
E78	I63	13	950	76	54408	7.166140800874552e-10	4.363001745200698e-06	0.0019240837696335078
D38	J44	6	40	135	54408	7.470347582524711e-10	4.363001745200698e-06	0.0019284467713787084
D44	E04	9	31	847	54408	7.638918952807724e-10	4.363001745200698e-06	0.0019328097731239093
G43	I10	36	571	1048	54408	8.337499039378609e-10	4.363001745200698e-06	0.0019371727748691099
F33	K70	9	395	63	54408	8.569071332588215e-10	4.363001745200698e-06	0.0019415357766143105
M25	M66	6	242	24	54408	9.158743748579296e-10	4.363001745200698e-06	0.0019458987783595113
J30	J33	8	130	128	54408	9.602450672997485e-10	4.363001745200698e-06	0.001950261780104712
N88	N94	15	196	522	54408	9.611383571999798e-10	4.363001745200698e-06	0.001954624781849913
M42	M43	7	101	102	54408	9.828111921688599e-10	4.363001745200698e-06	0.0019589877835951134
H35	H53	7	98	107	54408	1.1131913904524725e-09	4.363001745200698e-06	0.001963350785340314
D43	G40	8	38	472	54408	1.1772130873560125e-09	4.363001745200698e-06	0.0019677137870855147
J18	J44	12	437	135	54408	1.178238970049407e-09	4.363001745200698e-06	0.0019720767888307153
E66	J44	19	1357	135	54408	1.2999361990776485e-09	4.363001745200698e-06	0.0019764397905759163
F45	M53	20	417	477	54408	1.3009324370597339e-09	4.363001745200698e-06	0.001980802792321117
N92	D64	36	2491	250	54408	1.318890618540052e-09	4.363001745200698e-06	0.0019851657940663176
M06	M25	9	106	242	54408	1.3247891708476297e-09	4.363001745200698e-06	0.001989528795811518
I26	J90	7	188	58	54408	1.3618289259391198e-09	4.363001745200698e-06	0.001993891797556719
M47	M53	14	186	477	54408	1.3716952154686944e-09	4.363001745200698e-06	0.00199825479930192
H66	H72	6	169	36	54408	1.480979403936339e-09	4.363001745200698e-06	0.0020026178010471205
F40	F41	9	44	622	54408	1.563430544334792e-09	4.363001745200698e-06	0.002006980802792321
L40	M06	7	104	106	54408	1.5846556323674393e-09	4.363001745200698e-06	0.0020113438045375217
D50	K21	25	647	488	54408	1.602346760166323e-09	4.363001745200698e-06	0.0020157068062827224
F13	F50	8	116	154	54408	1.6820701943138716e-09	4.363001745200698e-06	0.002020069808027923
K20	K29	10	27	1539	54408	1.7328349793678146e-09	4.363001745200698e-06	0.002024432809773124
E86	K52	12	62	1028	54408	1.7627446593917434e-09	4.363001745200698e-06	0.0020287958115183247
G04	G35	7	43	268	54408	1.8014855270135458e-09	4.363001745200698e-06	0.0020331588132635253
K01	K02	8	177	102	54408	1.8082272796464131e-09	4.363001745200698e-06	0.002037521815008726
N84	D25	71	1070	1673	54408	1.8227624911396567e-09	4.363001745200698e-06	0.0020418848167539265
A16	J44	7	84	135	54408	1.9114369834433357e-09	4.363001745200698e-06	0.002046247818499127
B24	F19	6	51	123	54408	1.955521923446814e-09	4.363001745200698e-06	0.002050610820244328
E87	G40	12	131	472	54408	1.9761601328328284e-09	4.363001745200698e-06	0.002054973821989529
E78	F45	28	950	417	54408	1.984867788038575e-09	4.363001745200698e-06	0.0020593368237347295
J15	J18	11	112	437	54408	2.0084454668388994e-09	4.363001745200698e-06	0.00206369982547993
N13	N28	9	430	64	54408	2.07590461015377e-09	4.363001745200698e-06	0.0020680628272251307
B18	B24	6	125	51	54408	2.1555062247350294e-09	4.363001745200698e-06	0.0020724258289703313
I80	I82	10	332	113	54408	2.2268426515219794e-09	4.363001745200698e-06	0.0020767888307155324
F41	M53	24	622	477	54408	2.2458909864441222e-09	4.363001745200698e-06	0.002081151832460733
M42	M47	8	101	186	54408	2.470442414442972e-09	4.363001745200698e-06	0.0020855148342059336
M67	M94	15	654	169	54408	2.5953846663162286e-09	4.363001745200698e-06	0.0020898778359511342
N97	N99	16	1749	77	54408	2.610411606842439e-09	4.363001745200698e-06	0.002094240837696335
M48	M50	7	60	200	54408	2.672723632388788e-09	4.363001745200698e-06	0.002098603839441536
D11	D37	6	58	114	54408	2.743062709192055e-09	4.363001745200698e-06	0.0021029668411867365
F23	F32	22	182	1416	54408	2.792730027490589e-09	4.363001745200698e-06	0.002107329842931937
F54	H91	7	31	407	54408	2.8043898086159844e-09	4.363001745200698e-06	0.0021116928446771378
E78	I21	9	950	32	54408	2.842918439005435e-09	4.363001745200698e-06	0.002120418848167539
E78	I11	9	950	32	54408	2.842918439005435e-09	4.363001745200698e-06	0.0021160558464223384
E78	F10	35	950	630	54408	3.026078948832705e-09	4.363001745200698e-06	0.00212478184991274
N80	D27	38	1424	486	54408	3.2032296745766723e-09	4.363001745200698e-06	0.0021291448516579407
E87	J96	6	131	52	54408	3.2263874591132946e-09	4.363001745200698e-06	0.0021335078534031413
E03	I10	28	389	1048	54408	3.6098085581137802e-09	4.363001745200698e-06	0.002137870855148342
E11	I11	6	223	32	54408	3.6735976061733633e-09	4.363001745200698e-06	0.0021422338568935426
A04	K29	17	101	1539	54408	3.699626145735427e-09	4.363001745200698e-06	0.002146596858638743
F17	F60	18	593	287	54408	3.858571135965434e-09	4.363001745200698e-06	0.0021509598603839442
F23	F43	18	182	946	54408	3.932079844674507e-09	4.363001745200698e-06	0.002155322862129145
J18	J98	10	437	92	54408	4.04481920239777e-09	4.363001745200698e-06	0.0021596858638743455
M17	M22	8	107	187	54408	4.083945791945443e-09	4.363001745200698e-06	0.002164048865619546
N19	I10	8	22	1048	54408	4.644575685066437e-09	4.363001745200698e-06	0.0021684118673647467
F70	G40	9	64	472	54408	4.65680681321727e-09	4.363001745200698e-06	0.002172774869109948
D21	D25	23	174	1673	54408	4.862243297205285e-09	4.363001745200698e-06	0.0021771378708551484
L03	L60	8	204	102	54408	5.518672823121298e-09	4.363001745200698e-06	0.002181500872600349
F33	F42	7	395	35	54408	5.690013570346355e-09	4.363001745200698e-06	0.0021858638743455496
E05	E06	12	391	176	54408	7.0027088730633685e-09	4.363001745200698e-06	0.0021902268760907503
I10	I64	11	1048	55	54408	7.097681667707366e-09	4.363001745200698e-06	0.002194589877835951
D13	D37	6	68	114	54408	7.292661099243542e-09	4.363001745200698e-06	0.002198952879581152
G55	M54	10	27	1796	54408	7.564360879718172e-09	4.363001745200698e-06	0.0022033158813263526
M22	M65	12	187	371	54408	7.738686372466177e-09	4.363001745200698e-06	0.002207678883071553
K01	K08	7	177	79	54408	8.144242560438322e-09	4.363001745200698e-06	0.002212041884816754
K31	K44	10	92	472	54408	8.394198591564769e-09	4.363001745200698e-06	0.0022164048865619544
E86	E87	6	62	131	54408	9.552449993942e-09	4.363001745200698e-06	0.002220767888307155
E66	K43	19	1357	152	54408	9.695029774835675e-09	4.363001745200698e-06	0.002225130890052356
N92	N93	34	2491	245	54408	9.716640539437827e-09	4.363001745200698e-06	0.0022294938917975567
C53	I89	6	136	60	54408	9.77894096257754e-09	4.363001745200698e-06	0.0022338568935427574
H33	H40	6	149	55	54408	9.891700487480382e-09	4.363001745200698e-06	0.002238219895287958
D50	K90	9	647	52	54408	1.0499164740489376e-08	4.363001745200698e-06	0.0022425828970331586
D64	E87	9	250	131	54408	1.147688994113708e-08	4.363001745200698e-06	0.0022469458987783597
K21	K31	10	488	92	54408	1.14969617099682e-08	4.363001745200698e-06	0.0022513089005235603
M65	M71	8	371	63	54408	1.2108134897591659e-08	4.363001745200698e-06	0.002255671902268761
M42	M62	6	101	85	54408	1.367225120462134e-08	4.363001745200698e-06	0.0022600349040139615
D53	K76	6	26	349	54408	1.3786976875325352e-08	4.363001745200698e-06	0.002264397905759162
J96	K66	8	52	464	54408	1.4274934780225195e-08	4.363001745200698e-06	0.0022687609075043628
M43	M62	6	102	85	54408	1.4508703010278825e-08	4.363001745200698e-06	0.002273123909249564
D68	I82	6	77	113	54408	1.4754816483059788e-08	4.363001745200698e-06	0.0022774869109947644
E73	K52	11	60	1028	54408	1.530330998700117e-08	4.363001745200698e-06	0.002281849912739965
L90	L98	6	151	59	54408	1.6500403383771185e-08	4.363001745200698e-06	0.0022862129144851657
F12	F33	6	24	395	54408	1.698930228411276e-08	4.363001745200698e-06	0.0022905759162303663
D50	K44	23	647	472	54408	1.8137777648956928e-08	4.363001745200698e-06	0.002294938917975567
F43	F44	11	946	66	54408	1.863471120160118e-08	4.363001745200698e-06	0.002299301919720768
G43	H53	11	571	107	54408	1.9314553412384946e-08	4.363001745200698e-06	0.0023036649214659686
I84	K29	51	761	1539	54408	1.9390372830061686e-08	4.363001745200698e-06	0.0023080279232111692
E05	E83	7	391	42	54408	2.0383820776345223e-08	4.363001745200698e-06	0.00231239092495637
L20	B00	6	90	102	54408	2.0498993772988578e-08	4.363001745200698e-06	0.0023167539267015705
E87	A09	13	131	711	54408	2.059956164864653e-08	4.363001745200698e-06	0.0023211169284467715
K71	K85	6	55	169	54408	2.0992421055217498e-08	4.363001745200698e-06	0.002325479930191972
D64	D70	6	250	38	54408	2.163079170292589e-08	4.363001745200698e-06	0.0023298429319371728
M41	M47	7	87	186	54408	2.2600208670766133e-08	4.363001745200698e-06	0.0023342059336823734
E78	K29	59	950	1539	54408	2.3660655725825995e-08	4.363001745200698e-06	0.002338568935427574
J06	J20	11	326	190	54408	2.5326367945161657e-08	4.363001745200698e-06	0.0023429319371727746
M43	M53	10	102	477	54408	2.5336536562052856e-08	4.363001745200698e-06	0.0023472949389179757
F17	F43	32	593	946	54408	2.5452641935515846e-08	4.363001745200698e-06	0.0023516579406631763
K25	K44	10	104	472	54408	2.7698063815090062e-08	4.363001745200698e-06	0.002356020942408377
I84	K63	15	761	174	54408	2.867444499883958e-08	4.363001745200698e-06	0.0023603839441535776
F42	F60	6	35	287	54408	2.9182834118002123e-08	4.363001745200698e-06	0.002364746945898778
E78	G45	14	950	121	54408	2.998682512676992e-08	4.363001745200698e-06	0.002369109947643979
F41	F50	13	622	154	54408	3.024330382872004e-08	4.363001745200698e-06	0.00237347294938918
F43	M53	28	946	477	54408	3.291081085611507e-08	4.363001745200698e-06	0.0023778359511343805
M47	M50	9	186	200	54408	3.5223442309540513e-08	4.363001745200698e-06	0.002382198952879581
E78	I47	18	950	210	54408	3.9410073638792935e-08	4.363001745200698e-06	0.0023865619546247817
E78	G43	31	950	571	54408	4.018490131427422e-08	4.363001745200698e-06	0.0023909249563699823
M24	M99	6	204	51	54408	4.038354211418873e-08	4.363001745200698e-06	0.0023952879581151834
F10	F34	12	630	130	54408	4.36391443511977e-08	4.363001745200698e-06	0.002399650959860384
K21	K22	8	488	57	54408	4.4476280276217163e-08	4.363001745200698e-06	0.0024040139616055846
E03	K76	15	389	349	54408	4.5016277758054005e-08	4.363001745200698e-06	0.0024083769633507853
F10	F11	8	630	45	54408	4.570996901148424e-08	4.363001745200698e-06	0.002412739965095986
F17	J40	11	593	112	54408	4.571903261134385e-08	4.363001745200698e-06	0.0024171029668411865
F23	F31	8	182	150	54408	4.7114955006603294e-08	4.363001745200698e-06	0.0024214659685863876
M17	M94	7	107	169	54408	4.9447038848954076e-08	4.363001745200698e-06	0.002425828970331588
C53	D06	13	136	739	54408	5.056583639468674e-08	4.363001745200698e-06	0.002430191972076789
D50	K51	12	647	130	54408	5.821245663821754e-08	4.363001745200698e-06	0.0024345549738219894
M50	M51	21	200	1396	54408	6.004231891053565e-08	4.363001745200698e-06	0.00243891797556719
I10	I67	11	1048	67	54408	6.17684872680308e-08	4.363001745200698e-06	0.0024432809773123907
M43	M47	7	102	186	54408	6.840894690869987e-08	4.363001745200698e-06	0.0024476439790575917
G43	G45	11	571	121	54408	6.974543806585024e-08	4.363001745200698e-06	0.0024520069808027923
F34	F45	10	130	417	54408	7.389624511504067e-08	4.363001745200698e-06	0.002456369982547993
E03	G40	17	389	472	54408	7.416159355299765e-08	4.363001745200698e-06	0.0024607329842931936
G57	M51	12	64	1396	54408	7.450334544243592e-08	4.363001745200698e-06	0.002465095986038394
N30	N39	17	141	1334	54408	7.698863263904486e-08	4.363001745200698e-06	0.002469458987783595
G40	K70	8	472	63	54408	7.712664034691538e-08	4.363001745200698e-06	0.002473821989528796
H81	M53	17	386	477	54408	7.714678401316365e-08	4.363001745200698e-06	0.0024781849912739965
F17	K76	18	593	349	54408	7.733058041504828e-08	4.363001745200698e-06	0.002482547993019197
K29	M47	21	1539	186	54408	8.705152371608756e-08	4.363001745200698e-06	0.0024869109947643978
F20	F70	6	184	64	54408	8.781022013433161e-08	4.363001745200698e-06	0.0024912739965095984
N81	K62	9	190	218	54408	8.839794026256533e-08	4.363001745200698e-06	0.0024956369982547994
E10	E78	15	153	950	54408	9.104898020709202e-08	4.363001745200698e-06	0.0025
F33	G40	17	395	472	54408	9.22531105402856e-08	4.363001745200698e-06	0.0025043630017452007
E78	I42	7	950	23	54408	9.2982141019563e-08	4.363001745200698e-06	0.0025087260034904013
K56	K65	6	161	74	54408	9.58968008962044e-08	4.363001745200698e-06	0.002513089005235602
N80	N99	13	1424	77	54408	9.950550814248175e-08	4.363001745200698e-06	0.0025174520069808025
K21	K58	14	488	255	54408	9.965730866804293e-08	4.363001745200698e-06	0.0025218150087260036
H90	J34	13	108	1003	54408	1.0791056109610828e-07	4.363001745200698e-06	0.002526178010471204
N62	L91	8	383	81	54408	1.1521431704933439e-07	4.363001745200698e-06	0.002530541012216405
N81	D25	22	190	1673	54408	1.1623380867137115e-07	4.363001745200698e-06	0.0025349040139616055
F60	L70	6	287	44	54408	1.219589853449794e-07	4.363001745200698e-06	0.002539267015706806
E14	E78	13	115	950	54408	1.2270366000634205e-07	4.363001745200698e-06	0.0025436300174520067
K50	K56	8	192	161	54408	1.2296287130284813e-07	4.363001745200698e-06	0.0025479930191972078
F41	F42	7	622	35	54408	1.257071036255905e-07	4.363001745200698e-06	0.0025523560209424084
F17	F41	24	593	622	54408	1.3720400481602077e-07	4.363001745200698e-06	0.002556719022687609
E66	K57	18	1357	162	54408	1.4652055928200602e-07	4.363001745200698e-06	0.0025610820244328096
F32	F61	8	1416	25	54408	1.5046438605162567e-07	4.363001745200698e-06	0.0025654450261780102
F17	I63	9	593	76	54408	1.5216914814921642e-07	4.363001745200698e-06	0.0025698080279232113
K21	K80	45	488	2145	54408	1.6121199143856854e-07	4.363001745200698e-06	0.002574171029668412
M23	M71	11	1233	63	54408	1.623714114984288e-07	4.363001745200698e-06	0.0025785340314136125
F33	M54	35	395	1796	54408	1.6426121167967654e-07	4.363001745200698e-06	0.002582897033158813
E03	F32	30	389	1416	54408	1.6745569616184716e-07	4.363001745200698e-06	0.002587260034904014
K70	K76	7	63	349	54408	1.710276958412217e-07	4.363001745200698e-06	0.0025916230366492144
F20	F43	16	184	946	54408	1.717860677947257e-07	4.363001745200698e-06	0.0025959860383944155
F43	F61	7	946	25	54408	1.7188823106687765e-07	4.363001745200698e-06	0.002600349040139616
J01	J06	10	182	326	54408	1.7885310251982305e-07	4.363001745200698e-06	0.0026047120418848167
F43	G44	23	946	368	54408	1.808207464850601e-07	4.363001745200698e-06	0.0026090750436300173
K29	K57	19	1539	162	54408	1.9394031446992374e-07	4.363001745200698e-06	0.002613438045375218
C50	C78	6	365	38	54408	2.014997471925447e-07	4.363001745200698e-06	0.0026178010471204186
F17	J20	13	593	190	54408	2.0608928407724513e-07	4.363001745200698e-06	0.0026221640488656196
I80	I87	7	332	68	54408	2.0835606984766417e-07	4.363001745200698e-06	0.0026265270506108203
H81	I95	14	386	342	54408	2.0837880845502822e-07	4.363001745200698e-06	0.002630890052356021
K63	K92	8	174	191	54408	2.1435447204628607e-07	4.363001745200698e-06	0.0026352530541012215
J03	J36	10	274	221	54408	2.1840143690514837e-07	4.363001745200698e-06	0.002639616055846422
M65	M75	13	371	304	54408	2.206935293645123e-07	4.363001745200698e-06	0.002643979057591623
F25	F32	16	127	1416	54408	2.2153227959985688e-07	4.363001745200698e-06	0.002648342059336824
K56	K59	10	161	378	54408	2.227106445865666e-07	4.363001745200698e-06	0.0026527050610820244
E03	E66	29	389	1357	54408	2.2666195868956317e-07	4.363001745200698e-06	0.002657068062827225
D38	F17	7	40	593	54408	2.4075821299463343e-07	4.363001745200698e-06	0.0026614310645724257
E04	E83	8	847	42	54408	2.467741433846854e-07	4.363001745200698e-06	0.0026657940663176263
F32	G47	18	1416	161	54408	2.4829254696139953e-07	4.363001745200698e-06	0.0026701570680628273
I10	I61	7	1048	24	54408	2.506902097011744e-07	4.363001745200698e-06	0.002674520069808028
E66	M47	19	1357	186	54408	2.525866157405519e-07	4.363001745200698e-06	0.0026788830715532286
E11	K76	11	223	349	54408	2.5524742344130806e-07	4.363001745200698e-06	0.002683246073298429
N70	N99	10	824	77	54408	2.643745434427541e-07	4.363001745200698e-06	0.00268760907504363
M21	M22	6	76	187	54408	2.7227678361075997e-07	4.363001745200698e-06	0.0026919720767888304
N83	N94	46	2110	522	54408	2.7390832253688654e-07	4.363001745200698e-06	0.0026963350785340315
D27	K66	18	486	464	54408	2.779015782211442e-07	4.363001745200698e-06	0.002700698080279232
F32	K21	34	1416	488	54408	2.883385131708092e-07	4.363001745200698e-06	0.0027050610820244327
E66	I26	19	1357	188	54408	2.9844579357917494e-07	4.363001745200698e-06	0.0027094240837696334
F10	F30	7	630	39	54408	3.011120271598012e-07	4.363001745200698e-06	0.002713787085514834
F32	F34	16	1416	130	54408	3.0642705795797885e-07	4.363001745200698e-06	0.002718150087260035
N18	J18	7	57	437	54408	3.844271508940397e-07	4.363001745200698e-06	0.0027225130890052357
G35	G97	6	268	57	54408	3.969960352461811e-07	4.363001745200698e-06	0.0027268760907504363
N86	N88	8	186	196	54408	4.3359491573848043e-07	4.363001745200698e-06	0.002731239092495637
F17	K70	8	593	63	54408	4.3455939845699543e-07	4.363001745200698e-06	0.0027356020942408375
N98	E28	6	125	123	54408	4.4443304820379656e-07	4.363001745200698e-06	0.002739965095986038
D05	D48	6	31	526	54408	4.759077076649025e-07	4.363001745200698e-06	0.002744328097731239
F17	F33	18	593	395	54408	4.777690917935561e-07	4.363001745200698e-06	0.00274869109947644
H65	J30	6	120	130	54408	4.840685735137155e-07	4.363001745200698e-06	0.0027530541012216404
K22	K29	11	57	1539	54408	5.00275072478514e-07	4.363001745200698e-06	0.002757417102966841
E66	L68	7	1357	21	54408	5.06038443916392e-07	4.363001745200698e-06	0.0027617801047120417
F33	F34	9	395	130	54408	5.199317379982581e-07	4.363001745200698e-06	0.0027661431064572423
H33	H53	6	149	107	54408	5.485632374330079e-07	4.363001745200698e-06	0.0027705061082024434
F45	G43	18	417	571	54408	6.066914506255172e-07	4.363001745200698e-06	0.002774869109947644
F41	K70	8	622	63	54408	6.216464914026283e-07	4.363001745200698e-06	0.0027792321116928446
M19	M75	7	87	304	54408	6.325964499164516e-07	4.363001745200698e-06	0.0027835951134380452
E03	E06	10	389	176	54408	6.580458153755816e-07	4.363001745200698e-06	0.002787958115183246
E66	G47	17	1357	161	54408	6.676054502588651e-07	4.363001745200698e-06	0.0027923211169284465
F20	F60	9	184	287	54408	6.809920136285282e-07	4.363001745200698e-06	0.0027966841186736475
K61	L02	10	167	413	54408	6.988989737182505e-07	4.363001745200698e-06	0.002801047120418848
F41	K29	41	622	1539	54408	7.07337161528202e-07	4.363001745200698e-06	0.0028054101221640488
I10	K44	27	1048	472	54408	7.098612683140817e-07	4.363001745200698e-06	0.0028097731239092494
K01	K12	6	177	95	54408	7.443466741318845e-07	4.363001745200698e-06	0.00281413612565445
M23	M66	7	1233	24	54408	7.454029182715085e-07	4.363001745200698e-06	0.002818499127399651
J33	J45	9	128	420	54408	7.582492936218861e-07	4.363001745200698e-06	0.0028228621291448517
I10	I70	6	1048	18	54408	7.667356254636251e-07	4.363001745200698e-06	0.0028272251308900523
F41	I20	8	622	65	54408	7.940949316354561e-07	4.363001745200698e-06	0.002831588132635253
N26	N39	8	32	1334	54408	7.968491816431955e-07	4.363001745200698e-06	0.0028359511343804536
N70	N77	7	824	35	54408	8.28254031647068e-07	4.363001745200698e-06	0.002840314136125654
D64	K29	23	250	1539	54408	8.828174180349572e-07	4.363001745200698e-06	0.0028446771378708552
E66	I21	8	1357	32	54408	9.056184473524047e-07	4.363001745200698e-06	0.0028534031413612565
E66	I11	8	1357	32	54408	9.056184473524047e-07	4.363001745200698e-06	0.002849040139616056
N10	N23	10	254	279	54408	9.193061909962602e-07	4.363001745200698e-06	0.002857766143106457
F17	I80	16	593	332	54408	9.91775674304045e-07	4.363001745200698e-06	0.0028621291448516577
N23	N28	6	279	64	54408	1.0065403477202753e-06	4.363001745200698e-06	0.0028664921465968583
H65	H93	8	120	342	54408	1.0241126300335486e-06	4.363001745200698e-06	0.0028708551483420594
G44	I10	23	368	1048	54408	1.0482035764946325e-06	4.363001745200698e-06	0.00287521815008726
F32	K44	32	1416	472	54408	1.1474577591039417e-06	4.363001745200698e-06	0.0028795811518324606
C73	E05	8	107	391	54408	1.1617994701778674e-06	4.363001745200698e-06	0.0028839441535776613
F60	F70	6	287	64	54408	1.1857236360968024e-06	4.363001745200698e-06	0.002888307155322862
A49	K29	11	62	1539	54408	1.2110110399195867e-06	4.363001745200698e-06	0.002892670157068063
N83	D36	15	2110	87	54408	1.215700859176376e-06	4.363001745200698e-06	0.0028970331588132636
F33	M47	10	395	186	54408	1.2492507111964003e-06	4.363001745200698e-06	0.002901396160558464
K36	K66	12	240	464	54408	1.2874454102802001e-06	4.363001745200698e-06	0.002905759162303665
N39	C53	15	1334	136	54408	1.397416456568888e-06	4.363001745200698e-06	0.0029101221640488654
G43	I63	8	571	76	54408	1.4128178463247744e-06	4.363001745200698e-06	0.002914485165794066
F19	G40	9	123	472	54408	1.4171361345264527e-06	4.363001745200698e-06	0.002918848167539267
K56	K66	10	161	464	54408	1.4243064211343263e-06	4.363001745200698e-06	0.0029232111692844677
K21	K92	11	488	191	54408	1.465003840645458e-06	4.363001745200698e-06	0.0029275741710296684
F43	F48	13	946	143	54408	1.467135942539817e-06	4.363001745200698e-06	0.002931937172774869
E74	K52	7	31	1028	54408	1.4907180174558352e-06	4.363001745200698e-06	0.0029363001745200696
M71	M75	6	63	304	54408	1.5057679591600477e-06	4.363001745200698e-06	0.0029406631762652702
D50	E61	8	647	68	54408	1.511890953126084e-06	4.363001745200698e-06	0.0029450261780104713
D50	F32	39	647	1416	54408	1.5479772312759686e-06	4.363001745200698e-06	0.002949389179755672
K50	K60	9	192	304	54408	1.5594517210665037e-06	4.363001745200698e-06	0.0029537521815008725
K29	K59	29	1539	378	54408	1.5729698345605874e-06	4.363001745200698e-06	0.002958115183246073
K76	K83	6	349	56	54408	1.6535206043793675e-06	4.363001745200698e-06	0.0029624781849912738
K30	K58	6	76	255	54408	1.66003404766281e-06	4.363001745200698e-06	0.002966841186736475
K76	K85	9	349	169	54408	1.6829720526882849e-06	4.363001745200698e-06	0.0029712041884816754
J01	J34	15	182	1003	54408	1.6873887759504523e-06	4.363001745200698e-06	0.002975567190226876
F60	G40	13	287	472	54408	1.7047970106450646e-06	4.363001745200698e-06	0.0029799301919720767
N70	B37	14	824	193	54408	1.7415777058752208e-06	4.363001745200698e-06	0.0029842931937172773
E66	I25	12	1357	87	54408	1.7494890316624666e-06	4.363001745200698e-06	0.002988656195462478
F45	F48	9	417	143	54408	1.806301659813129e-06	4.363001745200698e-06	0.002993019197207679
I10	I48	9	1048	59	54408	1.870028927287179e-06	4.363001745200698e-06	0.0029973821989528796
K58	K63	8	255	174	54408	1.8895668387447532e-06	4.363001745200698e-06	0.0030017452006980802
F32	K76	26	1416	349	54408	2.0619516706539477e-06	4.363001745200698e-06	0.003006108202443281
F32	M47	18	1416	186	54408	2.0797356682508534e-06	4.363001745200698e-06	0.0030104712041884815
M40	M54	7	20	1796	54408	2.24195244245734e-06	4.363001745200698e-06	0.003014834205933682
G97	M54	11	57	1796	54408	2.2441232814012902e-06	4.363001745200698e-06	0.003019197207678883
D10	J35	9	43	1506	54408	2.2480279696611334e-06	4.363001745200698e-06	0.0030235602094240838
F17	K71	7	593	55	54408	2.275351921452476e-06	4.363001745200698e-06	0.0030279232111692844
F17	I64	7	593	55	54408	2.275351921452476e-06	4.363001745200698e-06	0.003032286212914485
E87	K76	8	131	349	54408	2.30666693439373e-06	4.363001745200698e-06	0.0030366492146596856
G54	M51	8	35	1396	54408	2.338863119823738e-06	4.363001745200698e-06	0.0030410122164048867
N64	E65	7	228	141	54408	2.4290626130345005e-06	4.363001745200698e-06	0.0030453752181500873
K29	K92	19	1539	191	54408	2.432914153465063e-06	4.363001745200698e-06	0.003049738219895288
I10	M54	64	1048	1796	54408	2.472537352186638e-06	4.363001745200698e-06	0.0030541012216404886
E03	J45	14	389	420	54408	2.589225872725604e-06	4.363001745200698e-06	0.003058464223385689
K29	K50	19	1539	192	54408	2.6292670844431655e-06	4.363001745200698e-06	0.00306282722513089
F32	J44	15	1416	135	54408	2.63370163969682e-06	4.363001745200698e-06	0.003067190226876091
F41	I95	16	622	342	54408	2.685967949953242e-06	4.363001745200698e-06	0.0030715532286212915
N76	B37	10	415	193	54408	2.704020099927636e-06	4.363001745200698e-06	0.003075916230366492
E65	E66	15	141	1357	54408	2.716241159998669e-06	4.363001745200698e-06	0.0030802792321116927
M19	M25	6	87	242	54408	2.7193826477036083e-06	4.363001745200698e-06	0.003089005235602094
M25	M41	6	242	87	54408	2.7193826477036083e-06	4.363001745200698e-06	0.0030846422338568933
F34	F41	10	130	622	54408	2.7683557897547916e-06	4.363001745200698e-06	0.003093368237347295
M65	M77	10	371	217	54408	2.856619038867449e-06	4.363001745200698e-06	0.0030977312390924956
F10	G62	6	630	35	54408	2.871314499545866e-06	4.363001745200698e-06	0.0031020942408376963
K44	K58	12	472	255	54408	2.877742546316197e-06	4.363001745200698e-06	0.003106457242582897
G44	H81	13	368	386	54408	2.89112857846216e-06	4.363001745200698e-06	0.0031108202443280975
N20	A41	7	710	48	54408	2.8954085015779654e-06	4.363001745200698e-06	0.0031151832460732986
E78	M41	10	950	87	54408	2.9887757853246353e-06	4.363001745200698e-06	0.003119546247818499
E06	E78	14	176	950	54408	3.02541511060352e-06	4.363001745200698e-06	0.0031239092495637
N85	N93	12	494	245	54408	3.034333724686357e-06	4.363001745200698e-06	0.0031282722513089004
N86	N89	6	186	116	54408	3.1977705799819782e-06	4.363001745200698e-06	0.003132635253054101
H65	J01	6	120	182	54408	3.434677091062727e-06	4.363001745200698e-06	0.0031369982547993017
F17	K29	38	593	1539	54408	3.4417186879572765e-06	4.363001745200698e-06	0.0031413612565445027
N28	N39	10	64	1334	54408	3.457609398110162e-06	4.363001745200698e-06	0.0031457242582897033
K59	K62	10	378	218	54408	3.5098095440641333e-06	4.363001745200698e-06	0.003150087260034904
F32	G43	35	1416	571	54408	3.6165674566195355e-06	4.363001745200698e-06	0.0031544502617801046
F17	I73	7	593	59	54408	3.6839706084107723e-06	4.363001745200698e-06	0.003158813263525305
H65	H91	8	120	407	54408	3.7075964572842105e-06	4.363001745200698e-06	0.003163176265270506
I10	I47	16	1048	210	54408	3.7709211354981675e-06	4.363001745200698e-06	0.003167539267015707
M24	M94	7	204	169	54408	3.874519355968647e-06	4.363001745200698e-06	0.0031719022687609075
F17	I47	12	593	210	54408	3.979476778423906e-06	4.363001745200698e-06	0.003176265270506108
A16	F17	8	84	593	54408	4.003936312291228e-06	4.363001745200698e-06	0.0031806282722513088
E06	F32	17	176	1416	54408	4.060076980295927e-06	4.363001745200698e-06	0.0031849912739965094
L02	L03	10	413	204	54408	4.244334312160427e-06	4.363001745200698e-06	0.00318935427574171
E11	E79	6	223	102	54408	4.298691316134148e-06	4.363001745200698e-06	0.003193717277486911
