ICD1	ICD2	val11	occ1	occ2	NN	pval	bonf_thresh	fdr_thresh
J32	J34	312	779	1158	59415	0.0	3.429355281207133e-06	3.429355281207133e-06
N13	N20	227	510	718	59415	1.269146647176446e-303	3.429355281207133e-06	6.858710562414266e-06
M51	M54	457	1666	2057	59415	1.8100649587525493e-282	3.429355281207133e-06	1.0288065843621398e-05
N80	N97	386	1694	1841	59415	1.350421254554596e-222	3.429355281207133e-06	1.3717421124828532e-05
E66	I10	308	1571	1205	59415	6.639292517806187e-213	3.429355281207133e-06	1.7146776406035666e-05
J34	M95	140	1158	186	59415	3.2435011517753137e-200	3.429355281207133e-06	2.0576131687242797e-05
K21	K44	170	617	619	59415	6.371969097670849e-194	3.429355281207133e-06	2.400548696844993e-05
N20	N23	145	718	318	59415	2.1386158332368633e-192	3.429355281207133e-06	2.7434842249657064e-05
N92	D25	432	2693	1801	59415	1.3607848170979257e-190	3.429355281207133e-06	3.08641975308642e-05
H91	H93	136	449	412	59415	1.147332470167887e-187	3.429355281207133e-06	3.429355281207133e-05
K29	K44	227	1859	619	59415	6.698938309138669e-178	3.429355281207133e-06	3.7722908093278466e-05
K21	K29	214	617	1859	59415	1.586413566426578e-161	3.429355281207133e-06	4.115226337448559e-05
N73	N80	211	738	1694	59415	5.6998589284422876e-148	3.429355281207133e-06	4.458161865569273e-05
F32	F43	256	1838	1231	59415	8.657365093733071e-135	3.429355281207133e-06	4.801097393689986e-05
N13	N23	103	510	318	59415	2.607294886945061e-133	3.429355281207133e-06	5.1440329218106995e-05
F10	F60	128	839	444	59415	3.907043703069299e-129	3.429355281207133e-06	5.486968449931413e-05
F10	F32	203	839	1838	59415	1.1624815468217817e-119	3.429355281207133e-06	5.829903978052126e-05
N84	N92	290	1277	2693	59415	2.024782560478131e-119	3.429355281207133e-06	6.17283950617284e-05
M23	M94	95	1235	165	59415	4.643934366099051e-115	3.429355281207133e-06	6.515775034293553e-05
E66	E78	186	1571	867	59415	9.86525994420787e-112	3.429355281207133e-06	6.858710562414266e-05
F32	F60	148	1838	444	59415	4.597074589692473e-109	3.429355281207133e-06	7.20164609053498e-05
E11	E66	117	279	1571	59415	7.715694985758644e-108	3.429355281207133e-06	7.544581618655693e-05
F32	F41	183	1838	796	59415	1.4901451336710108e-103	3.429355281207133e-06	7.887517146776407e-05
F32	F33	159	1838	595	59415	1.4325486754286528e-100	3.429355281207133e-06	8.230452674897119e-05
F10	F43	155	839	1231	59415	1.5592904595918195e-98	3.429355281207133e-06	8.573388203017832e-05
F43	F60	118	1231	444	59415	2.995774252718654e-94	3.429355281207133e-06	8.916323731138545e-05
N73	N97	162	738	1841	59415	3.50180947659411e-88	3.429355281207133e-06	9.259259259259259e-05
F10	K70	52	839	62	59415	1.192525899944926e-86	3.429355281207133e-06	9.602194787379972e-05
F33	F60	88	595	444	59415	3.224567995080674e-86	3.429355281207133e-06	9.945130315500686e-05
N85	N92	164	556	2693	59415	1.4552548828179657e-85	3.429355281207133e-06	0.00010288065843621399
N80	N83	262	1694	2288	59415	2.3299650283285377e-84	3.429355281207133e-06	0.00010631001371742112
F10	F13	74	839	198	59415	3.7894638616308537e-84	3.429355281207133e-06	0.00010973936899862826
I84	K62	77	822	233	59415	2.4283504002356624e-83	3.429355281207133e-06	0.00011316872427983539
M22	M23	83	211	1235	59415	1.8382369226007362e-82	3.429355281207133e-06	0.00011659807956104253
N73	N83	171	738	2288	59415	3.1841861044133753e-82	3.429355281207133e-06	0.00012002743484224966
N70	N73	113	879	738	59415	1.9740636214588155e-78	3.429355281207133e-06	0.0001234567901234568
K60	K61	54	326	187	59415	1.8783444996168504e-77	3.429355281207133e-06	0.0001268861454046639
F13	F60	59	198	444	59415	3.812527835656082e-77	3.429355281207133e-06	0.00013031550068587106
E11	I10	87	279	1205	59415	4.961611772579785e-77	3.429355281207133e-06	0.00013374485596707818
K80	K81	91	2226	193	59415	3.430973264895368e-76	3.429355281207133e-06	0.00013717421124828533
E78	I10	133	867	1205	59415	5.729307006627763e-75	3.429355281207133e-06	0.00014060356652949245
E66	K76	107	1571	421	59415	3.3815396296394594e-72	3.429355281207133e-06	0.0001440329218106996
N80	N94	127	1694	593	59415	5.198856136477366e-72	3.429355281207133e-06	0.00014746227709190672
N77	B37	29	31	198	59415	7.793165610063277e-71	3.429355281207133e-06	0.00015089163237311386
F10	F33	94	839	595	59415	2.7081499805242158e-68	3.429355281207133e-06	0.00015432098765432098
F33	F43	107	595	1231	59415	1.488193294277406e-66	3.429355281207133e-06	0.00015775034293552813
N92	D50	161	2693	704	59415	2.083600977423484e-66	3.429355281207133e-06	0.00016117969821673525
E11	E78	68	279	867	59415	6.508392410155005e-62	3.429355281207133e-06	0.00016460905349794237
N80	K66	98	1694	402	59415	2.7728482048926763e-61	3.429355281207133e-06	0.00016803840877914952
M53	M54	117	522	2057	59415	1.3277058900867428e-59	3.429355281207133e-06	0.00017146776406035664
M23	M24	66	1235	203	59415	2.6962855242750254e-59	3.429355281207133e-06	0.0001748971193415638
E78	F17	99	867	828	59415	8.161977601932616e-59	3.429355281207133e-06	0.0001783264746227709
K80	K85	77	2226	189	59415	1.2336331129949094e-58	3.429355281207133e-06	0.00018175582990397806
N80	D25	190	1694	1801	59415	5.407533400531877e-55	3.429355281207133e-06	0.00018518518518518518
E11	E14	37	279	137	59415	1.5541455947598722e-54	3.429355281207133e-06	0.00018861454046639232
F10	F17	93	839	828	59415	4.2703446039427013e-54	3.429355281207133e-06	0.00019204389574759944
I84	K60	64	822	326	59415	2.313193925437119e-53	3.429355281207133e-06	0.0001954732510288066
N18	I10	48	103	1205	59415	4.723497046836442e-53	3.429355281207133e-06	0.0001989026063100137
N83	K66	101	2288	402	59415	2.5654835692576174e-52	3.429355281207133e-06	0.00020233196159122086
N92	N94	131	2693	593	59415	2.590133742047497e-52	3.429355281207133e-06	0.00020576131687242798
F13	F32	68	198	1838	59415	1.693081267530631e-51	3.429355281207133e-06	0.00020919067215363513
E66	F17	118	1571	828	59415	1.4069302877399322e-50	3.429355281207133e-06	0.00021262002743484225
B18	F11	26	148	71	59415	3.17451194341138e-50	3.429355281207133e-06	0.0002160493827160494
I21	I25	21	41	95	59415	4.611995916787318e-49	3.429355281207133e-06	0.00021947873799725651
F11	F13	27	71	198	59415	5.31538818656183e-49	3.429355281207133e-06	0.00022290809327846364
N97	E28	61	1841	163	59415	6.664288434247682e-49	3.429355281207133e-06	0.00022633744855967078
J33	J34	47	120	1158	59415	2.477683788186324e-48	3.429355281207133e-06	0.0002297668038408779
F41	F43	101	796	1231	59415	3.296275036103199e-48	3.429355281207133e-06	0.00023319615912208505
C78	C79	20	66	49	59415	9.139403921417267e-48	3.429355281207133e-06	0.00023662551440329217
M42	M51	51	116	1666	59415	1.4801330210606598e-47	3.429355281207133e-06	0.00024005486968449932
M17	M23	49	133	1235	59415	2.0259947638892397e-47	3.429355281207133e-06	0.00024348422496570644
F32	F45	91	1838	449	59415	1.086583684698733e-46	3.429355281207133e-06	0.0002469135802469136
K80	K83	45	2226	70	59415	1.0931608400422523e-46	3.429355281207133e-06	0.0002503429355281207
C50	C77	33	475	87	59415	1.4247964988711246e-46	3.429355281207133e-06	0.0002537722908093278
F19	F60	38	161	444	59415	1.620923621121485e-45	3.429355281207133e-06	0.000257201646090535
I83	I87	56	3132	98	59415	1.7619759905253593e-45	3.429355281207133e-06	0.0002606310013717421
G43	G44	58	658	412	59415	2.4158571318374606e-45	3.429355281207133e-06	0.00026406035665294924
M23	M65	76	1235	453	59415	4.393700815163529e-45	3.429355281207133e-06	0.00026748971193415636
C73	E89	21	150	41	59415	1.6664513475599716e-44	3.429355281207133e-06	0.00027091906721536354
E73	E74	21	104	57	59415	2.9812502797975106e-44	3.429355281207133e-06	0.00027434842249657066
M54	M99	43	2057	75	59415	5.382102619620965e-43	3.429355281207133e-06	0.0002777777777777778
G46	I66	12	16	18	59415	8.36849142310355e-42	3.429355281207133e-06	0.0002812071330589849
F13	F19	29	198	161	59415	8.990881351537571e-42	3.429355281207133e-06	0.000284636488340192
F10	F19	42	839	161	59415	1.4170067644514647e-40	3.429355281207133e-06	0.0002880658436213992
H90	H93	33	143	412	59415	2.1597453452609485e-40	3.429355281207133e-06	0.0002914951989026063
C50	D05	22	475	31	59415	8.406990498197687e-40	3.429355281207133e-06	0.00029492455418381343
N70	N83	130	879	2288	59415	1.1858905288450954e-39	3.429355281207133e-06	0.00029835390946502055
F50	F60	35	173	444	59415	1.9447532631536884e-39	3.429355281207133e-06	0.00030178326474622773
M47	M54	63	222	2057	59415	3.428699265045931e-39	3.429355281207133e-06	0.00030521262002743485
K01	K07	31	186	283	59415	1.9459195579026588e-38	3.429355281207133e-06	0.00030864197530864197
E78	E79	33	867	85	59415	2.7960082678856394e-38	3.429355281207133e-06	0.0003120713305898491
F20	F25	32	309	194	59415	3.089367589557005e-38	3.429355281207133e-06	0.00031550068587105626
J35	J36	51	1190	227	59415	6.186399015106663e-38	3.429355281207133e-06	0.0003189300411522634
N39	N81	49	1484	170	59415	1.1173197740077146e-37	3.429355281207133e-06	0.0003223593964334705
F41	F45	57	796	449	59415	1.6438465352683964e-37	3.429355281207133e-06	0.0003257887517146776
E78	F32	112	867	1838	59415	2.1524305425242583e-37	3.429355281207133e-06	0.00032921810699588475
F10	K71	31	839	76	59415	2.6842871239075643e-37	3.429355281207133e-06	0.0003326474622770919
E78	K76	57	867	421	59415	4.5815934553183195e-37	3.429355281207133e-06	0.00033607681755829904
F13	F33	38	198	595	59415	5.90115841573566e-37	3.429355281207133e-06	0.00033950617283950616
N13	N39	77	510	1484	59415	9.7438466073607e-37	3.429355281207133e-06	0.0003429355281207133
F41	F60	56	796	444	59415	1.0241020224535123e-36	3.429355281207133e-06	0.00034636488340192046
J34	J35	103	1158	1190	59415	1.6220987547894812e-36	3.429355281207133e-06	0.0003497942386831276
M53	M99	27	522	75	59415	1.918010218560126e-36	3.429355281207133e-06	0.0003532235939643347
E78	I25	33	867	95	59415	2.2906810044959243e-36	3.429355281207133e-06	0.0003566529492455418
J32	J33	34	779	120	59415	1.5826257615260745e-35	3.429355281207133e-06	0.000360082304526749
I26	I80	31	200	325	59415	1.7280415177675788e-35	3.429355281207133e-06	0.0003635116598079561
I20	I25	19	92	95	59415	2.2733723862788858e-35	3.429355281207133e-06	0.00036694101508916323
E14	E66	44	137	1571	59415	3.2111047775157504e-35	3.429355281207133e-06	0.00037037037037037035
H80	H90	20	81	143	59415	4.4079908446203494e-35	3.429355281207133e-06	0.0003737997256515775
H66	H90	24	178	143	59415	4.4829657733342795e-35	3.429355281207133e-06	0.00037722908093278465
B20	B24	12	15	55	59415	4.936325705639285e-35	3.429355281207133e-06	0.00038065843621399177
N18	D64	25	103	305	59415	8.323919927877516e-35	3.429355281207133e-06	0.0003840877914951989
C77	C78	17	87	66	59415	2.9320475200591646e-34	3.429355281207133e-06	0.000387517146776406
B96	K29	27	35	1859	59415	3.6504232345507565e-34	3.429355281207133e-06	0.0003909465020576132
M50	M53	39	286	522	59415	4.30815625031534e-34	3.429355281207133e-06	0.0003943758573388203
K29	K80	186	1859	2226	59415	5.5106544099707025e-34	3.429355281207133e-06	0.0003978052126200274
C71	D43	15	47	67	59415	8.169776986770443e-34	3.429355281207133e-06	0.00040123456790123454
F32	M54	175	1838	2057	59415	1.5458002406528866e-33	3.429355281207133e-06	0.0004046639231824417
N97	K66	72	1841	402	59415	1.83109303804602e-33	3.429355281207133e-06	0.00040809327846364884
N83	D27	92	2288	539	59415	2.9160041623783246e-33	3.429355281207133e-06	0.00041152263374485596
F19	B17	18	161	55	59415	3.0705887533536603e-33	3.429355281207133e-06	0.0004149519890260631
F13	F43	45	198	1231	59415	3.124040204934243e-33	3.429355281207133e-06	0.00041838134430727025
M42	M54	43	116	2057	59415	1.0878378572330069e-32	3.429355281207133e-06	0.0004218106995884774
F10	K76	52	839	421	59415	1.3424311197273422e-32	3.429355281207133e-06	0.0004252400548696845
C43	D22	25	141	274	59415	2.8951486064046203e-32	3.429355281207133e-06	0.0004286694101508916
E14	I10	38	137	1205	59415	3.9686546962339764e-32	3.429355281207133e-06	0.0004320987654320988
F17	J44	36	828	166	59415	4.938166277284433e-32	3.429355281207133e-06	0.0004355281207133059
N60	D24	35	221	559	59415	5.16224238470961e-32	3.429355281207133e-06	0.00043895747599451303
J18	J90	26	637	78	59415	7.603024279403143e-32	3.429355281207133e-06	0.00044238683127572015
M53	M62	26	522	93	59415	8.438835085141907e-32	3.429355281207133e-06	0.00044581618655692727
N97	D25	158	1841	1801	59415	1.0209349258430555e-31	3.429355281207133e-06	0.00044924554183813445
N70	K66	51	879	402	59415	1.3297327394177069e-31	3.429355281207133e-06	0.00045267489711934157
C50	C79	21	475	49	59415	1.8536309708667738e-31	3.429355281207133e-06	0.0004561042524005487
K50	K56	27	248	223	59415	2.939501599207611e-31	3.429355281207133e-06	0.0004595336076817558
F11	F19	18	71	161	59415	6.3847412873025e-31	3.429355281207133e-06	0.000462962962962963
N70	N97	103	879	1841	59415	8.306729177884388e-31	3.429355281207133e-06	0.0004663923182441701
N18	N19	14	103	34	59415	1.1903223286723593e-30	3.429355281207133e-06	0.0004698216735253772
N18	D63	14	103	34	59415	1.1903223286723593e-30	3.429355281207133e-06	0.00047325102880658434
E10	E14	22	210	137	59415	3.995112484470897e-30	3.429355281207133e-06	0.0004766803840877915
F19	F32	45	161	1838	59415	4.004843286359257e-30	3.429355281207133e-06	0.00048010973936899864
B23	B24	11	18	55	59415	4.64853592989455e-30	3.429355281207133e-06	0.00048353909465020576
E66	E79	33	1571	85	59415	6.633222044497159e-30	3.429355281207133e-06	0.0004869684499314129
H50	H52	21	101	260	59415	2.4059248189104533e-29	3.429355281207133e-06	0.00049039780521262
F43	F44	33	1231	108	59415	2.5152268238924165e-29	3.429355281207133e-06	0.0004938271604938272
C73	E04	33	150	853	59415	2.8049455219679883e-29	3.429355281207133e-06	0.0004972565157750343
F17	F32	97	828	1838	59415	4.03558302917622e-29	3.429355281207133e-06	0.0005006858710562414
N18	I12	11	103	14	59415	8.867327664918437e-29	3.429355281207133e-06	0.0005041152263374485
C83	C85	10	17	40	59415	1.0885084735772827e-28	3.429355281207133e-06	0.0005075445816186557
K01	K04	21	186	150	59415	1.267703918135849e-28	3.429355281207133e-06	0.0005109739368998628
B18	F19	20	148	161	59415	2.7216950942464643e-28	3.429355281207133e-06	0.00051440329218107
M22	M94	22	211	165	59415	3.356094780837758e-28	3.429355281207133e-06	0.0005178326474622771
F33	F50	30	595	173	59415	4.807680008748164e-28	3.429355281207133e-06	0.0005212620027434842
M62	M99	15	93	75	59415	5.338163403372909e-28	3.429355281207133e-06	0.0005246913580246914
H50	H53	16	101	95	59415	6.896740908125921e-28	3.429355281207133e-06	0.0005281207133058985
I10	K76	55	1205	421	59415	8.462484097763857e-28	3.429355281207133e-06	0.0005315500685871056
K80	K82	30	2226	58	59415	1.4033673668602375e-27	3.429355281207133e-06	0.0005349794238683127
F33	F45	42	595	449	59415	1.4343185166833228e-27	3.429355281207133e-06	0.0005384087791495198
N19	I10	21	34	1205	59415	1.7116504784391547e-27	3.429355281207133e-06	0.0005418381344307271
H65	H90	17	94	143	59415	2.050551328672168e-27	3.429355281207133e-06	0.0005452674897119342
E11	K76	31	279	421	59415	2.1495842150543933e-27	3.429355281207133e-06	0.0005486968449931413
H25	H26	14	88	62	59415	2.260442758692822e-27	3.429355281207133e-06	0.0005521262002743484
N20	N39	78	718	1484	59415	2.3307110607423123e-27	3.429355281207133e-06	0.0005555555555555556
N73	N94	51	738	593	59415	4.18271047775722e-27	3.429355281207133e-06	0.0005589849108367627
M65	M67	44	453	695	59415	9.69006648884175e-27	3.429355281207133e-06	0.0005624142661179698
H66	H71	15	178	50	59415	1.5789606227819206e-26	3.429355281207133e-06	0.0005658436213991769
I26	J18	31	200	637	59415	1.740562645933388e-26	3.429355281207133e-06	0.000569272976680384
E14	E78	30	137	867	59415	1.8028662271182216e-26	3.429355281207133e-06	0.0005727023319615913
M41	M54	36	104	2057	59415	2.1907536199677516e-26	3.429355281207133e-06	0.0005761316872427984
N87	D06	84	1555	820	59415	3.1133566418522605e-26	3.429355281207133e-06	0.0005795610425240055
M22	M24	22	211	203	59415	3.7963333556225364e-26	3.429355281207133e-06	0.0005829903978052126
F43	F45	55	1231	449	59415	6.052096974096875e-26	3.429355281207133e-06	0.0005864197530864197
M54	M62	34	2057	93	59415	6.479474294464447e-26	3.429355281207133e-06	0.0005898491083676269
I10	I11	22	1205	44	59415	6.505075752674625e-26	3.429355281207133e-06	0.000593278463648834
G55	M51	18	21	1666	59415	1.289029977022633e-25	3.429355281207133e-06	0.0005967078189300411
D53	F10	17	27	839	59415	2.22264820177478e-25	3.429355281207133e-06	0.0006001371742112483
N10	N39	52	342	1484	59415	2.2729648383672815e-25	3.429355281207133e-06	0.0006035665294924555
H90	H91	24	143	449	59415	3.172141345047332e-25	3.429355281207133e-06	0.0006069958847736626
N84	N85	61	1277	556	59415	3.3239046212349003e-25	3.429355281207133e-06	0.0006104252400548697
K85	K86	15	189	57	59415	3.84556506654236e-25	3.429355281207133e-06	0.0006138545953360768
N17	N18	12	36	103	59415	4.5841244633887165e-25	3.429355281207133e-06	0.0006172839506172839
F40	F41	22	66	796	59415	4.894796779916231e-25	3.429355281207133e-06	0.0006207133058984911
M51	M53	67	1666	522	59415	5.051567744946976e-25	3.429355281207133e-06	0.0006241426611796982
D50	K29	83	704	1859	59415	5.942303111039969e-25	3.429355281207133e-06	0.0006275720164609053
M43	M54	34	99	2057	59415	7.183980214652493e-25	3.429355281207133e-06	0.0006310013717421125
E78	I20	25	867	92	59415	7.8776427603662e-25	3.429355281207133e-06	0.0006344307270233196
E66	K80	148	1571	2226	59415	1.5324710372999858e-24	3.429355281207133e-06	0.0006378600823045268
F32	F50	41	1838	173	59415	1.5652379067377018e-24	3.429355281207133e-06	0.0006412894375857339
E78	I21	19	867	41	59415	1.956283628075794e-24	3.429355281207133e-06	0.000644718792866941
M23	M67	66	1235	695	59415	1.990496177498153e-24	3.429355281207133e-06	0.0006481481481481481
K02	K04	16	104	150	59415	2.6214979386434128e-24	3.429355281207133e-06	0.0006515775034293552
M19	M75	21	120	374	59415	2.716226080448101e-24	3.429355281207133e-06	0.0006550068587105624
D68	I80	19	99	325	59415	4.464104824362971e-24	3.429355281207133e-06	0.0006584362139917695
M24	M67	30	203	695	59415	5.929828178547893e-24	3.429355281207133e-06	0.0006618655692729767
H33	H52	20	149	260	59415	6.0135821218349555e-24	3.429355281207133e-06	0.0006652949245541838
H33	H35	16	149	111	59415	7.102321942472264e-24	3.429355281207133e-06	0.000668724279835391
C34	C78	10	27	66	59415	1.1619685683992552e-23	3.429355281207133e-06	0.0006721536351165981
K63	K65	17	262	85	59415	1.3018272517793892e-23	3.429355281207133e-06	0.0006755829903978052
F10	G40	48	839	546	59415	1.3322476938289428e-23	3.429355281207133e-06	0.0006790123456790123
A15	A16	11	43	70	59415	1.482809453295888e-23	3.429355281207133e-06	0.0006824417009602194
K04	K08	15	150	89	59415	1.7079180375543068e-23	3.429355281207133e-06	0.0006858710562414266
C19	C20	7	10	20	59415	1.7933161035241983e-23	3.429355281207133e-06	0.0006893004115226338
E66	G47	41	1571	214	59415	2.622664939235135e-23	3.429355281207133e-06	0.0006927297668038409
D25	D50	79	1801	704	59415	2.6723795791230253e-23	3.429355281207133e-06	0.000696159122085048
C71	G40	17	47	546	59415	3.9414559076520047e-23	3.429355281207133e-06	0.0006995884773662552
I73	M34	10	86	24	59415	4.525873294128952e-23	3.429355281207133e-06	0.0007030178326474623
C50	C78	18	475	66	59415	6.208275526683145e-23	3.429355281207133e-06	0.0007064471879286694
K01	K09	12	186	31	59415	8.274685727928881e-23	3.429355281207133e-06	0.0007098765432098765
D50	D64	34	704	305	59415	1.0600526601437532e-22	3.429355281207133e-06	0.0007133058984910836
M23	M25	40	1235	263	59415	1.1134980648408187e-22	3.429355281207133e-06	0.0007167352537722908
F13	F41	30	198	796	59415	1.3414574636795417e-22	3.429355281207133e-06	0.000720164609053498
K29	K52	99	1859	1042	59415	2.230622235658003e-22	3.429355281207133e-06	0.0007235939643347051
G46	I63	9	16	91	59415	3.497806749788772e-22	3.429355281207133e-06	0.0007270233196159122
F33	F41	47	595	796	59415	3.876016202179595e-22	3.429355281207133e-06	0.0007304526748971193
C82	C85	8	17	40	59415	4.835285698868054e-22	3.429355281207133e-06	0.0007338820301783265
E66	J45	57	1571	458	59415	4.883944003374849e-22	3.429355281207133e-06	0.0007373113854595336
I60	I61	10	63	39	59415	5.257064859363514e-22	3.429355281207133e-06	0.0007407407407407407
N73	K66	38	738	402	59415	6.18079051688617e-22	3.429355281207133e-06	0.0007441700960219478
F20	F23	22	309	218	59415	8.853680274910493e-22	3.429355281207133e-06	0.000747599451303155
C77	C79	11	87	49	59415	9.571954557018091e-22	3.429355281207133e-06	0.0007510288065843622
E10	E11	21	210	279	59415	1.096525691613755e-21	3.429355281207133e-06	0.0007544581618655693
H25	H33	14	88	149	59415	1.140722366772864e-21	3.429355281207133e-06	0.0007578875171467764
I63	I66	9	91	18	59415	1.4828765645923113e-21	3.429355281207133e-06	0.0007613168724279835
F17	F33	47	828	595	59415	1.9465417406984375e-21	3.429355281207133e-06	0.0007647462277091907
N83	D39	46	2288	216	59415	2.318588864162694e-21	3.429355281207133e-06	0.0007681755829903978
H81	H93	30	416	412	59415	2.5030352728383417e-21	3.429355281207133e-06	0.0007716049382716049
J30	J45	20	116	458	59415	2.583800659665058e-21	3.429355281207133e-06	0.000775034293552812
D25	K66	56	1801	402	59415	2.7339508350581558e-21	3.429355281207133e-06	0.0007784636488340192
M24	M62	15	203	93	59415	3.686747319605235e-21	3.429355281207133e-06	0.0007818930041152264
N13	N28	19	510	92	59415	5.047538620294481e-21	3.429355281207133e-06	0.0007853223593964335
F45	M54	63	449	2057	59415	5.51573355351592e-21	3.429355281207133e-06	0.0007887517146776406
N85	N88	26	556	218	59415	6.240332514675418e-21	3.429355281207133e-06	0.0007921810699588477
N23	N39	45	318	1484	59415	7.390489479473653e-21	3.429355281207133e-06	0.0007956104252400548
L93	M32	10	45	70	59415	8.118002424103792e-21	3.429355281207133e-06	0.000799039780521262
I47	I49	16	213	123	59415	1.4177909721868298e-20	3.429355281207133e-06	0.0008024691358024691
N04	N18	9	20	103	59415	1.632986453980566e-20	3.429355281207133e-06	0.0008058984910836763
G91	I60	9	31	63	59415	1.8441192436919272e-20	3.429355281207133e-06	0.0008093278463648834
J30	J34	26	116	1158	59415	2.7797161053939186e-20	3.429355281207133e-06	0.0008127572016460906
I60	I63	11	63	91	59415	3.3521723378378605e-20	3.429355281207133e-06	0.0008161865569272977
D63	I12	7	34	14	59415	3.551408771162907e-20	3.429355281207133e-06	0.0008196159122085048
F25	F31	18	194	216	59415	3.578822076408378e-20	3.429355281207133e-06	0.0008230452674897119
H65	H66	14	94	178	59415	3.94201356328915e-20	3.429355281207133e-06	0.000826474622770919
F43	F50	31	1231	173	59415	4.447020782383115e-20	3.429355281207133e-06	0.0008299039780521262
N80	J96	26	1694	85	59415	5.612796289157566e-20	3.429355281207133e-06	0.0008333333333333333
F70	F79	9	63	35	59415	6.437621591995836e-20	3.429355281207133e-06	0.0008367626886145405
N62	N64	22	354	232	59415	6.592158142267074e-20	3.429355281207133e-06	0.0008401920438957476
D86	L52	11	120	52	59415	8.026026056453494e-20	3.429355281207133e-06	0.0008436213991769547
M41	M47	15	104	222	59415	8.505285911223527e-20	3.429355281207133e-06	0.0008470507544581619
C73	C77	13	150	87	59415	8.665723912117221e-20	3.429355281207133e-06	0.000850480109739369
I10	I25	24	1205	95	59415	9.32868609010737e-20	3.429355281207133e-06	0.0008539094650205761
F31	F60	23	216	444	59415	1.0503934530646303e-19	3.429355281207133e-06	0.0008573388203017832
M24	M25	19	203	263	59415	1.1333187987334922e-19	3.429355281207133e-06	0.0008607681755829903
I60	I67	11	63	102	59415	1.2507969132755235e-19	3.429355281207133e-06	0.0008641975308641976
N18	E21	10	103	40	59415	1.2692509798905843e-19	3.429355281207133e-06	0.0008676268861454047
F17	J18	46	828	637	59415	1.8676195799029056e-19	3.429355281207133e-06	0.0008710562414266118
C34	C79	8	27	49	59415	2.570487215965938e-19	3.429355281207133e-06	0.0008744855967078189
F11	F14	7	71	10	59415	3.0695860094738247e-19	3.429355281207133e-06	0.0008779149519890261
M51	M99	24	1666	75	59415	3.1068009006266687e-19	3.429355281207133e-06	0.0008813443072702332
F17	F41	51	828	796	59415	3.3486133425489776e-19	3.429355281207133e-06	0.0008847736625514403
E10	H36	9	210	15	59415	3.557570389613537e-19	3.429355281207133e-06	0.0008882030178326474
N86	N93	17	160	246	59415	3.587758474880568e-19	3.429355281207133e-06	0.0008916323731138545
F10	F50	26	839	173	59415	4.039395322121202e-19	3.429355281207133e-06	0.0008950617283950618
E03	I10	51	552	1205	59415	4.176140346964364e-19	3.429355281207133e-06	0.0008984910836762689
F10	F61	18	839	62	59415	4.306683980587827e-19	3.429355281207133e-06	0.000901920438957476
N73	D25	74	738	1801	59415	4.364154728424807e-19	3.429355281207133e-06	0.0009053497942386831
D68	I26	14	99	200	59415	4.467573934564564e-19	3.429355281207133e-06	0.0009087791495198903
H35	H53	12	111	95	59415	4.700168570492221e-19	3.429355281207133e-06	0.0009122085048010974
I63	I69	9	91	31	59415	6.050116520084351e-19	3.429355281207133e-06	0.0009156378600823045
K25	K29	33	149	1859	59415	6.509898446915982e-19	3.429355281207133e-06	0.0009190672153635116
L40	M07	7	153	7	59415	6.535056380100718e-19	3.429355281207133e-06	0.0009224965706447188
I26	I82	15	200	132	59415	7.222559388983103e-19	3.429355281207133e-06	0.000925925925925926
I85	K70	7	12	62	59415	7.482760781129356e-19	3.429355281207133e-06	0.0009293552812071331
F43	F70	20	1231	63	59415	1.059855001589334e-18	3.429355281207133e-06	0.0009327846364883402
J18	J96	18	637	85	59415	1.7105719693405309e-18	3.429355281207133e-06	0.0009362139917695473
D53	K70	8	27	62	59415	1.920046270418027e-18	3.429355281207133e-06	0.0009396433470507544
C56	D39	13	77	216	59415	2.0125874940280382e-18	3.429355281207133e-06	0.0009430727023319616
N84	N97	103	1277	1841	59415	2.17221558720019e-18	3.429355281207133e-06	0.0009465020576131687
E78	F41	51	867	796	59415	2.3122213130675253e-18	3.429355281207133e-06	0.0009499314128943758
F32	G44	53	1838	412	59415	2.7591498653606247e-18	3.429355281207133e-06	0.000953360768175583
N10	N15	10	342	19	59415	3.087520847007573e-18	3.429355281207133e-06	0.0009567901234567902
H66	H72	11	178	49	59415	3.365898994638244e-18	3.429355281207133e-06	0.0009602194787379973
J01	J32	26	202	779	59415	3.486313220789493e-18	3.429355281207133e-06	0.0009636488340192044
M51	M96	19	1666	45	59415	3.5495004430101475e-18	3.429355281207133e-06	0.0009670781893004115
E11	H36	9	279	15	59415	4.761504902136496e-18	3.429355281207133e-06	0.0009705075445816186
F17	I21	15	828	41	59415	5.8067513703087346e-18	3.429355281207133e-06	0.0009739368998628258
N70	N71	25	879	167	59415	6.345757173273444e-18	3.429355281207133e-06	0.000977366255144033
F44	F60	17	108	444	59415	7.699246730901047e-18	3.429355281207133e-06	0.00098079561042524
I60	I69	8	63	31	59415	7.787083403410526e-18	3.429355281207133e-06	0.0009842249657064472
N94	N97	64	593	1841	59415	8.285625777725054e-18	3.429355281207133e-06	0.0009876543209876543
K71	K76	15	76	421	59415	8.514234151159153e-18	3.429355281207133e-06	0.0009910836762688615
I63	I67	11	91	102	59415	9.24173864730886e-18	3.429355281207133e-06	0.0009945130315500686
F17	I10	61	828	1205	59415	9.587384675980619e-18	3.429355281207133e-06	0.0009979423868312757
M24	M53	22	203	522	59415	1.3671212514890427e-17	3.429355281207133e-06	0.0010013717421124828
M50	M51	41	286	1666	59415	1.400839609340632e-17	3.429355281207133e-06	0.00100480109739369
J18	J45	33	637	458	59415	1.4408040909011322e-17	3.429355281207133e-06	0.001008230452674897
F10	F41	49	839	796	59415	1.450338517246595e-17	3.429355281207133e-06	0.0010116598079561042
K26	K29	24	79	1859	59415	1.4561074662787798e-17	3.429355281207133e-06	0.0010150891632373113
C81	C85	8	52	40	59415	1.4719200606595753e-17	3.429355281207133e-06	0.0010185185185185184
C18	C19	6	43	10	59415	2.091387557761528e-17	3.429355281207133e-06	0.0010219478737997255
F32	I10	97	1838	1205	59415	2.2288603628335538e-17	3.429355281207133e-06	0.0010253772290809329
M47	M51	36	222	1666	59415	2.3321169704081512e-17	3.429355281207133e-06	0.00102880658436214
K29	K63	41	1859	262	59415	2.5281954318866295e-17	3.429355281207133e-06	0.0010322359396433471
E03	E06	23	552	225	59415	3.127314441846323e-17	3.429355281207133e-06	0.0010356652949245542
K04	K07	16	150	283	59415	3.5444835806142303e-17	3.429355281207133e-06	0.0010390946502057614
C50	D48	32	475	592	59415	3.825427944047536e-17	3.429355281207133e-06	0.0010425240054869685
I80	I82	16	325	132	59415	3.942643127219024e-17	3.429355281207133e-06	0.0010459533607681756
F17	F60	36	828	444	59415	4.393116402476986e-17	3.429355281207133e-06	0.0010493827160493827
E05	E89	12	400	41	59415	4.869720265002404e-17	3.429355281207133e-06	0.0010528120713305898
G56	M65	38	922	453	59415	6.371794603104089e-17	3.429355281207133e-06	0.001056241426611797
A16	A18	7	70	18	59415	7.283980673570235e-17	3.429355281207133e-06	0.001059670781893004
H90	J34	25	143	1158	59415	8.14303912201921e-17	3.429355281207133e-06	0.0010631001371742112
I63	I64	9	91	51	59415	8.905889494197927e-17	3.429355281207133e-06	0.0010665294924554183
N70	N76	36	879	429	59415	9.501333155229204e-17	3.429355281207133e-06	0.0010699588477366254
H35	H52	14	111	260	59415	9.563152504624103e-17	3.429355281207133e-06	0.0010733882030178326
F13	F34	14	198	145	59415	9.720723016444307e-17	3.429355281207133e-06	0.0010768175582990397
F17	J45	36	828	458	59415	1.170679111742524e-16	3.429355281207133e-06	0.0010802469135802468
H44	H57	6	23	22	59415	1.2281991396943762e-16	3.429355281207133e-06	0.0010836762688614541
B18	F13	14	148	198	59415	1.3011478445051542e-16	3.429355281207133e-06	0.0010871056241426613
K36	K66	21	260	402	59415	1.6429486358708412e-16	3.429355281207133e-06	0.0010905349794238684
K35	K65	18	830	85	59415	1.7228205170373715e-16	3.429355281207133e-06	0.0010939643347050755
B18	B17	10	148	55	59415	1.7939423369943376e-16	3.429355281207133e-06	0.0010973936899862826
E86	A09	17	65	948	59415	2.2311274874626015e-16	3.429355281207133e-06	0.0011008230452674897
N12	N39	26	130	1484	59415	2.2670067542955393e-16	3.429355281207133e-06	0.0011042524005486969
E86	I95	13	65	374	59415	2.4171033541020163e-16	3.429355281207133e-06	0.001107681755829904
G62	K70	8	47	62	59415	2.6759875234621726e-16	3.429355281207133e-06	0.0011111111111111111
J37	J38	9	32	174	59415	3.401762667146801e-16	3.429355281207133e-06	0.0011145404663923182
E04	E89	14	853	41	59415	3.5022663528527265e-16	3.429355281207133e-06	0.0011179698216735254
E65	L57	8	135	24	59415	4.104533533403889e-16	3.429355281207133e-06	0.0011213991769547325
N30	N39	27	146	1484	59415	4.825030750089075e-16	3.429355281207133e-06	0.0011248285322359396
N83	N97	145	2288	1841	59415	4.828690453714794e-16	3.429355281207133e-06	0.0011282578875171467
J03	J36	18	316	227	59415	5.249480394325395e-16	3.429355281207133e-06	0.0011316872427983538
N80	D27	55	1694	539	59415	5.745242383974463e-16	3.429355281207133e-06	0.001135116598079561
E05	H06	7	400	7	59415	5.948065801006848e-16	3.429355281207133e-06	0.001138545953360768
I45	I47	11	64	213	59415	6.097879686923791e-16	3.429355281207133e-06	0.0011419753086419754
I42	I44	7	37	43	59415	6.298364518753308e-16	3.429355281207133e-06	0.0011454046639231825
G80	G82	7	32	50	59415	6.383011532962249e-16	3.429355281207133e-06	0.0011488340192043897
N35	N39	24	113	1484	59415	7.546859776113866e-16	3.429355281207133e-06	0.0011522633744855968
F23	F25	15	218	194	59415	9.226736524875764e-16	3.429355281207133e-06	0.0011556927297668039
M20	M21	14	562	63	59415	9.557374004469616e-16	3.429355281207133e-06	0.001159122085048011
F60	F61	13	444	62	59415	1.1339595079176106e-15	3.429355281207133e-06	0.0011625514403292181
M71	M75	13	73	374	59415	1.2136982332813343e-15	3.429355281207133e-06	0.0011659807956104253
E78	M54	81	867	2057	59415	1.2385110108006708e-15	3.429355281207133e-06	0.0011694101508916324
G44	M54	52	412	2057	59415	1.288985775568557e-15	3.429355281207133e-06	0.0011728395061728395
F33	F61	14	595	62	59415	1.6403931854758096e-15	3.429355281207133e-06	0.0011762688614540466
N84	D25	95	1277	1801	59415	1.8809338872277145e-15	3.429355281207133e-06	0.0011796982167352537
K22	K44	16	91	619	59415	2.0134406990853703e-15	3.429355281207133e-06	0.0011831275720164609
I20	I21	8	92	41	59415	2.216232963009981e-15	3.429355281207133e-06	0.001186556927297668
M24	M99	11	203	75	59415	2.2794710344633404e-15	3.429355281207133e-06	0.001189986282578875
F17	K76	33	828	421	59415	2.384975691624166e-15	3.429355281207133e-06	0.0011934156378600822
G40	I69	11	546	31	59415	2.5609391234155704e-15	3.429355281207133e-06	0.0011968449931412893
E04	G52	10	853	16	59415	2.6155241514472975e-15	3.429355281207133e-06	0.0012002743484224967
K20	K29	14	25	1859	59415	2.6506381320233264e-15	3.429355281207133e-06	0.0012037037037037038
F55	G44	11	40	412	59415	3.011241493901246e-15	3.429355281207133e-06	0.001207133058984911
I61	I67	8	39	102	59415	3.354900293808485e-15	3.429355281207133e-06	0.001210562414266118
M50	M54	42	286	2057	59415	3.5427815203007024e-15	3.429355281207133e-06	0.0012139917695473252
C18	C20	6	43	20	59415	3.839546317743553e-15	3.429355281207133e-06	0.0012174211248285323
K29	K76	49	1859	421	59415	4.423295389375883e-15	3.429355281207133e-06	0.0012208504801097394
E03	E66	52	552	1571	59415	4.62945921405272e-15	3.429355281207133e-06	0.0012242798353909465
C91	D70	6	17	54	59415	5.192936495375621e-15	3.429355281207133e-06	0.0012277091906721536
D35	D44	7	80	27	59415	5.3256617899801526e-15	3.429355281207133e-06	0.0012311385459533608
H25	H52	12	88	260	59415	5.843024691047572e-15	3.429355281207133e-06	0.0012345679012345679
N31	N39	18	61	1484	59415	6.144881596737208e-15	3.429355281207133e-06	0.001237997256515775
E66	J44	28	1571	166	59415	6.775343100253467e-15	3.429355281207133e-06	0.0012414266117969821
N17	A41	7	36	61	59415	6.864547366912241e-15	3.429355281207133e-06	0.0012448559670781892
K70	K74	7	62	36	59415	7.73491034220673e-15	3.429355281207133e-06	0.0012482853223593964
F32	F34	28	1838	145	59415	8.967520392634805e-15	3.429355281207133e-06	0.0012517146776406035
K25	K26	10	149	79	59415	8.993946986132452e-15	3.429355281207133e-06	0.0012551440329218106
M23	M93	17	1235	63	59415	9.340794062006592e-15	3.429355281207133e-06	0.001258573388203018
F10	F12	12	839	32	59415	1.013873939151289e-14	3.429355281207133e-06	0.001262002743484225
H30	H35	7	22	111	59415	1.0918838762829325e-14	3.429355281207133e-06	0.0012654320987654322
M41	M42	10	104	116	59415	1.210738758721969e-14	3.429355281207133e-06	0.0012688614540466393
F13	F61	10	198	62	59415	1.242031099597235e-14	3.429355281207133e-06	0.0012722908093278464
H52	H53	12	260	95	59415	1.5136435798727003e-14	3.429355281207133e-06	0.0012757201646090535
M65	M94	17	453	165	59415	1.567223403683182e-14	3.429355281207133e-06	0.0012791495198902607
H66	H70	7	178	16	59415	2.1503980189947848e-14	3.429355281207133e-06	0.0012825788751714678
F06	F07	6	28	40	59415	2.341892473241676e-14	3.429355281207133e-06	0.001286008230452675
F32	F44	24	1838	108	59415	2.7056112213521233e-14	3.429355281207133e-06	0.001289437585733882
E03	E78	37	552	867	59415	2.7971688623397787e-14	3.429355281207133e-06	0.0012928669410150891
C56	C78	8	77	66	59415	2.9566919301968993e-14	3.429355281207133e-06	0.0012962962962962963
N94	D25	57	593	1801	59415	3.107890967038841e-14	3.429355281207133e-06	0.0012997256515775034
N18	N26	8	103	50	59415	3.123418086027404e-14	3.429355281207133e-06	0.0013031550068587105
D13	D37	9	69	126	59415	3.3014476684512535e-14	3.429355281207133e-06	0.0013065843621399176
F20	F60	21	309	444	59415	3.6446932031855303e-14	3.429355281207133e-06	0.0013100137174211247
K21	K22	15	617	91	59415	3.947585332561578e-14	3.429355281207133e-06	0.0013134430727023319
E78	K29	73	867	1859	59415	3.962075853743856e-14	3.429355281207133e-06	0.001316872427983539
J01	J34	26	202	1158	59415	4.013464739299326e-14	3.429355281207133e-06	0.0013203017832647463
E87	F50	12	154	173	59415	4.219750435665883e-14	3.429355281207133e-06	0.0013237311385459534
N86	N92	34	160	2693	59415	4.238485147824353e-14	3.429355281207133e-06	0.0013271604938271606
E79	K76	13	85	421	59415	4.3944192142849296e-14	3.429355281207133e-06	0.0013305898491083677
I42	I50	6	37	34	59415	5.054741957203281e-14	3.429355281207133e-06	0.0013340192043895748
M22	M25	15	211	263	59415	5.1010332248860365e-14	3.429355281207133e-06	0.001337448559670782
J30	J33	10	116	120	59415	5.2459453902185516e-14	3.429355281207133e-06	0.001340877914951989
I84	K63	25	822	262	59415	6.078393436802622e-14	3.429355281207133e-06	0.0013443072702331962
K02	K08	9	104	89	59415	6.124282430122323e-14	3.429355281207133e-06	0.0013477366255144033
G04	G35	11	56	376	59415	6.502194920406106e-14	3.429355281207133e-06	0.0013511659807956104
M40	M54	15	33	2057	59415	6.739608954919967e-14	3.429355281207133e-06	0.0013545953360768175
F10	G62	13	839	47	59415	7.32383091680518e-14	3.429355281207133e-06	0.0013580246913580246
M17	M22	12	133	211	59415	7.724832826803986e-14	3.429355281207133e-06	0.0013614540466392318
E14	K76	15	137	421	59415	7.863805398657663e-14	3.429355281207133e-06	0.0013648834019204389
F41	I10	53	796	1205	59415	8.043790396585229e-14	3.429355281207133e-06	0.001368312757201646
G82	G93	7	50	61	59415	8.122797976077153e-14	3.429355281207133e-06	0.0013717421124828531
N19	E21	6	34	40	59415	8.335617915946466e-14	3.429355281207133e-06	0.0013751714677640602
G91	I67	7	31	102	59415	9.057304525690847e-14	3.429355281207133e-06	0.0013786008230452676
F44	G40	15	108	546	59415	9.303992242877161e-14	3.429355281207133e-06	0.0013820301783264747
D69	D70	8	109	54	59415	9.577511314273223e-14	3.429355281207133e-06	0.0013854595336076818
J03	J35	32	316	1190	59415	9.652619038576529e-14	3.429355281207133e-06	0.001388888888888889
E06	M35	10	225	67	59415	1.0185290170085884e-13	3.429355281207133e-06	0.001392318244170096
M48	M51	15	40	1666	59415	1.0189474359756376e-13	3.429355281207133e-06	0.0013957475994513032
F44	F45	14	108	449	59415	1.1862863371116442e-13	3.429355281207133e-06	0.0013991769547325103
N18	E10	11	103	210	59415	1.239549360680382e-13	3.429355281207133e-06	0.0014026063100137174
N70	K65	16	879	85	59415	1.4011401372822507e-13	3.429355281207133e-06	0.0014060356652949245
M42	M53	15	116	522	59415	1.4350606458652287e-13	3.429355281207133e-06	0.0014094650205761317
H35	H36	6	111	15	59415	1.8300682669671019e-13	3.429355281207133e-06	0.0014128943758573388
H81	H91	23	416	449	59415	2.1609072133459169e-13	3.429355281207133e-06	0.001416323731138546
F11	F60	12	71	444	59415	2.249285074249892e-13	3.429355281207133e-06	0.001419753086419753
I84	K29	69	822	1859	59415	2.2834830801819576e-13	3.429355281207133e-06	0.0014231824417009601
K76	K80	51	421	2226	59415	2.570506258269334e-13	3.429355281207133e-06	0.0014266117969821673
M05	M06	7	33	111	59415	2.6893927432860046e-13	3.429355281207133e-06	0.0014300411522633744
K04	K10	8	150	45	59415	2.720792885428065e-13	3.429355281207133e-06	0.0014334705075445815
J15	J90	9	141	78	59415	2.9238386927521367e-13	3.429355281207133e-06	0.0014368998628257888
N83	D62	23	2288	90	59415	3.448627169078845e-13	3.429355281207133e-06	0.001440329218106996
K04	K12	10	150	112	59415	3.5231094113192396e-13	3.429355281207133e-06	0.001443758573388203
H26	H35	8	62	111	59415	3.5678370232537155e-13	3.429355281207133e-06	0.0014471879286694102
C53	C54	7	164	24	59415	3.568985021190441e-13	3.429355281207133e-06	0.0014506172839506173
I67	I72	6	102	18	59415	4.0247263869739115e-13	3.429355281207133e-06	0.0014540466392318244
K25	K44	17	149	619	59415	4.341108749591295e-13	3.429355281207133e-06	0.0014574759945130316
M43	M51	21	99	1666	59415	4.4822223169779063e-13	3.429355281207133e-06	0.0014609053497942387
N13	N26	11	510	50	59415	4.625557104789312e-13	3.429355281207133e-06	0.0014643347050754458
F11	B17	7	71	55	59415	4.975184099324697e-13	3.429355281207133e-06	0.001467764060356653
B35	A46	7	29	141	59415	5.447337813698499e-13	3.429355281207133e-06	0.00147119341563786
E14	H36	6	137	15	59415	6.62013658184352e-13	3.429355281207133e-06	0.0014746227709190672
N39	K76	40	1484	421	59415	8.56242869916633e-13	3.429355281207133e-06	0.0014780521262002743
K42	K80	42	311	2226	59415	8.868340301446774e-13	3.429355281207133e-06	0.0014814814814814814
F13	F17	21	198	828	59415	9.10289528131181e-13	3.429355281207133e-06	0.0014849108367626885
K56	K65	10	223	85	59415	1.1082503671054598e-12	3.429355281207133e-06	0.0014883401920438956
G35	H46	10	376	52	59415	1.1419563749228965e-12	3.429355281207133e-06	0.0014917695473251028
D43	G40	12	67	546	59415	1.2197169347685059e-12	3.429355281207133e-06	0.00149519890260631
E79	I10	17	85	1205	59415	1.3009927502019947e-12	3.429355281207133e-06	0.0014986282578875172
K35	K37	16	830	103	59415	1.3246326570137386e-12	3.429355281207133e-06	0.0015020576131687243
M67	M94	18	695	165	59415	1.3446772120010888e-12	3.429355281207133e-06	0.0015054869684499315
F60	F70	11	444	63	59415	1.5584338279650392e-12	3.429355281207133e-06	0.0015089163237311386
D50	E03	31	704	552	59415	1.6146561988532528e-12	3.429355281207133e-06	0.0015123456790123457
D64	I10	30	305	1205	59415	1.6437695860293627e-12	3.429355281207133e-06	0.0015157750342935528
M06	M19	9	111	120	59415	1.751275817871065e-12	3.429355281207133e-06	0.00151920438957476
K56	K63	14	223	262	59415	1.8598814215377883e-12	3.429355281207133e-06	0.001522633744855967
E28	L68	6	163	15	59415	1.9053605524319944e-12	3.429355281207133e-06	0.0015260631001371742
E11	F17	24	279	828	59415	2.1245377500248393e-12	3.429355281207133e-06	0.0015294924554183813
M65	M75	21	453	374	59415	2.1314659225881664e-12	3.429355281207133e-06	0.0015329218106995884
E78	F10	43	867	839	59415	2.1538419407855953e-12	3.429355281207133e-06	0.0015363511659807956
D11	D37	7	39	126	59415	2.3682240457397938e-12	3.429355281207133e-06	0.0015397805212620027
M42	M99	8	116	75	59415	2.4981952303400875e-12	3.429355281207133e-06	0.0015432098765432098
F32	K76	44	1838	421	59415	3.0552568931819944e-12	3.429355281207133e-06	0.001546639231824417
F32	M47	31	1838	222	59415	3.0651177798779686e-12	3.429355281207133e-06	0.001550068587105624
J04	J40	8	69	130	59415	3.1555806406218723e-12	3.429355281207133e-06	0.0015534979423868314
G35	B00	12	376	103	59415	3.1581081059125617e-12	3.429355281207133e-06	0.0015569272976680385
D50	K51	19	704	196	59415	3.3511862873880982e-12	3.429355281207133e-06	0.0015603566529492456
G03	A87	6	57	43	59415	3.524364893437683e-12	3.429355281207133e-06	0.0015637860082304527
J15	J18	16	141	637	59415	3.5406259293665496e-12	3.429355281207133e-06	0.0015672153635116599
H65	J34	17	94	1158	59415	3.8790230972503744e-12	3.429355281207133e-06	0.001570644718792867
F32	K70	17	1838	62	59415	4.001584771170934e-12	3.429355281207133e-06	0.001574074074074074
I44	I49	7	43	123	59415	4.151251050875461e-12	3.429355281207133e-06	0.0015775034293552812
K60	K62	15	326	233	59415	4.752106802949493e-12	3.429355281207133e-06	0.0015809327846364883
F17	I64	12	828	51	59415	4.788003057947771e-12	3.429355281207133e-06	0.0015843621399176955
I10	I20	17	1205	92	59415	5.02698352302544e-12	3.429355281207133e-06	0.0015877914951989026
F17	I25	15	828	95	59415	5.037584544465764e-12	3.429355281207133e-06	0.0015912208504801097
E66	K44	50	1571	619	59415	5.06614114332376e-12	3.429355281207133e-06	0.0015946502057613168
G35	H48	6	376	9	59415	5.102177812338616e-12	3.429355281207133e-06	0.001598079561042524
H20	H26	6	42	62	59415	5.1278404869838865e-12	3.429355281207133e-06	0.001601508916323731
F31	F43	25	216	1231	59415	5.186816563087241e-12	3.429355281207133e-06	0.0016049382716049382
F41	F48	18	796	157	59415	5.377863112114165e-12	3.429355281207133e-06	0.0016083676268861453
M47	M50	14	222	286	59415	5.68715938646361e-12	3.429355281207133e-06	0.0016117969821673526
M24	M65	16	203	453	59415	5.911951609811034e-12	3.429355281207133e-06	0.0016152263374485598
E10	E78	21	210	867	59415	6.746494040471315e-12	3.429355281207133e-06	0.0016186556927297669
J31	J35	14	58	1190	59415	6.9303906192830614e-12	3.429355281207133e-06	0.001622085048010974
C49	D48	9	29	592	59415	7.641959771542817e-12	3.429355281207133e-06	0.0016255144032921811
K50	K63	14	248	262	59415	7.793926795193841e-12	3.429355281207133e-06	0.0016289437585733882
E66	K43	25	1571	176	59415	9.697860056850713e-12	3.429355281207133e-06	0.0016323731138545954
H83	H93	9	41	412	59415	9.783815400397452e-12	3.429355281207133e-06	0.0016358024691358025
M22	M65	16	211	453	59415	1.0628408630650293e-11	3.429355281207133e-06	0.0016392318244170096
N87	C53	24	1555	164	59415	1.0642111731954959e-11	3.429355281207133e-06	0.0016426611796982167
I34	I42	6	80	37	59415	1.1064016964610973e-11	3.429355281207133e-06	0.0016460905349794238
I73	M32	7	86	70	59415	1.154599283391799e-11	3.429355281207133e-06	0.001649519890260631
N17	D64	8	36	305	59415	1.1748389532334302e-11	3.429355281207133e-06	0.001652949245541838
M20	M25	19	562	263	59415	1.2300578080929021e-11	3.429355281207133e-06	0.0016563786008230452
E66	F32	100	1571	1838	59415	1.428609429736134e-11	3.429355281207133e-06	0.0016598079561042523
F70	G40	11	63	546	59415	1.429101647766886e-11	3.429355281207133e-06	0.0016632373113854594
N83	D25	129	2288	1801	59415	1.5540240654417756e-11	3.429355281207133e-06	0.0016666666666666666
I84	K92	20	822	207	59415	1.5546181280101902e-11	3.429355281207133e-06	0.001670096021947874
I67	I69	6	102	31	59415	1.5677799543899222e-11	3.429355281207133e-06	0.001673525377229081
L02	L73	11	443	78	59415	1.7383171212124895e-11	3.429355281207133e-06	0.0016769547325102881
F13	F50	11	198	173	59415	2.000811830075634e-11	3.429355281207133e-06	0.0016803840877914953
E03	F32	50	552	1838	59415	2.0968267437112632e-11	3.429355281207133e-06	0.0016838134430727024
I34	I48	7	80	82	59415	2.149002454043502e-11	3.429355281207133e-06	0.0016872427983539095
K29	K58	32	1859	251	59415	2.1707975492167478e-11	3.429355281207133e-06	0.0016906721536351166
M13	M25	10	97	263	59415	2.1817396200630442e-11	3.429355281207133e-06	0.0016941015089163237
H43	H33	6	23	149	59415	2.1899308129623042e-11	3.429355281207133e-06	0.0016975308641975309
K70	K76	10	62	421	59415	2.2210032921831568e-11	3.429355281207133e-06	0.001700960219478738
N76	B37	15	429	198	59415	2.2311555468038796e-11	3.429355281207133e-06	0.001704389574759945
F33	F34	15	595	145	59415	2.4708254969989156e-11	3.429355281207133e-06	0.0017078189300411522
M42	M47	10	116	222	59415	2.498198585296062e-11	3.429355281207133e-06	0.0017112482853223593
F79	G40	9	35	546	59415	2.4994117679355182e-11	3.429355281207133e-06	0.0017146776406035665
E03	E11	19	552	279	59415	2.519286540389205e-11	3.429355281207133e-06	0.0017181069958847736
M40	M41	6	33	104	59415	2.6481499542019526e-11	3.429355281207133e-06	0.0017215363511659807
K31	K44	13	96	619	59415	2.755411599595606e-11	3.429355281207133e-06	0.0017249657064471878
F43	F61	14	1231	62	59415	2.8795079610706845e-11	3.429355281207133e-06	0.0017283950617283952
D64	E21	8	305	40	59415	2.933119050543058e-11	3.429355281207133e-06	0.0017318244170096023
H81	I95	19	416	374	59415	3.1220034938251217e-11	3.429355281207133e-06	0.0017352537722908094
D52	F10	7	11	839	59415	3.430967175769041e-11	3.429355281207133e-06	0.0017386831275720165
N73	N99	13	738	83	59415	3.5970660643108905e-11	3.429355281207133e-06	0.0017421124828532236
M40	M47	7	33	222	59415	3.6366488870287245e-11	3.429355281207133e-06	0.0017455418381344308
I49	I51	7	123	58	59415	3.775377726784063e-11	3.429355281207133e-06	0.0017489711934156379
F20	F22	9	309	62	59415	3.946374287565417e-11	3.429355281207133e-06	0.001752400548696845
K81	K85	11	193	189	59415	3.948376472055292e-11	3.429355281207133e-06	0.0017558299039780521
N62	E65	12	354	135	59415	3.9866577368091516e-11	3.429355281207133e-06	0.0017592592592592592
D63	I10	11	34	1205	59415	4.261117558902736e-11	3.429355281207133e-06	0.0017626886145404664
F17	I20	14	828	92	59415	4.3211114569300506e-11	3.429355281207133e-06	0.0017661179698216735
B18	F10	17	148	839	59415	4.563429786331563e-11	3.429355281207133e-06	0.0017695473251028806
F20	F70	9	309	63	59415	4.5832129037823725e-11	3.429355281207133e-06	0.0017729766803840877
F32	F61	16	1838	62	59415	4.702611558994192e-11	3.429355281207133e-06	0.0017764060356652948
D12	I84	13	77	822	59415	5.0453868562522794e-11	3.429355281207133e-06	0.001779835390946502
D64	K29	35	305	1859	59415	5.110122073490114e-11	3.429355281207133e-06	0.001783264746227709
M21	M24	8	63	203	59415	5.328824820063852e-11	3.429355281207133e-06	0.0017866941015089164
F10	K74	10	839	36	59415	5.454573940549767e-11	3.429355281207133e-06	0.0017901234567901235
J18	J98	13	637	99	59415	5.835660878171529e-11	3.429355281207133e-06	0.0017935528120713307
F32	F42	13	1838	38	59415	5.995418194653934e-11	3.429355281207133e-06	0.0017969821673525378
E78	K21	34	867	617	59415	6.602587642661918e-11	3.429355281207133e-06	0.001800411522633745
E78	I63	14	867	91	59415	6.773445016682902e-11	3.429355281207133e-06	0.001803840877914952
E65	L90	10	135	211	59415	6.89142519528024e-11	3.429355281207133e-06	0.0018072702331961591
D68	I82	8	99	132	59415	6.915887713150907e-11	3.429355281207133e-06	0.0018106995884773663
F17	F45	28	828	449	59415	7.089475622162711e-11	3.429355281207133e-06	0.0018141289437585734
K83	K85	8	70	189	59415	7.203291967835898e-11	3.429355281207133e-06	0.0018175582990397805
E10	I10	23	210	1205	59415	7.378481680561749e-11	3.429355281207133e-06	0.0018209876543209876
M41	M99	7	104	75	59415	7.379835390840343e-11	3.429355281207133e-06	0.0018244170096021947
I45	I49	7	64	123	59415	7.720658172040008e-11	3.429355281207133e-06	0.0018278463648834019
N81	D25	25	170	1801	59415	7.971397364872595e-11	3.429355281207133e-06	0.001831275720164609
F12	F60	8	32	444	59415	8.20984275524511e-11	3.429355281207133e-06	0.001834705075445816
F45	G44	20	449	412	59415	8.228441206184537e-11	3.429355281207133e-06	0.0018381344307270232
F22	F23	8	62	218	59415	8.232966031167774e-11	3.429355281207133e-06	0.0018415637860082303
J02	J03	10	93	316	59415	8.592509964744704e-11	3.429355281207133e-06	0.0018449931412894377
F31	F33	17	216	595	59415	9.300999417842324e-11	3.429355281207133e-06	0.0018484224965706448
B18	B24	7	148	55	59415	9.466524900022299e-11	3.429355281207133e-06	0.001851851851851852
F17	F43	49	828	1231	59415	9.476278695790733e-11	3.429355281207133e-06	0.001855281207133059
F32	K29	110	1838	1859	59415	1.0506089053065506e-10	3.429355281207133e-06	0.0018587105624142662
N13	N18	12	510	103	59415	1.0612417730400548e-10	3.429355281207133e-06	0.0018621399176954733
F19	F33	15	161	595	59415	1.1076405680876436e-10	3.429355281207133e-06	0.0018655692729766804
G83	M51	11	28	1666	59415	1.1292338672213262e-10	3.429355281207133e-06	0.0018689986282578875
F33	F42	9	595	38	59415	1.2008125609938385e-10	3.429355281207133e-06	0.0018724279835390946
M53	M79	17	522	250	59415	1.2254707232349986e-10	3.429355281207133e-06	0.0018758573388203018
F32	F48	24	1838	157	59415	1.2497713157394226e-10	3.429355281207133e-06	0.0018792866941015089
K29	K31	19	1859	96	59415	1.3378751735787374e-10	3.429355281207133e-06	0.001882716049382716
D24	D48	26	559	592	59415	1.42882045244789e-10	3.429355281207133e-06	0.0018861454046639231
F34	F41	16	145	796	59415	1.4460849688400714e-10	3.429355281207133e-06	0.0018895747599451302
F17	K29	63	828	1859	59415	1.5032245530825222e-10	3.429355281207133e-06	0.0018930041152263374
M17	M94	9	133	165	59415	1.5978459463647595e-10	3.429355281207133e-06	0.0018964334705075445
H65	H91	11	94	449	59415	1.598192250243428e-10	3.429355281207133e-06	0.0018998628257887516
E66	I26	25	1571	200	59415	1.618319740310156e-10	3.429355281207133e-06	0.001903292181069959
N80	N99	17	1694	83	59415	1.7285402060148583e-10	3.429355281207133e-06	0.001906721536351166
E10	E16	6	210	23	59415	1.7421787482977188e-10	3.429355281207133e-06	0.0019101508916323732
G44	M53	21	412	522	59415	1.7822280849567038e-10	3.429355281207133e-06	0.0019135802469135803
K56	K59	15	223	443	59415	1.869883552316244e-10	3.429355281207133e-06	0.0019170096021947874
D27	D39	16	539	216	59415	1.940866101682058e-10	3.429355281207133e-06	0.0019204389574759945
F31	F32	28	216	1838	59415	1.9893072947479103e-10	3.429355281207133e-06	0.0019238683127572017
M32	M35	6	70	67	59415	2.0247103349179943e-10	3.429355281207133e-06	0.0019272976680384088
M54	M96	14	2057	45	59415	2.071038069371477e-10	3.429355281207133e-06	0.001930727023319616
H81	M53	21	416	522	59415	2.1245050783032906e-10	3.429355281207133e-06	0.001934156378600823
N39	E66	83	1484	1571	59415	2.1934174563856659e-10	3.429355281207133e-06	0.0019375857338820301
N75	N76	19	407	429	59415	2.197539665682649e-10	3.429355281207133e-06	0.0019410150891632373
K44	K80	58	619	2226	59415	2.4627553203144505e-10	3.429355281207133e-06	0.0019444444444444444
F17	J20	18	828	190	59415	2.486263955467757e-10	3.429355281207133e-06	0.0019478737997256515
N85	N93	17	556	246	59415	2.5011776228281584e-10	3.429355281207133e-06	0.0019513031550068586
F19	K73	6	161	31	59415	2.5090116867342e-10	3.429355281207133e-06	0.001954732510288066
D50	E61	11	704	64	59415	2.5177554845118533e-10	3.429355281207133e-06	0.001958161865569273
N26	I10	12	50	1205	59415	2.7396372620724565e-10	3.429355281207133e-06	0.00196159122085048
L90	L91	9	211	111	59415	2.795878384141803e-10	3.429355281207133e-06	0.001965020576131687
F10	K85	18	839	189	59415	2.8122588465517006e-10	3.429355281207133e-06	0.0019684499314128944
E87	K70	7	154	62	59415	2.988774327683721e-10	3.429355281207133e-06	0.0019718792866941014
E21	I10	11	40	1205	59415	3.080710691922313e-10	3.429355281207133e-06	0.0019753086419753087
F32	M79	30	1838	250	59415	3.0878292554580576e-10	3.429355281207133e-06	0.0019787379972565156
F25	F60	14	194	444	59415	3.094355770672855e-10	3.429355281207133e-06	0.001982167352537723
N18	E87	8	103	154	59415	3.2725941526165594e-10	3.429355281207133e-06	0.00198559670781893
F10	F11	12	839	71	59415	3.475833748877519e-10	3.429355281207133e-06	0.001989026063100137
A41	K65	6	61	85	59415	3.7338377438112437e-10	3.429355281207133e-06	0.0019924554183813445
J33	K07	10	120	283	59415	3.7525232667646746e-10	3.429355281207133e-06	0.0019958847736625514
I34	I49	7	80	123	59415	3.841646600797626e-10	3.429355281207133e-06	0.0019993141289437587
M40	M53	8	33	522	59415	3.85274449247158e-10	3.429355281207133e-06	0.0020027434842249657
K22	K29	18	91	1859	59415	4.1130779341344494e-10	3.429355281207133e-06	0.002006172839506173
N19	D64	7	34	305	59415	4.18862223427651e-10	3.429355281207133e-06	0.00200960219478738
K44	K63	18	619	262	59415	4.5458871624837477e-10	3.429355281207133e-06	0.0020130315500685872
D18	K29	25	179	1859	59415	4.709445523767351e-10	3.429355281207133e-06	0.002016460905349794
H81	H90	12	416	143	59415	4.934154007384203e-10	3.429355281207133e-06	0.0020198902606310015
E73	K29	19	104	1859	59415	5.646183239068732e-10	3.429355281207133e-06	0.0020233196159122084
N83	K36	34	2288	260	59415	6.110854744089118e-10	3.429355281207133e-06	0.0020267489711934157
H44	H52	6	23	260	59415	6.285503698885864e-10	3.429355281207133e-06	0.0020301783264746226
I47	I48	8	213	82	59415	6.785978383850947e-10	3.429355281207133e-06	0.00203360768175583
F50	M81	8	173	101	59415	7.044801195815442e-10	3.429355281207133e-06	0.002037037037037037
J44	J45	13	166	458	59415	7.099039581050559e-10	3.429355281207133e-06	0.002040466392318244
M42	M62	7	116	93	59415	7.421430053080451e-10	3.429355281207133e-06	0.002043895747599451
E87	F10	16	154	839	59415	7.597543165151025e-10	3.429355281207133e-06	0.0020473251028806584
N80	D39	26	1694	216	59415	7.978377499886442e-10	3.429355281207133e-06	0.0020507544581618658
E78	F45	27	867	449	59415	9.308098605443929e-10	3.429355281207133e-06	0.0020541838134430727
F60	K70	9	444	62	59415	9.581436248903703e-10	3.429355281207133e-06	0.00205761316872428
I10	I26	21	1205	200	59415	1.0603770856957103e-09	3.429355281207133e-06	0.002061042524005487
F33	F44	12	595	108	59415	1.0620623437178332e-09	3.429355281207133e-06	0.0020644718792866943
F12	F13	6	32	198	59415	1.070110229180743e-09	3.429355281207133e-06	0.002067901234567901
F32	G43	52	1838	658	59415	1.1154489660878004e-09	3.429355281207133e-06	0.0020713305898491085
E78	K71	12	867	76	59415	1.141456124030753e-09	3.429355281207133e-06	0.0020747599451303154
J01	J20	10	202	190	59415	1.2879813160212627e-09	3.429355281207133e-06	0.0020781893004115227
F19	F43	19	161	1231	59415	1.2945351459110416e-09	3.429355281207133e-06	0.0020816186556927296
E78	F43	48	867	1231	59415	1.3099244079579491e-09	3.429355281207133e-06	0.002085048010973937
H66	H91	13	178	449	59415	1.3182934650259886e-09	3.429355281207133e-06	0.002088477366255144
F19	F50	9	161	173	59415	1.3317954803919389e-09	3.429355281207133e-06	0.002091906721536351
M43	M53	11	99	522	59415	1.3626878763353354e-09	3.429355281207133e-06	0.002095336076817558
N60	N64	11	221	232	59415	1.4771943917999893e-09	3.429355281207133e-06	0.0020987654320987655
K29	K85	25	1859	189	59415	1.4976276009109436e-09	3.429355281207133e-06	0.0021021947873799724
N10	N13	18	342	510	59415	1.5023205072286466e-09	3.429355281207133e-06	0.0021056241426611797
E03	E10	15	552	210	59415	1.633477803144892e-09	3.429355281207133e-06	0.002109053497942387
M47	M53	15	222	522	59415	1.6483417815058366e-09	3.429355281207133e-06	0.002112482853223594
E78	M51	58	867	1666	59415	1.688220345619636e-09	3.429355281207133e-06	0.0021159122085048013
J90	J96	6	78	85	59415	1.694069417811693e-09	3.429355281207133e-06	0.0021227709190672155
J90	K65	6	78	85	59415	1.694069417811693e-09	3.429355281207133e-06	0.002119341563786008
F17	I80	22	828	325	59415	1.6948365312049312e-09	3.429355281207133e-06	0.0021262002743484224
C43	C77	7	141	87	59415	1.8187955561661488e-09	3.429355281207133e-06	0.0021296296296296298
N10	N20	21	342	718	59415	1.8459750543771525e-09	3.429355281207133e-06	0.0021330589849108367
F41	F50	16	796	173	59415	1.9897440634755624e-09	3.429355281207133e-06	0.002136488340192044
N92	D64	40	2693	305	59415	2.0583033964417615e-09	3.429355281207133e-06	0.002139917695473251
D18	I61	6	179	39	59415	2.0646713594907164e-09	3.429355281207133e-06	0.0021433470507544582
F45	M47	14	449	222	59415	2.0748379012240648e-09	3.429355281207133e-06	0.002146776406035665
F41	I95	23	796	374	59415	2.1737553262792178e-09	3.429355281207133e-06	0.0021502057613168725
D68	M32	6	99	70	59415	2.207193244317784e-09	3.429355281207133e-06	0.0021536351165980794
H72	H90	6	49	143	59415	2.245411056790088e-09	3.429355281207133e-06	0.0021570644718792867
N91	E28	8	124	163	59415	2.267951166410393e-09	3.429355281207133e-06	0.0021604938271604936
K51	K52	19	196	1042	59415	2.379797843611066e-09	3.429355281207133e-06	0.002163923182441701
E66	K29	94	1571	1859	59415	2.4769168792871803e-09	3.429355281207133e-06	0.0021673525377229083
M24	M54	27	203	2057	59415	2.6038856254995836e-09	3.429355281207133e-06	0.002170781893004115
G40	G41	6	546	15	59415	2.733809477233145e-09	3.429355281207133e-06	0.0021742112482853225
H66	H83	6	178	41	59415	2.737741537430979e-09	3.429355281207133e-06	0.0021776406035665294
N13	A41	9	510	61	59415	2.7530289068611083e-09	3.429355281207133e-06	0.0021810699588477368
J33	J45	11	120	458	59415	2.7681208269421787e-09	3.429355281207133e-06	0.0021844993141289437
N04	I10	8	20	1205	59415	2.8380036601197572e-09	3.429355281207133e-06	0.002187928669410151
N39	G82	12	1484	50	59415	2.8499348626740628e-09	3.429355281207133e-06	0.002191358024691358
F07	G40	8	40	546	59415	2.870667716706692e-09	3.429355281207133e-06	0.0021947873799725653
F33	F53	8	595	37	59415	2.8864847995035523e-09	3.429355281207133e-06	0.002198216735253772
N92	D62	20	2693	90	59415	3.0034274726845336e-09	3.429355281207133e-06	0.0022016460905349795
M21	M22	7	63	211	59415	3.0130343306073168e-09	3.429355281207133e-06	0.0022050754458161864
N39	A41	13	1484	61	59415	3.015170555562361e-09	3.429355281207133e-06	0.0022085048010973937
E65	E66	19	135	1571	59415	3.3797547188703877e-09	3.429355281207133e-06	0.0022119341563786006
M23	M71	13	1235	73	59415	3.4568954730162076e-09	3.429355281207133e-06	0.002215363511659808
F11	F32	15	71	1838	59415	3.855128793525301e-09	3.429355281207133e-06	0.002218792866941015
I80	I87	9	325	98	59415	4.030167635383465e-09	3.429355281207133e-06	0.0022222222222222222
E74	K52	11	57	1042	59415	4.050012715090194e-09	3.429355281207133e-06	0.0022256515775034296
J18	J44	14	637	166	59415	4.0742136318702566e-09	3.429355281207133e-06	0.0022290809327846365
J18	J86	6	637	14	59415	4.141076468072039e-09	3.429355281207133e-06	0.002232510288065844
I10	I12	7	1205	14	59415	4.204158510777037e-09	3.429355281207133e-06	0.0022359396433470507
M43	M47	8	99	222	59415	4.279173445032406e-09	3.429355281207133e-06	0.002239368998628258
D21	D25	21	147	1801	59415	4.32014461711999e-09	3.429355281207133e-06	0.002242798353909465
I10	I63	14	1205	91	59415	4.631783140213255e-09	3.429355281207133e-06	0.0022462277091906723
I10	I60	12	1205	63	59415	4.726796771792243e-09	3.429355281207133e-06	0.002249657064471879
F45	M53	20	449	522	59415	4.839405312126327e-09	3.429355281207133e-06	0.0022530864197530865
J30	J32	13	116	779	59415	4.889391401260493e-09	3.429355281207133e-06	0.0022565157750342934
H33	H53	7	149	95	59415	4.971426701957839e-09	3.429355281207133e-06	0.0022599451303155008
N70	N80	58	879	1694	59415	5.037323294150571e-09	3.429355281207133e-06	0.0022633744855967077
K21	K76	21	617	421	59415	5.101933326633148e-09	3.429355281207133e-06	0.002266803840877915
I10	I64	11	1205	51	59415	5.176959630439742e-09	3.429355281207133e-06	0.002270233196159122
J18	J30	12	637	116	59415	5.197914034671242e-09	3.429355281207133e-06	0.0022736625514403292
C53	C77	7	164	87	59415	5.208666432114266e-09	3.429355281207133e-06	0.002277091906721536
K21	K31	11	617	96	59415	5.509458097966414e-09	3.429355281207133e-06	0.0022805212620027435
F13	G40	14	198	546	59415	5.664426177257887e-09	3.429355281207133e-06	0.002283950617283951
K74	K76	7	36	421	59415	5.966280161635589e-09	3.429355281207133e-06	0.0022873799725651577
J40	J45	11	130	458	59415	6.4693306832520835e-09	3.429355281207133e-06	0.002290809327846365
J01	J18	15	202	637	59415	6.5378851366446844e-09	3.429355281207133e-06	0.002294238683127572
N73	D27	26	738	539	59415	6.626052477882161e-09	3.429355281207133e-06	0.0022976680384087793
E78	F33	30	867	595	59415	6.7048513620476955e-09	3.429355281207133e-06	0.002301097393689986
M51	M62	16	1666	93	59415	6.786261190457787e-09	3.429355281207133e-06	0.0023045267489711935
M17	M21	6	133	63	59415	6.870105620349108e-09	3.429355281207133e-06	0.0023079561042524004
F10	K86	10	839	57	59415	7.093823545468895e-09	3.429355281207133e-06	0.0023113854595336078
I10	I21	10	1205	41	59415	7.189154002547591e-09	3.429355281207133e-06	0.0023148148148148147
N64	C50	14	232	475	59415	7.4412609799638566e-09	3.429355281207133e-06	0.002318244170096022
E11	E79	8	279	85	59415	7.526112184148783e-09	3.429355281207133e-06	0.002321673525377229
D27	K66	19	539	402	59415	7.556837332781246e-09	3.429355281207133e-06	0.0023251028806584363
F43	F71	8	1231	22	59415	8.201798287761204e-09	3.429355281207133e-06	0.002328532235939643
H35	I10	15	111	1205	59415	8.212114915294046e-09	3.429355281207133e-06	0.0023319615912208505
N92	N93	34	2693	246	59415	8.505142436942013e-09	3.429355281207133e-06	0.0023353909465020574
D64	E87	10	305	154	59415	8.769491971612917e-09	3.429355281207133e-06	0.0023388203017832647
N04	E78	7	20	867	59415	9.036388237478654e-09	3.429355281207133e-06	0.002342249657064472
K22	K31	6	91	96	59415	9.058777270109889e-09	3.429355281207133e-06	0.002345679012345679
K62	K63	11	233	262	59415	9.088554444781096e-09	3.429355281207133e-06	0.0023491083676268863
B24	F19	6	55	161	59415	9.362562022982226e-09	3.429355281207133e-06	0.0023525377229080932
N80	E28	21	1694	163	59415	9.789826022767143e-09	3.429355281207133e-06	0.0023559670781893006
M19	M24	8	120	203	59415	9.790641745374746e-09	3.429355281207133e-06	0.0023593964334705075
F33	G44	20	595	412	59415	1.0170502690991038e-08	3.429355281207133e-06	0.002362825788751715
K57	K63	10	182	262	59415	1.0288209424994102e-08	3.429355281207133e-06	0.0023662551440329217
F34	F43	17	145	1231	59415	1.0456118334039305e-08	3.429355281207133e-06	0.002369684499314129
I10	I48	13	1205	82	59415	1.1272552101183296e-08	3.429355281207133e-06	0.002373113854595336
E78	I69	8	867	31	59415	1.167149423285853e-08	3.429355281207133e-06	0.0023765432098765433
C50	D70	8	475	54	59415	1.186388212327277e-08	3.429355281207133e-06	0.00237997256515775
K07	K08	8	283	89	59415	1.2136831898738193e-08	3.429355281207133e-06	0.0023834019204389575
H26	H33	6	62	149	59415	1.2305156975888193e-08	3.429355281207133e-06	0.0023868312757201644
K50	K51	10	248	196	59415	1.2393237510457452e-08	3.429355281207133e-06	0.0023902606310013718
F41	I49	13	796	123	59415	1.2929511410933399e-08	3.429355281207133e-06	0.0023936899862825787
K76	K85	12	421	189	59415	1.3480993890136205e-08	3.429355281207133e-06	0.002397119341563786
C18	K56	6	43	223	59415	1.4185420619399716e-08	3.429355281207133e-06	0.0024005486968449933
F32	G62	12	1838	47	59415	1.4192334356369407e-08	3.429355281207133e-06	0.0024039780521262002
J32	J45	24	779	458	59415	1.4479095991566096e-08	3.429355281207133e-06	0.0024074074074074076
E66	I11	11	1571	44	59415	1.467927072454792e-08	3.429355281207133e-06	0.0024108367626886145
M06	M65	10	111	453	59415	1.5607232739804783e-08	3.429355281207133e-06	0.002414266117969822
F10	F31	17	839	216	59415	1.5778702961482318e-08	3.429355281207133e-06	0.0024176954732510287
F43	G44	29	1231	412	59415	1.585450617377911e-08	3.429355281207133e-06	0.002421124828532236
M54	M79	29	2057	250	59415	1.6075052300951832e-08	3.429355281207133e-06	0.002424554183813443
F34	F45	11	145	449	59415	1.6592127505620116e-08	3.429355281207133e-06	0.0024279835390946503
N39	N76	33	1484	429	59415	1.7007779659758874e-08	3.429355281207133e-06	0.002431412894375857
J45	L20	10	458	111	59415	1.730273732985086e-08	3.429355281207133e-06	0.0024348422496570645
N97	N98	22	1841	170	59415	1.781118927747779e-08	3.429355281207133e-06	0.0024382716049382715
K29	K86	13	1859	57	59415	1.7921939815088993e-08	3.429355281207133e-06	0.002441700960219479
E78	G43	31	867	658	59415	1.797445361060006e-08	3.429355281207133e-06	0.0024451303155006857
B18	F60	11	148	444	59415	1.8320447211017528e-08	3.429355281207133e-06	0.002448559670781893
L02	L74	7	443	40	59415	1.8422478118659973e-08	3.429355281207133e-06	0.0024519890260631
A41	J18	9	61	637	59415	1.868390458689657e-08	3.429355281207133e-06	0.0024554183813443073
I10	I50	9	1205	34	59415	1.8737887036008167e-08	3.429355281207133e-06	0.0024588477366255146
D05	D48	7	31	592	59415	2.0113547021755732e-08	3.429355281207133e-06	0.0024622770919067215
F17	K21	29	828	617	59415	2.0284325881430236e-08	3.429355281207133e-06	0.002465706447187929
D63	D64	6	34	305	59415	2.0759528086838745e-08	3.429355281207133e-06	0.0024691358024691358
M20	M77	15	562	251	59415	2.3087430909657546e-08	3.429355281207133e-06	0.002472565157750343
D12	K62	7	77	233	59415	2.481501989130632e-08	3.429355281207133e-06	0.00247599451303155
N39	E78	51	1484	867	59415	2.4929978411637967e-08	3.429355281207133e-06	0.0024794238683127573
N62	L91	9	354	111	59415	2.5326615459199883e-08	3.429355281207133e-06	0.0024828532235939642
E04	E05	23	853	400	59415	2.729339775819906e-08	3.429355281207133e-06	0.0024862825788751716
F17	I26	16	828	200	59415	2.7564263517270936e-08	3.429355281207133e-06	0.0024897119341563785
K52	K57	17	1042	182	59415	2.8398687358772767e-08	3.429355281207133e-06	0.002493141289437586
F32	I95	34	1838	374	59415	2.945745495598127e-08	3.429355281207133e-06	0.0024965706447187927
N85	D25	43	556	1801	59415	3.116476991611258e-08	3.429355281207133e-06	0.0025
E87	A09	15	154	948	59415	3.118643199269339e-08	3.429355281207133e-06	0.002503429355281207
N17	I10	9	36	1205	59415	3.2429784168782945e-08	3.429355281207133e-06	0.0025068587105624143
M41	M51	16	104	1666	59415	3.541320254770493e-08	3.429355281207133e-06	0.002510288065843621
K22	K92	7	91	207	59415	3.554951719860816e-08	3.429355281207133e-06	0.0025137174211248285
D16	L05	6	98	112	59415	3.581528506686177e-08	3.429355281207133e-06	0.002517146776406036
J20	J45	12	190	458	59415	3.592820251528853e-08	3.429355281207133e-06	0.0025205761316872428
F71	G40	6	22	546	59415	3.858724478815343e-08	3.429355281207133e-06	0.00252400548696845
F19	G40	12	161	546	59415	3.87790867345111e-08	3.429355281207133e-06	0.002527434842249657
D50	K21	26	704	617	59415	3.8826866243005604e-08	3.429355281207133e-06	0.0025308641975308644
F40	F45	8	66	449	59415	3.913125139280181e-08	3.429355281207133e-06	0.0025342935528120713
F45	K29	38	449	1859	59415	4.2345874115067726e-08	3.429355281207133e-06	0.0025377229080932786
K01	K02	7	186	104	59415	4.325311640742498e-08	3.429355281207133e-06	0.0025411522633744855
I10	I70	8	1205	27	59415	4.409125914852894e-08	3.429355281207133e-06	0.002544581618655693
L20	B00	6	111	103	59415	4.5757486716235695e-08	3.429355281207133e-06	0.0025480109739368997
F45	G43	21	449	658	59415	4.630831020541309e-08	3.429355281207133e-06	0.002551440329218107
I95	A09	23	374	948	59415	5.3599233344866553e-08	3.429355281207133e-06	0.002554869684499314
D34	E04	7	26	853	59415	6.362243966643523e-08	3.429355281207133e-06	0.0025582990397805213
K52	A09	42	1042	948	59415	6.71213611502092e-08	3.429355281207133e-06	0.0025617283950617282
N85	N94	22	556	593	59415	6.759290867776943e-08	3.429355281207133e-06	0.0025651577503429356
N64	E65	8	232	135	59415	6.925704109690496e-08	3.429355281207133e-06	0.0025685871056241425
F45	F60	17	449	444	59415	6.973632019530554e-08	3.429355281207133e-06	0.00257201646090535
N62	L90	11	354	211	59415	7.069426165395114e-08	3.429355281207133e-06	0.002575445816186557
N28	N39	14	92	1484	59415	7.099615029982048e-08	3.429355281207133e-06	0.002578875171467764
D53	F32	9	27	1838	59415	7.203212112110257e-08	3.429355281207133e-06	0.0025823045267489714
G45	I67	6	121	102	59415	7.224837616780629e-08	3.429355281207133e-06	0.0025857338820301783
F32	M53	41	1838	522	59415	7.293751485404164e-08	3.429355281207133e-06	0.0025891632373113856
E03	E14	11	552	137	59415	7.442260469528413e-08	3.429355281207133e-06	0.0025925925925925925
F45	M79	13	449	250	59415	7.621089846165438e-08	3.429355281207133e-06	0.0025960219478738
M48	M54	11	40	2057	59415	7.632522548677971e-08	3.429355281207133e-06	0.0025994513031550068
E65	M62	6	135	93	59415	7.972474500958233e-08	3.429355281207133e-06	0.002602880658436214
C53	D06	14	164	820	59415	8.001515196100896e-08	3.429355281207133e-06	0.002606310013717421
D25	D62	15	1801	90	59415	8.567967608472867e-08	3.429355281207133e-06	0.0026097393689986283
F23	F32	24	218	1838	59415	9.31826747528745e-08	3.429355281207133e-06	0.0026131687242798352
G47	I10	19	214	1205	59415	9.852421464708184e-08	3.429355281207133e-06	0.0026165980795610426
F32	F40	13	1838	66	59415	1.0114439173197478e-07	3.429355281207133e-06	0.0026200274348422495
D50	E06	15	704	225	59415	1.0135356715698533e-07	3.429355281207133e-06	0.002623456790123457
E66	K21	41	1571	617	59415	1.0223967120742985e-07	3.429355281207133e-06	0.0026268861454046637
G43	M54	51	658	2057	59415	1.0879491168773208e-07	3.429355281207133e-06	0.002630315500685871
N73	D39	15	738	216	59415	1.0885085405350981e-07	3.429355281207133e-06	0.002633744855967078
F17	K71	10	828	76	59415	1.0909524790013341e-07	3.429355281207133e-06	0.0026371742112482853
F40	F43	11	66	1231	59415	1.0953254444410952e-07	3.429355281207133e-06	0.0026406035665294926
N83	N94	51	2288	593	59415	1.110329932032129e-07	3.429355281207133e-06	0.0026440329218106995
F23	F60	12	218	444	59415	1.157645287872248e-07	3.429355281207133e-06	0.002647462277091907
E87	I10	16	154	1205	59415	1.1611014658495293e-07	3.429355281207133e-06	0.0026508916323731138
N39	F32	84	1484	1838	59415	1.1671793635498868e-07	3.429355281207133e-06	0.002654320987654321
J32	K10	8	779	45	59415	1.1836685422553002e-07	3.429355281207133e-06	0.002657750342935528
E03	K76	18	552	421	59415	1.2053757697920089e-07	3.429355281207133e-06	0.0026611796982167354
N31	G35	7	61	376	59415	1.2502541986121096e-07	3.429355281207133e-06	0.0026646090534979423
J96	K66	8	85	402	59415	1.2517112233049986e-07	3.429355281207133e-06	0.0026680384087791496
G43	M53	22	658	522	59415	1.3614763265843172e-07	3.429355281207133e-06	0.0026714677640603565
K44	K76	19	619	421	59415	1.3670456987739633e-07	3.429355281207133e-06	0.002674897119341564
E66	I20	14	1571	92	59415	1.419381618904156e-07	3.429355281207133e-06	0.0026783264746227707
N85	N97	42	556	1841	59415	1.5446245614632434e-07	3.429355281207133e-06	0.002681755829903978
E74	K58	6	57	251	59415	1.6221180185608648e-07	3.429355281207133e-06	0.002685185185185185
I10	I67	13	1205	102	59415	1.6268153400393985e-07	3.429355281207133e-06	0.0026886145404663923
D17	D23	11	361	225	59415	1.645579618123737e-07	3.429355281207133e-06	0.0026920438957475992
K71	K85	6	76	189	59415	1.7383055979091514e-07	3.429355281207133e-06	0.0026954732510288066
N94	K66	18	593	402	59415	1.746351600059748e-07	3.429355281207133e-06	0.002698902606310014
N20	N28	10	718	92	59415	1.8473833805732195e-07	3.429355281207133e-06	0.002702331961591221
F17	K70	9	828	62	59415	1.9916787641857764e-07	3.429355281207133e-06	0.002705761316872428
J90	K85	6	78	189	59415	2.0315662056400003e-07	3.429355281207133e-06	0.002709190672153635
C53	D62	6	164	90	59415	2.073487710530733e-07	3.429355281207133e-06	0.0027126200274348424
B34	D06	10	82	820	59415	2.0755371406801884e-07	3.429355281207133e-06	0.0027160493827160493
E11	F32	27	279	1838	59415	2.17434769930899e-07	3.429355281207133e-06	0.0027194787379972566
E87	G40	11	154	546	59415	2.1993954251550327e-07	3.429355281207133e-06	0.0027229080932784635
F12	F43	8	32	1231	59415	2.2446239962597803e-07	3.429355281207133e-06	0.002726337448559671
F60	G40	18	444	546	59415	2.2452555358594603e-07	3.429355281207133e-06	0.0027297668038408778
D13	K80	14	69	2226	59415	2.2992919298499198e-07	3.429355281207133e-06	0.002733196159122085
E78	F60	23	867	444	59415	2.3644907994706664e-07	3.429355281207133e-06	0.002736625514403292
K21	K52	31	617	1042	59415	2.481030504115326e-07	3.429355281207133e-06	0.0027400548696844993
K52	K63	19	1042	262	59415	2.528726900851581e-07	3.429355281207133e-06	0.0027434842249657062
N97	N99	14	1841	83	59415	2.5629298470036183e-07	3.429355281207133e-06	0.0027469135802469136
E78	G44	22	867	412	59415	2.574017150307779e-07	3.429355281207133e-06	0.0027503429355281205
N63	C50	6	34	475	59415	2.814482243767883e-07	3.429355281207133e-06	0.002753772290809328
I26	J90	6	200	78	59415	2.8327885935208494e-07	3.429355281207133e-06	0.002757201646090535
F32	F55	10	1838	40	59415	2.8444364680511177e-07	3.429355281207133e-06	0.002760631001371742
B99	J32	12	137	779	59415	2.963094324337503e-07	3.429355281207133e-06	0.0027640603566529494
N18	N39	14	103	1484	59415	3.0052100983245673e-07	3.429355281207133e-06	0.0027674897119341563
D39	K66	11	216	402	59415	3.179331927073707e-07	3.429355281207133e-06	0.0027709190672153636
F17	J40	12	828	130	59415	3.188465004719722e-07	3.429355281207133e-06	0.0027743484224965705
I10	J44	16	1205	166	59415	3.2673849854131353e-07	3.429355281207133e-06	0.002777777777777778
H65	H93	8	94	412	59415	3.3053857563697154e-07	3.429355281207133e-06	0.002781207133058985
E73	K58	7	104	251	59415	3.3099199357473007e-07	3.429355281207133e-06	0.002784636488340192
F33	F40	8	595	66	59415	3.328454190461612e-07	3.429355281207133e-06	0.002788065843621399
D64	D70	6	305	54	59415	3.657298020685303e-07	3.429355281207133e-06	0.0027914951989026064
F42	F60	6	38	444	59415	3.7964331811842817e-07	3.429355281207133e-06	0.0027949245541838133
M41	M53	9	104	522	59415	3.820857260944677e-07	3.429355281207133e-06	0.0027983539094650206
F17	G47	15	828	214	59415	4.1436395207596276e-07	3.429355281207133e-06	0.0028017832647462275
N13	D41	6	510	34	59415	4.2603584179448744e-07	3.429355281207133e-06	0.002805212620027435
F17	I95	20	828	374	59415	4.28605163077231e-07	3.429355281207133e-06	0.0028086419753086418
H40	H52	6	65	260	59415	4.409728648670511e-07	3.429355281207133e-06	0.002812071330589849
I10	M53	30	1205	522	59415	4.716480548578392e-07	3.429355281207133e-06	0.0028155006858710564
I26	J96	6	200	85	59415	4.730121943164765e-07	3.429355281207133e-06	0.0028189300411522633
F33	M47	13	595	222	59415	4.759658992008027e-07	3.429355281207133e-06	0.0028223593964334707
C56	K56	6	77	223	59415	4.96033809938412e-07	3.429355281207133e-06	0.0028257887517146776
N39	I10	60	1484	1205	59415	5.085896127335415e-07	3.429355281207133e-06	0.002829218106995885
F55	F60	6	40	444	59415	5.21222016907524e-07	3.429355281207133e-06	0.002832647462277092
F45	F55	6	449	40	59415	5.562887474140772e-07	3.429355281207133e-06	0.002836076817558299
F60	J44	10	444	166	59415	5.783474518903873e-07	3.429355281207133e-06	0.002839506172839506
N71	N85	11	167	556	59415	5.924749405637931e-07	3.429355281207133e-06	0.0028429355281207134
N13	N17	6	510	36	59415	6.081123928539729e-07	3.429355281207133e-06	0.0028463648834019203
E06	F32	23	225	1838	59415	6.441389140981942e-07	3.429355281207133e-06	0.0028497942386831276
E10	I73	6	210	86	59415	6.741823251142514e-07	3.429355281207133e-06	0.0028532235939643345
F17	F25	14	828	194	59415	7.059954081830739e-07	3.429355281207133e-06	0.002856652949245542
E78	G40	25	867	546	59415	7.108074041686154e-07	3.429355281207133e-06	0.0028600823045267488
E78	I64	8	867	51	59415	7.282802233108588e-07	3.429355281207133e-06	0.002863511659807956
K29	K90	12	1859	65	59415	7.369672048957764e-07	3.429355281207133e-06	0.002866941015089163
I10	K80	80	1205	2226	59415	7.891922310140078e-07	3.429355281207133e-06	0.0028703703703703703
F10	J44	13	839	166	59415	8.057635690890688e-07	3.429355281207133e-06	0.0028737997256515777
K59	K63	12	443	262	59415	8.062333868142445e-07	3.429355281207133e-06	0.0028772290809327846
N81	N92	24	170	2693	59415	8.428515323258704e-07	3.429355281207133e-06	0.002880658436213992
D25	D64	27	1801	305	59415	8.541823205413345e-07	3.429355281207133e-06	0.002884087791495199
J34	J39	8	1158	40	59415	8.988974573914846e-07	3.429355281207133e-06	0.002887517146776406
D64	K51	9	305	196	59415	9.286201454867157e-07	3.429355281207133e-06	0.002890946502057613
C73	E05	9	150	400	59415	9.34490336508516e-07	3.429355281207133e-06	0.0028943758573388204
N39	D64	24	1484	305	59415	9.698316507522316e-07	3.429355281207133e-06	0.0028978052126200273
N70	D39	15	879	216	59415	9.797174417469174e-07	3.429355281207133e-06	0.0029012345679012346
G35	G97	6	376	52	59415	9.82884315115947e-07	3.429355281207133e-06	0.0029046639231824416
F32	G47	22	1838	214	59415	1.016125619416239e-06	3.429355281207133e-06	0.002908093278463649
G62	K76	6	47	421	59415	1.0258807672463142e-06	3.429355281207133e-06	0.002911522633744856
I10	I15	6	1205	18	59415	1.0354976889097758e-06	3.429355281207133e-06	0.002914951989026063
E11	H35	7	279	111	59415	1.0455442438137093e-06	3.429355281207133e-06	0.00291838134430727
F41	G44	20	796	412	59415	1.0500187649151066e-06	3.429355281207133e-06	0.0029218106995884774
M25	M65	12	263	453	59415	1.058620445909149e-06	3.429355281207133e-06	0.0029252400548696843
F32	J44	19	1838	166	59415	1.0866246765890996e-06	3.429355281207133e-06	0.0029286694101508916
J45	J98	8	458	99	59415	1.088032700819292e-06	3.429355281207133e-06	0.002932098765432099
E66	K42	25	1571	311	59415	1.0935979821843759e-06	3.429355281207133e-06	0.002935528120713306
F43	F48	15	1231	157	59415	1.1015266933486514e-06	3.429355281207133e-06	0.002938957475994513
E11	F33	14	279	595	59415	1.1096341810110033e-06	3.429355281207133e-06	0.00294238683127572
F06	I10	7	28	1205	59415	1.1315261312324772e-06	3.429355281207133e-06	0.0029458161865569274
F17	G45	11	828	121	59415	1.1469877592502306e-06	3.429355281207133e-06	0.0029492455418381343
E78	M47	15	867	222	59415	1.166599140413748e-06	3.429355281207133e-06	0.0029526748971193417
G40	I10	30	546	1205	59415	1.1900751792321674e-06	3.429355281207133e-06	0.0029561042524005486
D22	D23	9	274	225	59415	1.203754610024935e-06	3.429355281207133e-06	0.002959533607681756
N85	D50	22	556	704	59415	1.2064500869262494e-06	3.429355281207133e-06	0.002962962962962963
J20	J44	7	190	166	59415	1.2086751196966573e-06	3.429355281207133e-06	0.00296639231824417
E78	F25	14	867	194	59415	1.2100589604011966e-06	3.429355281207133e-06	0.002969821673525377
D12	K63	6	77	262	59415	1.2664154220542915e-06	3.429355281207133e-06	0.0029732510288065844
A04	A09	12	130	948	59415	1.310440482608965e-06	3.429355281207133e-06	0.0029766803840877913
F33	L30	9	595	106	59415	1.323141519947343e-06	3.429355281207133e-06	0.0029801097393689986
F10	F55	7	839	40	59415	1.3572701041062328e-06	3.429355281207133e-06	0.0029835390946502055
E66	I25	13	1571	95	59415	1.3732906097665938e-06	3.429355281207133e-06	0.002986968449931413
F07	F43	8	40	1231	59415	1.4170616460802305e-06	3.429355281207133e-06	0.00299039780521262
G40	I61	6	546	39	59415	1.4779545330200717e-06	3.429355281207133e-06	0.002993827160493827
M47	M62	6	222	93	59415	1.4780367086509309e-06	3.429355281207133e-06	0.0029972565157750345
E78	J45	22	867	458	59415	1.4978749164310307e-06	3.429355281207133e-06	0.0030006858710562414
M65	M71	7	453	73	59415	1.5101258001690046e-06	3.429355281207133e-06	0.0030041152263374487
N39	D41	8	1484	34	59415	1.5136734062248602e-06	3.429355281207133e-06	0.0030075445816186556
F45	K21	18	449	617	59415	1.5150783454049394e-06	3.429355281207133e-06	0.003010973936899863
N91	F32	16	124	1838	59415	1.5423607477551227e-06	3.429355281207133e-06	0.00301440329218107
D50	I10	35	704	1205	59415	1.5864175955420887e-06	3.429355281207133e-06	0.003017832647462277
H80	H93	7	81	412	59415	1.6384883715186405e-06	3.429355281207133e-06	0.003021262002743484
G44	H81	14	412	416	59415	1.647163534972218e-06	3.429355281207133e-06	0.0030246913580246914
M42	M50	7	116	286	59415	1.6579749730916521e-06	3.429355281207133e-06	0.0030281207133058983
F34	F60	9	145	444	59415	1.6583603851993632e-06	3.429355281207133e-06	0.0030315500685871057
K76	L40	9	421	153	59415	1.6770260991427989e-06	3.429355281207133e-06	0.0030349794238683126
G40	K70	7	546	62	59415	1.692218566122891e-06	3.429355281207133e-06	0.00303840877914952
F60	K71	7	444	76	59415	1.7406301988946461e-06	3.429355281207133e-06	0.003041838134430727
N13	C53	10	510	164	59415	1.7947775959082701e-06	3.429355281207133e-06	0.003045267489711934
M50	M99	6	286	75	59415	1.7987400071752158e-06	3.429355281207133e-06	0.0030486968449931415
D38	J18	6	35	637	59415	1.8483348114950955e-06	3.429355281207133e-06	0.0030521262002743484
I10	I35	7	1205	30	59415	1.8778637777056717e-06	3.429355281207133e-06	0.0030555555555555557
G40	I60	7	546	63	59415	1.8887299314662326e-06	3.429355281207133e-06	0.0030589849108367626
N94	N99	8	593	83	59415	1.9210797971971e-06	3.429355281207133e-06	0.00306241426611797
K40	K42	11	336	311	59415	1.9683855944368912e-06	3.429355281207133e-06	0.003065843621399177
E78	J06	20	867	395	59415	2.0092111755941705e-06	3.429355281207133e-06	0.003069272976680384
N64	L90	8	232	211	59415	2.066513581722406e-06	3.429355281207133e-06	0.003072702331961591
I10	I71	6	1205	20	59415	2.08820345800018e-06	3.429355281207133e-06	0.0030761316872427984
D50	F32	46	704	1838	59415	2.2669930028232697e-06	3.429355281207133e-06	0.0030795610425240053
N20	N26	7	718	50	59415	2.3257805716147974e-06	3.429355281207133e-06	0.0030829903978052127
M47	M81	6	222	101	59415	2.3971239755530724e-06	3.429355281207133e-06	0.0030864197530864196
N70	D27	24	879	539	59415	2.414644998504114e-06	3.429355281207133e-06	0.003089849108367627
N87	N93	21	1555	246	59415	2.5726624341592975e-06	3.429355281207133e-06	0.003093278463648834
I84	K44	25	822	619	59415	2.5828231525974977e-06	3.429355281207133e-06	0.003096707818930041
H93	J34	24	412	1158	59415	2.6090889828003417e-06	3.429355281207133e-06	0.003100137174211248
E14	J44	6	137	166	59415	2.6381430465303547e-06	3.429355281207133e-06	0.0031035665294924554
F33	M54	44	595	2057	59415	2.6978079203017116e-06	3.429355281207133e-06	0.0031069958847736627
K52	K58	17	1042	251	59415	2.7086075341614663e-06	3.429355281207133e-06	0.0031104252400548696
N60	D48	12	221	592	59415	2.723710259412607e-06	3.429355281207133e-06	0.003113854595336077
F33	K29	41	595	1859	59415	2.856823931080058e-06	3.429355281207133e-06	0.003117283950617284
F22	F32	11	62	1838	59415	2.8723549100906795e-06	3.429355281207133e-06	0.0031207133058984912
E73	K56	6	104	223	59415	2.917956257322288e-06	3.429355281207133e-06	0.003124142661179698
K51	K63	8	196	262	59415	2.9402036459879087e-06	3.429355281207133e-06	0.0031275720164609055
F25	F32	20	194	1838	59415	2.9635296878214474e-06	3.429355281207133e-06	0.0031310013717421124
E79	F17	9	85	828	59415	3.0399949173059045e-06	3.429355281207133e-06	0.0031344307270233197
F17	F19	12	828	161	59415	3.1105659060918354e-06	3.429355281207133e-06	0.0031378600823045266
E66	E88	10	1571	59	59415	3.139033289086933e-06	3.429355281207133e-06	0.003141289437585734
F13	F45	10	198	449	59415	3.151384179118326e-06	3.429355281207133e-06	0.003144718792866941
M24	M42	6	203	116	59415	3.20654641273582e-06	3.429355281207133e-06	0.003148148148148148
K76	K86	6	421	57	59415	3.2659606260807513e-06	3.429355281207133e-06	0.003151577503429355
F33	F70	7	595	63	59415	3.3208986939561914e-06	3.429355281207133e-06	0.0031550068587105624
I10	J45	26	1205	458	59415	3.3397448972448053e-06	3.429355281207133e-06	0.0031584362139917693
E78	K70	8	867	62	59415	3.357725120432312e-06	3.429355281207133e-06	0.0031618655692729767
E65	K43	6	135	176	59415	3.395481725076128e-06	3.429355281207133e-06	0.003165294924554184
K56	K66	10	223	402	59415	3.4250845597462843e-06	3.429355281207133e-06	0.003168724279835391
