ICD1	ICD2	val11	occ1	occ2	NN	pval	bonf_thresh	fdr_thresh
J34	M95	319	1638	446	55809	0.0	4.4543429844097995e-06	4.4543429844097995e-06
J32	J34	304	649	1638	55809	1.337581059222859e-289	4.4543429844097995e-06	8.908685968819599e-06
N13	N20	206	651	587	55809	3.118070386318723e-252	4.4543429844097995e-06	1.3363028953229399e-05
F11	F13	139	310	292	55809	5.5698777092247345e-244	4.4543429844097995e-06	1.7817371937639198e-05
N80	N97	311	1393	1349	55809	2.729171339425685e-209	4.4543429844097995e-06	2.2271714922048998e-05
F32	F60	290	1483	1063	55809	8.362329621927133e-209	4.4543429844097995e-06	2.6726057906458797e-05
F33	F60	211	693	1063	55809	5.787300042194137e-193	4.4543429844097995e-06	3.1180400890868593e-05
K21	K29	187	455	1682	55809	2.0139250071110704e-160	4.4543429844097995e-06	3.5634743875278396e-05
N20	N23	119	587	303	55809	1.747177093071255e-155	4.4543429844097995e-06	4.00890868596882e-05
B18	F11	93	228	310	55809	1.0882163329277938e-151	4.4543429844097995e-06	4.4543429844097995e-05
F43	F60	239	1570	1063	55809	1.225511446870145e-143	4.4543429844097995e-06	4.899777282850779e-05
K21	K44	106	455	327	55809	2.5256299131277674e-140	4.4543429844097995e-06	5.3452115812917595e-05
F10	F60	190	974	1063	55809	2.2633389408931503e-133	4.4543429844097995e-06	5.79064587973274e-05
K29	K44	143	1682	327	55809	4.28513161197582e-127	4.4543429844097995e-06	6.236080178173719e-05
M51	M54	153	562	1200	55809	4.722517307257921e-122	4.4543429844097995e-06	6.681514476614699e-05
F32	F43	252	1483	1570	55809	1.7504366534083518e-121	4.4543429844097995e-06	7.126948775055679e-05
F50	F60	143	557	1063	55809	1.3780020241880843e-117	4.4543429844097995e-06	7.57238307349666e-05
B18	F19	84	228	468	55809	4.302531661590377e-115	4.4543429844097995e-06	8.01781737193764e-05
N73	N80	146	485	1393	55809	6.0888044109512714e-114	4.4543429844097995e-06	8.463251670378619e-05
N13	N23	92	651	303	55809	6.582124054227116e-103	4.4543429844097995e-06	8.908685968819599e-05
F19	F60	123	468	1063	55809	2.7577596862908108e-102	4.4543429844097995e-06	9.35412026726058e-05
N97	E28	114	1349	323	55809	2.1543594532927405e-99	4.4543429844097995e-06	9.799554565701558e-05
F11	F19	81	310	468	55809	9.886998330207107e-97	4.4543429844097995e-06	0.00010244988864142539
F32	F50	138	1483	557	55809	2.3841115179867186e-91	4.4543429844097995e-06	0.00010690423162583519
H91	H93	71	328	325	55809	2.481156310280086e-90	4.4543429844097995e-06	0.00011135857461024499
F32	F33	149	1483	693	55809	3.089059681739531e-89	4.4543429844097995e-06	0.0001158129175946548
N80	N83	235	1393	2155	55809	3.6521439234950726e-83	4.4543429844097995e-06	0.00012026726057906458
N73	N97	119	485	1349	55809	6.202238707897648e-83	4.4543429844097995e-06	0.00012472160356347437
I26	I80	56	214	255	55809	1.2550823864224339e-82	4.4543429844097995e-06	0.0001291759465478842
F19	F32	121	468	1483	55809	2.013971211690227e-82	4.4543429844097995e-06	0.00013363028953229398
F13	F60	90	292	1063	55809	1.0792897634309092e-81	4.4543429844097995e-06	0.0001380846325167038
B18	F13	58	228	292	55809	4.884911761887397e-81	4.4543429844097995e-06	0.00014253897550111359
K80	K85	83	1543	191	55809	1.0632324945323884e-76	4.4543429844097995e-06	0.00014699331848552337
N77	B37	31	33	197	55809	4.186331048561588e-75	4.4543429844097995e-06	0.0001514476614699332
F33	F43	138	693	1570	55809	8.409999327294669e-75	4.4543429844097995e-06	0.00015590200445434298
F13	F19	65	292	468	55809	1.9872105401986894e-72	4.4543429844097995e-06	0.0001603563474387528
E66	I10	108	1301	484	55809	2.943564160005981e-72	4.4543429844097995e-06	0.0001648106904231626
F10	F43	157	974	1570	55809	2.182080041044378e-71	4.4543429844097995e-06	0.00016926503340757238
C73	E89	30	123	44	55809	4.722438505078759e-71	4.4543429844097995e-06	0.0001737193763919822
F10	F13	78	974	292	55809	2.209138132305462e-68	4.4543429844097995e-06	0.00017817371937639198
N80	K66	83	1393	253	55809	2.7231233773726348e-68	4.4543429844097995e-06	0.00018262806236080177
N80	N94	125	1393	730	55809	8.586377625960221e-66	4.4543429844097995e-06	0.0001870824053452116
F11	F12	45	310	157	55809	3.372374236621746e-64	4.4543429844097995e-06	0.00019153674832962138
F12	F13	44	157	292	55809	1.6933060847741618e-63	4.4543429844097995e-06	0.00019599109131403117
F32	F41	123	1483	703	55809	9.070722890909442e-63	4.4543429844097995e-06	0.00020044543429844098
N18	I10	44	106	484	55809	2.1789866219256186e-62	4.4543429844097995e-06	0.00020489977728285077
G55	M51	33	38	562	55809	2.3367818461055005e-61	4.4543429844097995e-06	0.0002093541202672606
N70	N73	85	918	485	55809	3.1628908271701307e-60	4.4543429844097995e-06	0.00021380846325167038
F10	F19	84	974	468	55809	2.598643876027681e-58	4.4543429844097995e-06	0.00021826280623608017
E78	I10	61	383	484	55809	1.4155726780351417e-57	4.4543429844097995e-06	0.00022271714922048998
F11	F17	71	310	976	55809	4.1642630465550384e-57	4.4543429844097995e-06	0.00022717149220489977
E73	E74	32	160	111	55809	9.875802086860227e-56	4.4543429844097995e-06	0.0002316258351893096
K80	K81	60	1543	143	55809	1.3252770830582463e-54	4.4543429844097995e-06	0.00023608017817371938
F33	F50	75	693	557	55809	1.7147114117542287e-53	4.4543429844097995e-06	0.00024053452115812917
K01	K07	77	597	711	55809	1.166244393226905e-52	4.4543429844097995e-06	0.00024498886414253896
N10	N39	139	869	1906	55809	1.728858652801649e-52	4.4543429844097995e-06	0.00024944320712694875
E86	A09	54	123	1486	55809	1.8924899488221177e-51	4.4543429844097995e-06	0.0002538975501113586
F60	F61	51	1063	141	55809	9.230310630563933e-51	4.4543429844097995e-06	0.0002583518930957684
K02	K04	33	165	171	55809	1.6818970428040669e-50	4.4543429844097995e-06	0.00026280623608017817
K60	K61	37	300	164	55809	4.676205154098737e-49	4.4543429844097995e-06	0.00026726057906458796
E66	E78	77	1301	383	55809	3.89736490695587e-48	4.4543429844097995e-06	0.00027171492204899775
N97	N98	56	1349	167	55809	8.745935343766195e-48	4.4543429844097995e-06	0.0002761692650334076
F13	F32	72	292	1483	55809	9.18887309486793e-48	4.4543429844097995e-06	0.0002806236080178174
F32	F61	53	1483	141	55809	3.175921727593325e-46	4.4543429844097995e-06	0.00028507795100222717
J32	J33	35	649	89	55809	3.0259699905018695e-44	4.4543429844097995e-06	0.00028953229398663696
D24	D48	59	610	462	55809	5.12449288121644e-44	4.4543429844097995e-06	0.00029398663697104675
F11	F60	61	310	1063	55809	8.083949311672006e-43	4.4543429844097995e-06	0.0002984409799554566
I84	K60	42	363	300	55809	1.0957174356818636e-42	4.4543429844097995e-06	0.0003028953229398664
F41	F45	56	703	384	55809	1.1216898945127867e-41	4.4543429844097995e-06	0.00030734966592427617
F10	F32	114	974	1483	55809	3.3331889771225513e-40	4.4543429844097995e-06	0.00031180400890868596
N97	K66	59	1349	253	55809	3.770792598147323e-40	4.4543429844097995e-06	0.00031625835189309575
F41	F60	83	703	1063	55809	3.92478376780001e-40	4.4543429844097995e-06	0.0003207126948775056
N83	K66	70	2155	253	55809	1.4517879203873827e-39	4.4543429844097995e-06	0.0003251670378619154
F12	F19	35	157	468	55809	2.6372369105736428e-39	4.4543429844097995e-06	0.0003296213808463252
N87	D06	107	1903	704	55809	1.53096343472856e-38	4.4543429844097995e-06	0.00033407572383073496
E66	K80	133	1301	1543	55809	1.6529165767275692e-38	4.4543429844097995e-06	0.00033853006681514475
F12	F60	44	157	1063	55809	2.1824214297816838e-38	4.4543429844097995e-06	0.00034298440979955454
E66	F17	104	1301	976	55809	4.4294238226633707e-38	4.4543429844097995e-06	0.0003474387527839644
L93	M32	17	44	82	55809	7.787876773182889e-38	4.4543429844097995e-06	0.0003518930957683742
H33	H52	26	120	222	55809	9.478013789444036e-38	4.4543429844097995e-06	0.00035634743875278396
N83	D27	97	2155	529	55809	1.265340839052894e-37	4.4543429844097995e-06	0.00036080178173719375
F13	F17	53	292	976	55809	2.5044468498385014e-37	4.4543429844097995e-06	0.00036525612472160354
E66	K76	51	1301	205	55809	3.896732963245133e-37	4.4543429844097995e-06	0.0003697104677060134
F11	F14	20	310	35	55809	1.2646208180613853e-36	4.4543429844097995e-06	0.0003741648106904232
C81	C85	17	102	42	55809	1.7003434804362102e-36	4.4543429844097995e-06	0.00037861915367483297
M22	M23	40	192	710	55809	2.7796314808228287e-36	4.4543429844097995e-06	0.00038307349665924275
F43	F50	84	1570	557	55809	3.4686726440476634e-36	4.4543429844097995e-06	0.00038752783964365254
N13	N39	99	651	1906	55809	1.0658104816477274e-35	4.4543429844097995e-06	0.00039198218262806233
N73	N83	90	485	2155	55809	2.0529672935682495e-35	4.4543429844097995e-06	0.0003964365256124722
F33	F41	64	693	703	55809	2.7007479950622684e-35	4.4543429844097995e-06	0.00040089086859688197
I84	K62	31	363	174	55809	3.870663687030692e-35	4.4543429844097995e-06	0.00040534521158129176
F33	F42	31	693	97	55809	4.2019429015078755e-35	4.4543429844097995e-06	0.00040979955456570154
G35	H46	24	341	78	55809	1.8929886655886544e-34	4.4543429844097995e-06	0.00041425389755011133
F43	F61	44	1570	141	55809	1.720688390887002e-33	4.4543429844097995e-06	0.0004187082405345212
F20	F23	30	267	237	55809	1.8962507249667707e-33	4.4543429844097995e-06	0.00042316258351893097
F17	F60	88	976	1063	55809	2.069011229058783e-33	4.4543429844097995e-06	0.00042761692650334076
J33	J34	37	89	1638	55809	4.581218285103993e-33	4.4543429844097995e-06	0.00043207126948775055
M23	M24	35	710	157	55809	5.334802818374547e-33	4.4543429844097995e-06	0.00043652561247216034
E11	E66	38	116	1301	55809	5.4758493107432965e-33	4.4543429844097995e-06	0.0004409799554565702
K01	K05	22	597	41	55809	6.059758365517866e-33	4.4543429844097995e-06	0.00044543429844097997
E87	F50	34	181	557	55809	6.274211712965528e-33	4.4543429844097995e-06	0.00044988864142538976
F32	F45	65	1483	384	55809	1.0810724214909375e-32	4.4543429844097995e-06	0.00045434298440979955
H50	H52	23	115	222	55809	1.268571423639099e-32	4.4543429844097995e-06	0.00045879732739420934
M42	M51	22	44	562	55809	1.3239302489556615e-32	4.4543429844097995e-06	0.0004632516703786192
C73	E04	27	123	395	55809	2.1872258354698476e-32	4.4543429844097995e-06	0.00046770601336302897
F41	F43	89	703	1570	55809	2.5406034157963605e-32	4.4543429844097995e-06	0.00047216035634743876
F10	F12	38	974	157	55809	4.2709206535649355e-32	4.4543429844097995e-06	0.00047661469933184855
G43	G44	51	734	445	55809	6.519929625453646e-32	4.4543429844097995e-06	0.00048106904231625834
F13	F33	42	292	693	55809	1.6251268921976559e-31	4.4543429844097995e-06	0.00048552338530066813
F43	F44	45	1570	165	55809	2.304458876174599e-31	4.4543429844097995e-06	0.0004899777282850779
N70	N83	119	918	2155	55809	7.981621993137378e-31	4.4543429844097995e-06	0.0004944320712694878
E10	E14	20	243	73	55809	9.461071278670804e-31	4.4543429844097995e-06	0.0004988864142538975
M23	M94	27	710	89	55809	9.359701381531411e-30	4.4543429844097995e-06	0.0005033407572383073
N84	N92	40	305	657	55809	2.300874278880554e-29	4.4543429844097995e-06	0.0005077951002227172
F19	B17	19	468	41	55809	5.047106707877744e-29	4.4543429844097995e-06	0.0005122494432071269
B94	F19	14	15	468	55809	1.0418403558654666e-28	4.4543429844097995e-06	0.0005167037861915368
C83	C85	11	27	42	55809	1.352088858584737e-28	4.4543429844097995e-06	0.0005211581291759465
K80	K83	28	1543	58	55809	2.397009317759547e-28	4.4543429844097995e-06	0.0005256124721603563
F50	M81	23	557	76	55809	6.34368261409375e-28	4.4543429844097995e-06	0.0005300668151447662
F13	F14	16	292	35	55809	7.728232767163089e-28	4.4543429844097995e-06	0.0005345211581291759
E11	I10	25	116	484	55809	1.1939664407383695e-27	4.4543429844097995e-06	0.0005389755011135858
H83	H93	19	64	325	55809	1.3969093219064819e-27	4.4543429844097995e-06	0.0005434298440979955
F60	F70	29	1063	93	55809	2.8946428628107736e-27	4.4543429844097995e-06	0.0005478841870824053
F13	F43	53	292	1570	55809	2.9529120589057903e-27	4.4543429844097995e-06	0.0005523385300668152
H35	H36	11	84	19	55809	3.3962190257752064e-27	4.4543429844097995e-06	0.0005567928730512249
E10	H36	13	243	19	55809	3.8722664456943135e-27	4.4543429844097995e-06	0.0005612472160356348
N18	N19	13	106	36	55809	4.3429204786291075e-27	4.4543429844097995e-06	0.0005657015590200445
B18	F32	46	228	1483	55809	6.49817723387795e-27	4.4543429844097995e-06	0.0005701559020044543
F33	F61	29	693	141	55809	8.815499087891312e-27	4.4543429844097995e-06	0.0005746102449888642
F10	K70	16	974	18	55809	9.71307863155785e-27	4.4543429844097995e-06	0.0005790645879732739
B18	B24	16	228	49	55809	1.047453651364891e-26	4.4543429844097995e-06	0.0005835189309576838
D69	D70	14	127	47	55809	1.5265658788554574e-26	4.4543429844097995e-06	0.0005879732739420935
L20	B00	19	176	127	55809	1.5390305702054804e-26	4.4543429844097995e-06	0.0005924276169265033
N86	N93	20	150	182	55809	1.5919608835081012e-26	4.4543429844097995e-06	0.0005968819599109132
F20	F25	22	267	149	55809	2.4551178021536116e-26	4.4543429844097995e-06	0.0006013363028953229
F11	F32	52	310	1483	55809	3.176040873924985e-26	4.4543429844097995e-06	0.0006057906458797328
F19	F43	65	468	1570	55809	3.3706168399337966e-26	4.4543429844097995e-06	0.0006102449888641425
K01	K04	29	597	171	55809	4.551377612124463e-26	4.4543429844097995e-06	0.0006146993318485523
D50	K29	78	627	1682	55809	4.6955281949940975e-26	4.4543429844097995e-06	0.0006191536748329622
D50	K50	42	627	444	55809	7.777037747325312e-26	4.4543429844097995e-06	0.0006236080178173719
M24	M25	21	157	230	55809	1.241949547911589e-25	4.4543429844097995e-06	0.0006280623608017818
G55	M54	21	38	1200	55809	1.643966934821644e-25	4.4543429844097995e-06	0.0006325167037861915
J18	J90	19	460	61	55809	3.7839239161644767e-25	4.4543429844097995e-06	0.0006369710467706013
H33	H35	15	120	84	55809	5.1204191232646065e-25	4.4543429844097995e-06	0.0006414253897550112
F10	F33	61	974	693	55809	7.153180056205493e-25	4.4543429844097995e-06	0.0006458797327394209
M23	M25	33	710	230	55809	1.1549772030228965e-24	4.4543429844097995e-06	0.0006503340757238308
D50	K51	32	627	239	55809	1.2071701466540071e-24	4.4543429844097995e-06	0.0006547884187082405
F72	K02	11	17	165	55809	1.309324487834466e-24	4.4543429844097995e-06	0.0006592427616926503
I26	I82	17	214	91	55809	3.923922426261121e-24	4.4543429844097995e-06	0.0006636971046770601
N70	N97	82	918	1349	55809	5.315389905855431e-24	4.4543429844097995e-06	0.0006681514476614699
F12	F23	20	157	237	55809	9.254530899425016e-24	4.4543429844097995e-06	0.0006726057906458798
J34	J35	145	1638	1983	55809	1.0281287592614042e-23	4.4543429844097995e-06	0.0006770601336302895
M25	M66	12	230	22	55809	1.1194856695239586e-23	4.4543429844097995e-06	0.0006815144766146993
F70	F71	11	93	31	55809	1.2272542690449998e-23	4.4543429844097995e-06	0.0006859688195991091
N18	I15	10	106	18	55809	1.7054819689469138e-23	4.4543429844097995e-06	0.0006904231625835189
J30	J34	33	120	1638	55809	6.127734581299836e-23	4.4543429844097995e-06	0.0006948775055679288
F10	F11	40	974	310	55809	9.87625334797767e-23	4.4543429844097995e-06	0.0006993318485523385
F33	F45	38	693	384	55809	1.1517540847739642e-22	4.4543429844097995e-06	0.0007037861915367483
F17	J45	52	976	553	55809	1.2458053840503685e-22	4.4543429844097995e-06	0.0007082405345211581
J03	J35	76	583	1983	55809	2.215935052614538e-22	4.4543429844097995e-06	0.0007126948775055679
J34	J39	26	1638	69	55809	2.4747224354249883e-22	4.4543429844097995e-06	0.0007171492204899778
K04	K09	13	171	49	55809	3.1434968669460205e-22	4.4543429844097995e-06	0.0007216035634743875
N91	E28	19	117	323	55809	3.738923868612816e-22	4.4543429844097995e-06	0.0007260579064587974
B20	B24	8	14	49	55809	5.782462103445124e-22	4.4543429844097995e-06	0.0007305122494432071
E78	F17	43	383	976	55809	6.792167162117598e-22	4.4543429844097995e-06	0.0007349665924276169
F10	F17	68	974	976	55809	7.349758994205058e-22	4.4543429844097995e-06	0.0007394209354120268
N18	E21	10	106	24	55809	7.572600667744956e-22	4.4543429844097995e-06	0.0007438752783964365
H66	H72	12	152	41	55809	7.888870161225823e-22	4.4543429844097995e-06	0.0007483296213808464
B18	B17	13	228	41	55809	9.946238374610724e-22	4.4543429844097995e-06	0.0007527839643652561
I47	I49	16	207	102	55809	1.0193857668216817e-21	4.4543429844097995e-06	0.0007572383073496659
K50	K51	26	444	239	55809	1.1106168260055973e-21	4.4543429844097995e-06	0.0007616926503340758
F19	G40	41	468	728	55809	1.457955498709985e-21	4.4543429844097995e-06	0.0007661469933184855
H90	H91	17	85	328	55809	1.7464663985569167e-21	4.4543429844097995e-06	0.0007706013363028954
M23	M65	34	710	314	55809	2.4503784680793535e-21	4.4543429844097995e-06	0.0007750556792873051
E10	E11	17	243	116	55809	2.8728838121874482e-21	4.4543429844097995e-06	0.0007795100222717149
N85	N92	28	208	657	55809	2.9694951221270446e-21	4.4543429844097995e-06	0.0007839643652561247
C56	D39	11	39	121	55809	4.968616941184559e-21	4.4543429844097995e-06	0.0007884187082405345
N83	N97	129	2155	1349	55809	5.223971960753394e-21	4.4543429844097995e-06	0.0007928730512249444
F33	F40	20	693	78	55809	5.855748671323865e-21	4.4543429844097995e-06	0.0007973273942093541
F17	F19	46	976	468	55809	6.052076377317015e-21	4.4543429844097995e-06	0.0008017817371937639
H35	H52	15	84	222	55809	7.106744902661952e-21	4.4543429844097995e-06	0.0008062360801781737
E11	E78	19	116	383	55809	7.907675809056311e-21	4.4543429844097995e-06	0.0008106904231625835
M41	M54	26	102	1200	55809	9.013026224618079e-21	4.4543429844097995e-06	0.0008151447661469934
N20	N39	72	587	1906	55809	1.0459388031616752e-20	4.4543429844097995e-06	0.0008195991091314031
J35	J36	50	1983	286	55809	1.2083421263762143e-20	4.4543429844097995e-06	0.0008240534521158129
D89	M32	8	13	82	55809	1.954687890386155e-20	4.4543429844097995e-06	0.0008285077951002227
F12	F14	11	157	35	55809	2.4058461064477695e-20	4.4543429844097995e-06	0.0008329621380846325
D68	M32	13	137	82	55809	2.5304458824245964e-20	4.4543429844097995e-06	0.0008374164810690424
F13	B17	13	292	41	55809	2.6010378184468425e-20	4.4543429844097995e-06	0.0008418708240534521
K50	K60	27	444	300	55809	2.713623264372297e-20	4.4543429844097995e-06	0.0008463251670378619
I26	J18	24	214	460	55809	4.528650094157126e-20	4.4543429844097995e-06	0.0008507795100222717
F50	F55	14	557	33	55809	5.691069115534549e-20	4.4543429844097995e-06	0.0008552338530066815
F40	F60	22	78	1063	55809	5.978575581824138e-20	4.4543429844097995e-06	0.0008596881959910914
N70	K66	33	918	253	55809	6.56090486452721e-20	4.4543429844097995e-06	0.0008641425389755011
E68	L57	7	19	25	55809	7.217624316677608e-20	4.4543429844097995e-06	0.0008685968819599109
E78	K76	22	383	205	55809	8.798095954690124e-20	4.4543429844097995e-06	0.0008730512249443207
C43	D22	15	96	228	55809	9.024217267232601e-20	4.4543429844097995e-06	0.0008775055679287305
D63	I15	7	28	18	55809	1.1225662428169497e-19	4.4543429844097995e-06	0.0008819599109131404
D68	I80	17	137	255	55809	1.243555775727007e-19	4.4543429844097995e-06	0.0008864142538975501
F44	F60	29	165	1063	55809	1.28100326297761e-19	4.4543429844097995e-06	0.0008908685968819599
B18	F17	32	228	976	55809	1.5207297994676286e-19	4.4543429844097995e-06	0.0008953229398663697
D16	D48	21	153	462	55809	1.546051297570137e-19	4.4543429844097995e-06	0.0008997772828507795
N18	D64	16	106	273	55809	1.7161378035022836e-19	4.4543429844097995e-06	0.0009042316258351894
N23	N39	49	303	1906	55809	1.7301444954649807e-19	4.4543429844097995e-06	0.0009086859688195991
N70	N76	44	918	494	55809	1.908125350831603e-19	4.4543429844097995e-06	0.0009131403118040089
E73	K29	34	160	1682	55809	2.421245397695802e-19	4.4543429844097995e-06	0.0009175946547884187
F32	F40	24	1483	78	55809	2.5670099512882334e-19	4.4543429844097995e-06	0.0009220489977728285
J43	J93	9	21	124	55809	2.819918602956159e-19	4.4543429844097995e-06	0.0009265033407572384
N35	N39	33	135	1906	55809	3.3675807309729834e-19	4.4543429844097995e-06	0.0009309576837416481
N03	M32	8	17	82	55809	3.674809553022216e-19	4.4543429844097995e-06	0.0009354120267260579
F17	K29	87	976	1682	55809	4.1988064486243796e-19	4.4543429844097995e-06	0.0009398663697104677
E03	E78	29	467	383	55809	4.94625287452209e-19	4.4543429844097995e-06	0.0009443207126948775
K29	K31	27	1682	96	55809	5.067930016029164e-19	4.4543429844097995e-06	0.0009487750556792873
F42	F60	23	97	1063	55809	6.397394455823746e-19	4.4543429844097995e-06	0.0009532293986636971
F19	F61	20	468	141	55809	7.483487643244781e-19	4.4543429844097995e-06	0.0009576837416481069
N80	D27	55	1393	529	55809	7.830466654884001e-19	4.4543429844097995e-06	0.0009621380846325167
I63	I64	8	63	23	55809	8.033490797048507e-19	4.4543429844097995e-06	0.0009665924276169265
K42	K43	15	221	114	55809	8.413311772337641e-19	4.4543429844097995e-06	0.0009710467706013363
K29	K80	115	1682	1543	55809	9.649620555465711e-19	4.4543429844097995e-06	0.0009755011135857461
F10	F50	47	974	557	55809	1.0400297265186865e-18	4.4543429844097995e-06	0.0009799554565701558
F17	F32	80	976	1483	55809	1.0890755638595222e-18	4.4543429844097995e-06	0.0009844097995545657
N30	N39	38	190	1906	55809	1.1875369021948613e-18	4.4543429844097995e-06	0.0009888641425389755
M24	M65	18	157	314	55809	1.8420687736495225e-18	4.4543429844097995e-06	0.0009933184855233854
N17	N18	10	47	106	55809	1.928598784435122e-18	4.4543429844097995e-06	0.000997772828507795
H50	H53	12	115	99	55809	2.5812555577328262e-18	4.4543429844097995e-06	0.0010022271714922048
K04	K07	24	171	711	55809	4.573563531980259e-18	4.4543429844097995e-06	0.0010066815144766147
F11	B17	12	310	41	55809	4.7653606637753664e-18	4.4543429844097995e-06	0.0010111358574610245
F23	F25	16	237	149	55809	4.974929456709276e-18	4.4543429844097995e-06	0.0010155902004454344
K29	K50	54	1682	444	55809	5.1674774482655164e-18	4.4543429844097995e-06	0.001020044543429844
M65	M67	33	314	852	55809	5.5611541206844944e-18	4.4543429844097995e-06	0.0010244988864142538
B18	F12	16	228	157	55809	6.274326276486781e-18	4.4543429844097995e-06	0.0010289532293986637
F20	F22	11	267	34	55809	6.339722925549383e-18	4.4543429844097995e-06	0.0010334075723830735
F43	F70	25	1570	93	55809	6.768579058581778e-18	4.4543429844097995e-06	0.0010378619153674834
M22	M94	13	192	89	55809	7.006302228860961e-18	4.4543429844097995e-06	0.001042316258351893
E65	L90	17	164	270	55809	7.434485633059776e-18	4.4543429844097995e-06	0.0010467706013363028
J45	L20	22	553	176	55809	7.49098250004179e-18	4.4543429844097995e-06	0.0010512249443207127
F31	F60	31	224	1063	55809	9.288716332718974e-18	4.4543429844097995e-06	0.0010556792873051225
N91	F50	19	117	557	55809	9.95670205389166e-18	4.4543429844097995e-06	0.0010601336302895324
I10	K76	22	484	205	55809	1.2551976878681212e-17	4.4543429844097995e-06	0.001064587973273942
K29	K76	36	1682	205	55809	1.533360300222856e-17	4.4543429844097995e-06	0.0010690423162583518
D12	K63	10	43	143	55809	1.5793610667669616e-17	4.4543429844097995e-06	0.0010734966592427617
F60	F90	13	1063	22	55809	1.714866957784463e-17	4.4543429844097995e-06	0.0010779510022271715
G44	G97	13	445	44	55809	1.8343026643712737e-17	4.4543429844097995e-06	0.0010824053452115814
E11	H36	8	116	19	55809	2.019649700645164e-17	4.4543429844097995e-06	0.001086859688195991
L02	L73	16	509	79	55809	2.3071990810301427e-17	4.4543429844097995e-06	0.0010913140311804008
N97	D25	40	1349	319	55809	2.560937230263186e-17	4.4543429844097995e-06	0.0010957683741648107
F20	F60	33	267	1063	55809	2.646609898493175e-17	4.4543429844097995e-06	0.0011002227171492205
E78	F60	39	383	1063	55809	2.998604853120253e-17	4.4543429844097995e-06	0.0011046770601336304
K44	K80	43	327	1543	55809	3.507841729396062e-17	4.4543429844097995e-06	0.00110913140311804
E10	E16	10	243	29	55809	3.785983818719655e-17	4.4543429844097995e-06	0.0011135857461024498
N12	N39	38	210	1906	55809	4.110907699761383e-17	4.4543429844097995e-06	0.0011180400890868597
A15	A16	8	47	47	55809	4.137147040149164e-17	4.4543429844097995e-06	0.0011224944320712695
F19	F33	35	468	693	55809	4.1841643656566173e-17	4.4543429844097995e-06	0.0011269487750556794
F43	F45	47	1570	384	55809	4.210196533096147e-17	4.4543429844097995e-06	0.001131403118040089
M47	M54	21	82	1200	55809	4.275113481000285e-17	4.4543429844097995e-06	0.0011358574610244988
F60	F63	14	1063	29	55809	4.5220282176520846e-17	4.4543429844097995e-06	0.0011403118040089087
F12	F17	25	157	976	55809	6.59932065947803e-17	4.4543429844097995e-06	0.0011447661469933185
F17	J20	30	976	242	55809	6.968091845744223e-17	4.4543429844097995e-06	0.0011492204899777284
E03	E66	47	467	1301	55809	7.195934689321812e-17	4.4543429844097995e-06	0.001153674832962138
N70	N80	71	918	1393	55809	8.137307732245623e-17	4.4543429844097995e-06	0.0011581291759465478
K60	K62	17	300	174	55809	1.1957352504815258e-16	4.4543429844097995e-06	0.0011625835189309577
F40	F41	17	78	703	55809	1.284787146640339e-16	4.4543429844097995e-06	0.0011670378619153675
B18	F60	30	228	1063	55809	1.2936251928842445e-16	4.4543429844097995e-06	0.0011714922048997774
F42	F50	17	97	557	55809	1.3739455966517782e-16	4.4543429844097995e-06	0.001175946547884187
N19	I10	12	36	484	55809	1.6380364507014926e-16	4.4543429844097995e-06	0.0011804008908685968
K08	K12	13	115	188	55809	1.709656698307848e-16	4.4543429844097995e-06	0.0011848552338530067
B18	F14	10	228	35	55809	1.7820656883153081e-16	4.4543429844097995e-06	0.0011893095768374165
F17	I26	28	976	214	55809	1.8163423705337282e-16	4.4543429844097995e-06	0.0011937639198218264
K50	K56	22	444	253	55809	1.8531333909123158e-16	4.4543429844097995e-06	0.001198218262806236
F45	F60	38	384	1063	55809	1.9719974677064075e-16	4.4543429844097995e-06	0.0012026726057906458
N84	N97	38	305	1349	55809	1.9768214642516718e-16	4.4543429844097995e-06	0.0012071269487750557
F12	F32	29	157	1483	55809	2.0478413227660876e-16	4.4543429844097995e-06	0.0012115812917594655
K56	K66	18	253	253	55809	2.0909756627824468e-16	4.4543429844097995e-06	0.0012160356347438754
K29	K58	35	1682	211	55809	2.7061199967846627e-16	4.4543429844097995e-06	0.001220489977728285
N92	D25	28	657	319	55809	2.7631552393925265e-16	4.4543429844097995e-06	0.0012249443207126948
F11	F43	41	310	1570	55809	2.7818442815496755e-16	4.4543429844097995e-06	0.0012293986636971047
E74	K29	26	111	1682	55809	3.13813366938782e-16	4.4543429844097995e-06	0.0012338530066815145
M23	M67	46	710	852	55809	3.7199242979264975e-16	4.4543429844097995e-06	0.0012383073496659244
F32	G40	63	1483	728	55809	4.295039143895457e-16	4.4543429844097995e-06	0.001242761692650334
M22	M24	14	192	157	55809	4.569936121718991e-16	4.4543429844097995e-06	0.0012472160356347438
F44	G40	22	165	728	55809	5.541579981267813e-16	4.4543429844097995e-06	0.0012516703786191537
N04	M32	7	19	82	55809	5.647331474329592e-16	4.4543429844097995e-06	0.0012561247216035635
E78	F32	44	383	1483	55809	5.740725075670087e-16	4.4543429844097995e-06	0.0012605790645879734
H65	H66	11	83	152	55809	5.774350642211079e-16	4.4543429844097995e-06	0.001265033407572383
N17	A41	8	47	65	55809	6.566669672261694e-16	4.4543429844097995e-06	0.0012694877505567928
N18	M32	10	106	82	55809	7.543015132818901e-16	4.4543429844097995e-06	0.0012739420935412027
F32	F42	23	1483	97	55809	8.418188666619454e-16	4.4543429844097995e-06	0.0012783964365256125
N19	I15	6	36	18	55809	8.57108470286051e-16	4.4543429844097995e-06	0.0012828507795100224
F12	F43	29	157	1570	55809	8.916459980831579e-16	4.4543429844097995e-06	0.001287305122494432
M06	M08	7	74	22	55809	9.032835745405626e-16	4.4543429844097995e-06	0.0012917594654788418
C71	D43	7	30	53	55809	9.22816942411961e-16	4.4543429844097995e-06	0.0012962138084632517
G40	G41	10	728	16	55809	1.00121612665574e-15	4.4543429844097995e-06	0.0013006681514476615
N73	K66	22	485	253	55809	1.1496461317646964e-15	4.4543429844097995e-06	0.0013051224944320712
G80	G82	7	29	57	55809	1.21269062130427e-15	4.4543429844097995e-06	0.001309576837416481
F13	F41	27	292	703	55809	1.3386103918039216e-15	4.4543429844097995e-06	0.0013140311804008909
N03	N18	7	17	106	55809	1.395240765299235e-15	4.4543429844097995e-06	0.0013184855233853007
K02	K08	12	165	115	55809	1.4081034658592872e-15	4.4543429844097995e-06	0.0013229398663697105
E84	K74	6	35	20	55809	1.4902523285077857e-15	4.4543429844097995e-06	0.0013273942093541202
D63	D69	8	28	127	55809	1.719244184230348e-15	4.4543429844097995e-06	0.00133184855233853
M20	M77	15	453	96	55809	2.494071189853639e-15	4.4543429844097995e-06	0.0013363028953229399
H90	H93	13	85	325	55809	3.533011341108e-15	4.4543429844097995e-06	0.0013407572383073497
K01	K09	13	597	49	55809	3.896371707744909e-15	4.4543429844097995e-06	0.0013452115812917595
I34	I35	6	53	16	55809	4.350464506661724e-15	4.4543429844097995e-06	0.0013496659242761692
N03	I10	9	17	484	55809	5.890156188328923e-15	4.4543429844097995e-06	0.001354120267260579
F41	F42	17	703	97	55809	6.2015338480039166e-15	4.4543429844097995e-06	0.0013585746102449889
E04	E05	20	395	264	55809	6.786016657293907e-15	4.4543429844097995e-06	0.0013630289532293987
N73	D27	29	485	529	55809	6.799059060624961e-15	4.4543429844097995e-06	0.0013674832962138085
M17	M22	9	38	192	55809	8.355848619599617e-15	4.4543429844097995e-06	0.0013719376391982182
F34	F43	20	73	1570	55809	8.900078550251062e-15	4.4543429844097995e-06	0.001376391982182628
D68	I26	13	137	214	55809	9.437755151014839e-15	4.4543429844097995e-06	0.0013808463251670379
M42	M54	15	44	1200	55809	1.1436780294452301e-14	4.4543429844097995e-06	0.0013853006681514477
F25	F60	23	149	1063	55809	1.3855983132565156e-14	4.4543429844097995e-06	0.0013897550111358575
I10	M32	14	484	82	55809	1.4503393244143113e-14	4.4543429844097995e-06	0.0013942093541202672
M20	M21	14	453	88	55809	1.6432996372118004e-14	4.4543429844097995e-06	0.001398663697104677
N18	D59	7	106	23	55809	1.7424916830036587e-14	4.4543429844097995e-06	0.0014031180400890869
K76	K80	31	205	1543	55809	1.8445502554524373e-14	4.4543429844097995e-06	0.0014075723830734967
E11	K76	12	116	205	55809	2.146048778795669e-14	4.4543429844097995e-06	0.0014120267260579065
N04	I10	9	19	484	55809	2.2041127724798804e-14	4.4543429844097995e-06	0.0014164810690423162
K01	K02	19	597	165	55809	2.422113643044324e-14	4.4543429844097995e-06	0.001420935412026726
N39	A41	20	1906	65	55809	2.754977447729371e-14	4.4543429844097995e-06	0.0014253897550111359
D86	L52	7	47	53	55809	2.8160760271189805e-14	4.4543429844097995e-06	0.0014298440979955457
N60	D24	16	103	610	55809	3.190842636350073e-14	4.4543429844097995e-06	0.0014342984409799555
F33	F70	16	693	93	55809	4.232504286306729e-14	4.4543429844097995e-06	0.0014387527839643652
H66	H90	10	152	85	55809	4.369163207680364e-14	4.4543429844097995e-06	0.001443207126948775
F23	F61	13	237	141	55809	5.1283226348978405e-14	4.4543429844097995e-06	0.0014476614699331849
M23	M66	10	710	22	55809	5.877035257316028e-14	4.4543429844097995e-06	0.0014521158129175947
E73	K58	13	160	211	55809	5.976230470763036e-14	4.4543429844097995e-06	0.0014565701559020045
N80	D25	36	1393	319	55809	6.89903842526017e-14	4.4543429844097995e-06	0.0014610244988864142
K29	K92	36	1682	268	55809	8.500194626591907e-14	4.4543429844097995e-06	0.001465478841870824
K29	K59	60	1682	666	55809	8.647089814573048e-14	4.4543429844097995e-06	0.0014699331848552339
M22	M25	14	192	230	55809	9.351619433478241e-14	4.4543429844097995e-06	0.0014743875278396437
H80	H90	7	35	85	55809	9.589721806095906e-14	4.4543429844097995e-06	0.0014788418708240535
E14	H36	6	73	19	55809	1.0862499255435834e-13	4.4543429844097995e-06	0.0014832962138084632
M47	M51	14	82	562	55809	1.1033016987845874e-13	4.4543429844097995e-06	0.001487750556792873
F50	L70	14	557	83	55809	1.1654057259431145e-13	4.4543429844097995e-06	0.0014922048997772829
N19	D64	9	36	273	55809	1.1784279041981867e-13	4.4543429844097995e-06	0.0014966592427616927
K80	K82	15	1543	41	55809	1.2736178661821072e-13	4.4543429844097995e-06	0.0015011135857461025
F12	F33	19	157	693	55809	1.3576701149421823e-13	4.4543429844097995e-06	0.0015055679287305122
E66	F32	84	1301	1483	55809	1.390229938801872e-13	4.4543429844097995e-06	0.001510022271714922
K56	K63	13	253	143	55809	1.4221764484945314e-13	4.4543429844097995e-06	0.0015144766146993319
I15	M32	6	18	82	55809	1.527837137620545e-13	4.4543429844097995e-06	0.0015189309576837417
M54	M62	16	1200	61	55809	1.5496182909007446e-13	4.4543429844097995e-06	0.0015233853006681515
C50	L90	11	79	270	55809	1.8715579255336223e-13	4.4543429844097995e-06	0.0015278396436525612
N94	N97	55	730	1349	55809	2.0072100673302733e-13	4.4543429844097995e-06	0.001532293986636971
H52	H53	11	222	99	55809	2.851774895372968e-13	4.4543429844097995e-06	0.0015367483296213809
L90	L91	11	270	82	55809	2.8631000250805374e-13	4.4543429844097995e-06	0.0015412026726057907
F42	F43	21	97	1570	55809	3.0946089741778743e-13	4.4543429844097995e-06	0.0015456570155902005
N04	E78	8	19	383	55809	3.2360769232910637e-13	4.4543429844097995e-06	0.0015501113585746102
F33	F44	19	693	165	55809	3.3707890489568167e-13	4.4543429844097995e-06	0.00155456570155902
J39	M95	12	69	446	55809	3.4216770990006505e-13	4.4543429844097995e-06	0.0015590200445434299
F40	F43	19	78	1570	55809	4.2728047847569373e-13	4.4543429844097995e-06	0.0015634743875278397
B94	F32	10	15	1483	55809	4.5325322929680545e-13	4.4543429844097995e-06	0.0015679287305122493
I45	I47	10	79	207	55809	4.56446897550343e-13	4.4543429844097995e-06	0.0015723830734966592
F19	F50	27	468	557	55809	4.621856092433853e-13	4.4543429844097995e-06	0.001576837416481069
K29	K52	100	1682	1521	55809	4.65039815662694e-13	4.4543429844097995e-06	0.0015812917594654789
H35	I10	13	84	484	55809	4.784548884095956e-13	4.4543429844097995e-06	0.0015857461024498887
K83	K85	9	58	191	55809	4.908037266034559e-13	4.4543429844097995e-06	0.0015902004454342983
I80	I82	11	255	91	55809	5.003222947069261e-13	4.4543429844097995e-06	0.0015946547884187082
K10	K12	9	59	188	55809	5.004265436552745e-13	4.4543429844097995e-06	0.001599109131403118
N80	E28	35	1393	323	55809	5.061343509398573e-13	4.4543429844097995e-06	0.0016035634743875279
F55	F60	12	33	1063	55809	5.267209932812679e-13	4.4543429844097995e-06	0.0016080178173719377
F17	F43	71	976	1570	55809	6.102778338313219e-13	4.4543429844097995e-06	0.0016124721603563473
K85	K86	8	191	38	55809	7.271932770383456e-13	4.4543429844097995e-06	0.0016169265033407572
H65	H90	8	83	85	55809	7.421051345402789e-13	4.4543429844097995e-06	0.001621380846325167
I63	I69	6	63	29	55809	7.539585509034804e-13	4.4543429844097995e-06	0.0016258351893095769
D27	D39	15	529	121	55809	7.916768163178108e-13	4.4543429844097995e-06	0.0016302895322939867
F17	I80	26	976	255	55809	8.25051411100703e-13	4.4543429844097995e-06	0.0016347438752783963
N91	N97	21	117	1349	55809	8.327355348863333e-13	4.4543429844097995e-06	0.0016391982182628062
N83	D39	26	2155	121	55809	8.681759624414146e-13	4.4543429844097995e-06	0.001643652561247216
F12	F20	13	157	267	55809	9.442184423439282e-13	4.4543429844097995e-06	0.0016481069042316259
N18	M31	6	106	19	55809	1.0813903151096657e-12	4.4543429844097995e-06	0.0016570155902004453
N04	N18	6	19	106	55809	1.0813903151096657e-12	4.4543429844097995e-06	0.0016525612472160357
M17	M23	11	38	710	55809	1.1528673770168283e-12	4.4543429844097995e-06	0.0016614699331848552
F40	F42	8	78	97	55809	1.3151948765250684e-12	4.4543429844097995e-06	0.001665924276169265
J30	J45	15	120	553	55809	1.3157734216617013e-12	4.4543429844097995e-06	0.0016703786191536749
E78	E79	9	383	34	55809	1.3858086974408227e-12	4.4543429844097995e-06	0.0016748329621380847
D35	E22	6	59	34	55809	1.411817432836313e-12	4.4543429844097995e-06	0.0016792873051224943
F32	K29	97	1483	1682	55809	1.413663728373513e-12	4.4543429844097995e-06	0.0016837416481069042
N10	N13	39	869	651	55809	1.4220628050581092e-12	4.4543429844097995e-06	0.001688195991091314
L20	L30	9	176	74	55809	2.32596425781574e-12	4.4543429844097995e-06	0.0016926503340757239
F32	F44	25	1483	165	55809	2.480851264188951e-12	4.4543429844097995e-06	0.0016971046770601337
F19	F23	18	468	237	55809	2.533026229508041e-12	4.4543429844097995e-06	0.0017015590200445433
L30	L85	6	74	30	55809	2.5569017113418376e-12	4.4543429844097995e-06	0.0017060133630289532
B18	F10	24	228	974	55809	2.998742924304224e-12	4.4543429844097995e-06	0.001710467706013363
F13	F50	21	292	557	55809	3.0127373611002275e-12	4.4543429844097995e-06	0.0017149220489977729
D63	M32	6	28	82	55809	3.0646097105812395e-12	4.4543429844097995e-06	0.0017193763919821827
K04	K08	10	171	115	55809	3.158355867487669e-12	4.4543429844097995e-06	0.0017238307349665923
C71	G40	10	30	728	55809	3.1864538403931884e-12	4.4543429844097995e-06	0.0017282850779510022
M32	M35	7	82	58	55809	3.218719681186424e-12	4.4543429844097995e-06	0.001732739420935412
E11	E14	8	116	73	55809	3.2730504522246158e-12	4.4543429844097995e-06	0.0017371937639198219
H61	H71	6	46	50	55809	3.4531381198631875e-12	4.4543429844097995e-06	0.0017416481069042317
K62	K92	13	174	268	55809	3.688997811222339e-12	4.4543429844097995e-06	0.0017461024498886413
E78	F33	26	383	693	55809	4.2288996885185894e-12	4.4543429844097995e-06	0.0017505567928730512
N92	N94	35	657	730	55809	4.241994319303916e-12	4.4543429844097995e-06	0.001755011135857461
B94	G40	8	15	728	55809	4.790347312697908e-12	4.4543429844097995e-06	0.0017594654788418709
F20	F61	12	267	141	55809	5.1737952759176455e-12	4.4543429844097995e-06	0.0017639198218262807
D64	I10	19	273	484	55809	5.22077926076975e-12	4.4543429844097995e-06	0.0017683741648106903
N80	N99	15	1393	56	55809	5.261907658297778e-12	4.4543429844097995e-06	0.0017728285077951002
M43	M54	13	44	1200	55809	5.514711564240268e-12	4.4543429844097995e-06	0.00177728285077951
K50	K61	15	444	164	55809	5.74093599617762e-12	4.4543429844097995e-06	0.0017817371937639199
N02	N23	7	19	303	55809	6.181654083361942e-12	4.4543429844097995e-06	0.0017861915367483297
D43	H53	7	53	99	55809	6.4203781093145116e-12	4.4543429844097995e-06	0.0017906458797327393
F32	F34	17	1483	73	55809	6.513952614856497e-12	4.4543429844097995e-06	0.0017951002227171492
E66	K29	87	1301	1682	55809	6.575903650781951e-12	4.4543429844097995e-06	0.001799554565701559
E10	I10	18	243	484	55809	6.719544687116351e-12	4.4543429844097995e-06	0.0018040089086859689
D50	E03	27	627	467	55809	6.757261909379993e-12	4.4543429844097995e-06	0.0018084632516703787
F10	F61	19	974	141	55809	7.100080246398781e-12	4.4543429844097995e-06	0.0018129175946547883
C49	D48	9	34	462	55809	7.376687493169661e-12	4.4543429844097995e-06	0.0018173719376391982
F45	G44	21	384	445	55809	7.961133650977594e-12	4.4543429844097995e-06	0.001821826280623608
I73	M35	6	46	58	55809	8.752376899145368e-12	4.4543429844097995e-06	0.0018262806236080179
F17	F41	42	976	703	55809	8.90587423796791e-12	4.4543429844097995e-06	0.0018307349665924277
J31	J35	15	43	1983	55809	1.0216834766207736e-11	4.4543429844097995e-06	0.0018351893095768373
F44	F70	9	165	93	55809	1.0767216813200154e-11	4.4543429844097995e-06	0.0018396436525612472
K50	K63	14	444	143	55809	1.1616573800980153e-11	4.4543429844097995e-06	0.001844097995545657
F44	F45	14	165	384	55809	1.1873969994011073e-11	4.4543429844097995e-06	0.0018485523385300669
F11	F33	23	310	693	55809	1.224441197186487e-11	4.4543429844097995e-06	0.0018530066815144767
F10	F14	11	974	35	55809	1.2318589598263897e-11	4.4543429844097995e-06	0.0018574610244988863
B18	B20	6	228	14	55809	1.2717034130087573e-11	4.4543429844097995e-06	0.0018619153674832962
E66	K44	32	1301	327	55809	1.2830404769807696e-11	4.4543429844097995e-06	0.001866369710467706
F70	F79	6	93	31	55809	1.2937358508653984e-11	4.4543429844097995e-06	0.0018708240534521159
M53	M54	22	166	1200	55809	1.3115036957969478e-11	4.4543429844097995e-06	0.0018752783964365255
D59	I10	8	23	484	55809	1.3213259212537218e-11	4.4543429844097995e-06	0.0018797327394209353
N18	D63	6	106	28	55809	1.4809340542841683e-11	4.4543429844097995e-06	0.0018841870824053452
K35	K37	32	1790	242	55809	1.5270599522146497e-11	4.4543429844097995e-06	0.001888641425389755
M51	M99	9	562	31	55809	1.654116630855436e-11	4.4543429844097995e-06	0.0018930957683741649
K50	K52	41	444	1521	55809	1.658910343585768e-11	4.4543429844097995e-06	0.0018975501113585745
H44	H52	6	15	222	55809	1.798194983569882e-11	4.4543429844097995e-06	0.0019020044543429843
E10	E78	16	243	383	55809	1.8406937117685002e-11	4.4543429844097995e-06	0.0019064587973273942
K04	K12	11	171	188	55809	1.949020118206e-11	4.4543429844097995e-06	0.001910913140311804
E66	K21	38	1301	455	55809	1.9555815694479803e-11	4.4543429844097995e-06	0.0019153674832962139
K22	K92	9	63	268	55809	2.239968881917007e-11	4.4543429844097995e-06	0.0019198218262806235
N10	A41	13	869	65	55809	2.2563509056546465e-11	4.4543429844097995e-06	0.0019242761692650334
M21	M22	9	88	192	55809	2.5265886427421296e-11	4.4543429844097995e-06	0.0019287305122494432
K01	K12	17	597	188	55809	2.8369224776928453e-11	4.4543429844097995e-06	0.001933184855233853
F17	J44	12	976	48	55809	2.9924589270941476e-11	4.4543429844097995e-06	0.0019376391982182629
N85	N88	11	208	161	55809	3.0180336042406616e-11	4.4543429844097995e-06	0.0019420935412026725
F14	F60	11	35	1063	55809	3.125290298802506e-11	4.4543429844097995e-06	0.0019465478841870824
E66	J45	42	1301	553	55809	3.5927858698013895e-11	4.4543429844097995e-06	0.0019510022271714922
N86	N92	16	150	657	55809	3.629223041601426e-11	4.4543429844097995e-06	0.001955456570155902
E03	F32	41	467	1483	55809	3.7007622161687205e-11	4.4543429844097995e-06	0.0019599109131403117
I10	I35	7	484	16	55809	3.7784734438120674e-11	4.4543429844097995e-06	0.0019643652561247217
K61	L02	15	164	509	55809	3.903232908743884e-11	4.4543429844097995e-06	0.0019688195991091314
N62	N64	15	398	209	55809	3.9933773541636235e-11	4.4543429844097995e-06	0.0019732739420935414
N64	L90	13	209	270	55809	4.0861277959157217e-11	4.4543429844097995e-06	0.001977728285077951
F23	F60	24	237	1063	55809	4.131167643229097e-11	4.4543429844097995e-06	0.0019821826280623607
F41	F50	30	703	557	55809	4.514890279043206e-11	4.4543429844097995e-06	0.0019866369710467707
K25	K29	17	73	1682	55809	4.6181168806734716e-11	4.4543429844097995e-06	0.0019910913140311804
I73	M81	6	46	76	55809	4.675389583631835e-11	4.4543429844097995e-06	0.00199554565701559
L50	L85	7	241	30	55809	4.799534158857317e-11	4.4543429844097995e-06	0.002
N97	N99	14	1349	56	55809	4.900109902721585e-11	4.4543429844097995e-06	0.0020044543429844097
N32	N35	6	27	135	55809	5.083840516597248e-11	4.4543429844097995e-06	0.0020089086859688197
M42	M47	6	44	82	55809	5.635928214262073e-11	4.4543429844097995e-06	0.0020133630289532294
C50	D48	11	79	462	55809	6.057863714867319e-11	4.4543429844097995e-06	0.002017817371937639
K29	K63	23	1682	143	55809	6.322731277448677e-11	4.4543429844097995e-06	0.002022271714922049
H81	H93	15	264	325	55809	6.356397722439369e-11	4.4543429844097995e-06	0.0020267260579064587
C50	D24	12	79	610	55809	6.874094097604196e-11	4.4543429844097995e-06	0.0020311804008908687
F31	F32	27	224	1483	55809	7.818341355475061e-11	4.4543429844097995e-06	0.0020356347438752784
E41	F50	6	9	557	55809	7.879442817977406e-11	4.4543429844097995e-06	0.002040089086859688
J45	J46	8	553	25	55809	8.241840521177417e-11	4.4543429844097995e-06	0.002044543429844098
F32	M54	73	1483	1200	55809	8.534658723120469e-11	4.4543429844097995e-06	0.0020489977728285077
M25	M67	21	230	852	55809	8.58017359797216e-11	4.4543429844097995e-06	0.0020534521158129177
N73	N94	28	485	730	55809	9.668194462904828e-11	4.4543429844097995e-06	0.0020579064587973274
E65	L57	6	164	25	55809	9.930142337103168e-11	4.4543429844097995e-06	0.002062360801781737
K63	K65	7	143	54	55809	1.0011113630733017e-10	4.4543429844097995e-06	0.002066815144766147
K21	K22	10	455	63	55809	1.0219501378984627e-10	4.4543429844097995e-06	0.0020712694877505567
K00	K01	8	24	597	55809	1.0352278367850766e-10	4.4543429844097995e-06	0.0020757238307349667
F22	F23	7	34	237	55809	1.1118391615526166e-10	4.4543429844097995e-06	0.0020801781737193764
F61	F70	8	141	93	55809	1.1539586289386073e-10	4.4543429844097995e-06	0.002084632516703786
L90	L98	8	270	50	55809	1.2180930174372499e-10	4.4543429844097995e-06	0.002089086859688196
F17	F50	35	976	557	55809	1.253641240603215e-10	4.4543429844097995e-06	0.0020935412026726057
D64	E87	12	273	181	55809	1.259404526903012e-10	4.4543429844097995e-06	0.0020979955456570157
M24	M93	8	157	85	55809	1.3122184339052313e-10	4.4543429844097995e-06	0.0021024498886414254
G43	G45	11	734	55	55809	1.338380638819109e-10	4.4543429844097995e-06	0.002106904231625835
N70	A56	11	918	45	55809	1.3708317608398114e-10	4.4543429844097995e-06	0.002111358574610245
N92	D50	30	657	627	55809	1.5352179121368757e-10	4.4543429844097995e-06	0.0021158129175946547
H83	H91	9	64	328	55809	1.5545442781341803e-10	4.4543429844097995e-06	0.0021202672605790647
F19	F20	17	468	267	55809	1.6445867860225919e-10	4.4543429844097995e-06	0.0021247216035634744
M22	M67	19	192	852	55809	1.7020287536703527e-10	4.4543429844097995e-06	0.002129175946547884
F25	F70	8	149	93	55809	1.7948056054050315e-10	4.4543429844097995e-06	0.002133630289532294
I10	I11	6	484	11	55809	1.8369484497534675e-10	4.4543429844097995e-06	0.0021380846325167037
G40	G82	11	728	57	55809	1.8485438996050401e-10	4.4543429844097995e-06	0.0021425389755011137
H26	H33	6	37	120	55809	1.9170695056339412e-10	4.4543429844097995e-06	0.0021469933184855234
J18	J96	9	460	48	55809	2.0492995349880188e-10	4.4543429844097995e-06	0.002151447661469933
I47	I48	7	207	42	55809	2.1076444315600618e-10	4.4543429844097995e-06	0.002155902004454343
N83	N99	16	2155	56	55809	2.224783695642684e-10	4.4543429844097995e-06	0.0021603563474387527
E03	I10	22	467	484	55809	2.2354399072056693e-10	4.4543429844097995e-06	0.0021648106904231627
M87	M89	6	73	63	55809	2.5997826769488086e-10	4.4543429844097995e-06	0.0021692650334075724
N17	I10	9	47	484	55809	2.622202700067267e-10	4.4543429844097995e-06	0.002173719376391982
F13	F61	11	292	141	55809	2.6830099348549364e-10	4.4543429844097995e-06	0.002178173719376392
J03	J36	19	583	286	55809	2.7270498472116856e-10	4.4543429844097995e-06	0.0021826280623608017
E65	E88	7	164	56	55809	3.417353622011157e-10	4.4543429844097995e-06	0.0021870824053452117
N10	N20	33	869	587	55809	3.833158477935151e-10	4.4543429844097995e-06	0.0021915367483296214
E86	I95	11	123	348	55809	3.9161244565795284e-10	4.4543429844097995e-06	0.002195991091314031
F32	G44	38	1483	445	55809	4.195867307716705e-10	4.4543429844097995e-06	0.002200445434298441
F79	K02	6	31	165	55809	4.220593218444378e-10	4.4543429844097995e-06	0.0022048997772828507
F14	F19	8	35	468	55809	4.44635189816157e-10	4.4543429844097995e-06	0.0022093541202672607
J01	J32	17	207	649	55809	4.6206419797246425e-10	4.4543429844097995e-06	0.0022138084632516704
I49	I51	6	102	50	55809	4.779689900961622e-10	4.4543429844097995e-06	0.00221826280623608
H18	H52	7	44	222	55809	4.84641444124726e-10	4.4543429844097995e-06	0.00222271714922049
M43	M51	9	44	562	55809	5.178492034055365e-10	4.4543429844097995e-06	0.0022271714922048997
B19	F19	6	13	468	55809	5.498794272551359e-10	4.4543429844097995e-06	0.0022316258351893097
E11	H35	7	116	84	55809	5.535595165191401e-10	4.4543429844097995e-06	0.0022360801781737194
E65	M62	7	164	61	55809	6.349898986424881e-10	4.4543429844097995e-06	0.002240534521158129
M22	M93	8	192	85	55809	6.502840685189009e-10	4.4543429844097995e-06	0.002244988864142539
M06	M13	6	74	74	55809	7.618830255848556e-10	4.4543429844097995e-06	0.0022494432071269487
H52	H57	6	222	26	55809	7.974994469179276e-10	4.4543429844097995e-06	0.0022538975501113587
E14	I10	10	73	484	55809	8.368588981120381e-10	4.4543429844097995e-06	0.0022583518930957684
K62	K63	9	174	143	55809	8.419018685167654e-10	4.4543429844097995e-06	0.002262806236080178
M25	M65	13	230	314	55809	8.503688740622861e-10	4.4543429844097995e-06	0.002267260579064588
A48	J03	7	20	583	55809	9.024870526862847e-10	4.4543429844097995e-06	0.0022717149220489977
F19	F31	15	468	224	55809	9.820721719670387e-10	4.4543429844097995e-06	0.0022761692650334077
F17	J18	30	976	460	55809	1.0993621034674806e-09	4.4543429844097995e-06	0.0022806236080178174
N60	D48	11	103	462	55809	1.1190714393274914e-09	4.4543429844097995e-06	0.002285077951002227
D68	D69	8	137	127	55809	1.1243263273116224e-09	4.4543429844097995e-06	0.002289532293986637
K35	K65	14	1790	54	55809	1.1306128519651797e-09	4.4543429844097995e-06	0.0022939866369710467
N91	F11	10	117	310	55809	1.2770242872588489e-09	4.4543429844097995e-06	0.0022984409799554567
D68	L93	6	137	44	55809	1.2809635570077654e-09	4.4543429844097995e-06	0.0023028953229398664
K20	K29	9	19	1682	55809	1.4124680850073324e-09	4.4543429844097995e-06	0.002307349665924276
F20	F33	19	267	693	55809	1.4879547307411573e-09	4.4543429844097995e-06	0.002311804008908686
E66	I26	23	1301	214	55809	1.5455298840873236e-09	4.4543429844097995e-06	0.0023162583518930957
H53	I63	6	99	63	55809	1.6727638861155663e-09	4.4543429844097995e-06	0.0023207126948775057
J18	J45	22	460	553	55809	1.9948237685630764e-09	4.4543429844097995e-06	0.0023251670378619154
I10	I42	7	484	26	55809	2.015696142838864e-09	4.4543429844097995e-06	0.002329621380846325
H66	H91	11	152	328	55809	2.0260747730920054e-09	4.4543429844097995e-06	0.002334075723830735
B96	K29	10	26	1682	55809	2.0586044309015293e-09	4.4543429844097995e-06	0.0023385300668151447
D22	L85	6	228	30	55809	2.380881449473451e-09	4.4543429844097995e-06	0.0023429844097995547
N18	E87	8	106	181	55809	2.409569325076406e-09	4.4543429844097995e-06	0.0023474387527839644
E78	K29	36	383	1682	55809	2.4702196791713015e-09	4.4543429844097995e-06	0.002351893095768374
K21	K58	14	455	211	55809	2.799332579057949e-09	4.4543429844097995e-06	0.002356347438752784
D50	D64	18	627	273	55809	2.8257392764978355e-09	4.4543429844097995e-06	0.0023608017817371937
F45	F50	20	384	557	55809	2.8992212554081096e-09	4.4543429844097995e-06	0.0023652561247216037
M24	M67	16	157	852	55809	3.0338945890583137e-09	4.4543429844097995e-06	0.0023697104677060134
D50	D89	6	627	13	55809	3.1511747794143993e-09	4.4543429844097995e-06	0.002374164810690423
F11	F50	18	310	557	55809	3.31809584003368e-09	4.4543429844097995e-06	0.002378619153674833
E66	F33	44	1301	693	55809	3.4259704562374568e-09	4.4543429844097995e-06	0.0023830734966592427
F70	G40	12	93	728	55809	3.5282211172844323e-09	4.4543429844097995e-06	0.0023875278396436527
E66	E79	10	1301	34	55809	3.6105873216964433e-09	4.4543429844097995e-06	0.0023919821826280624
I26	J90	7	214	61	55809	4.04258184926892e-09	4.4543429844097995e-06	0.002396436525612472
N10	N15	8	869	26	55809	4.079942826376786e-09	4.4543429844097995e-06	0.002400890868596882
F41	I10	25	703	484	55809	4.325156448184515e-09	4.4543429844097995e-06	0.0024053452115812917
N13	A41	10	651	65	55809	4.381040438557005e-09	4.4543429844097995e-06	0.0024097995545657017
E03	E11	11	467	116	55809	4.475855343132282e-09	4.4543429844097995e-06	0.0024142538975501114
G04	G35	7	40	341	55809	4.687623106579967e-09	4.4543429844097995e-06	0.002418708240534521
N05	I10	6	17	484	55809	4.7081781813130706e-09	4.4543429844097995e-06	0.002423162583518931
F79	G40	8	31	728	55809	4.884508100832422e-09	4.4543429844097995e-06	0.0024276169265033407
K56	K65	7	253	54	55809	5.347266696042257e-09	4.4543429844097995e-06	0.0024320712694877508
B18	F33	17	228	693	55809	5.366759913583344e-09	4.4543429844097995e-06	0.0024365256124721604
D50	E61	10	627	69	55809	5.595399471758542e-09	4.4543429844097995e-06	0.00244097995545657
G35	G37	7	341	41	55809	5.623184553248749e-09	4.4543429844097995e-06	0.00244543429844098
K02	K12	9	165	188	55809	5.8669147266645416e-09	4.4543429844097995e-06	0.0024498886414253897
N10	N12	18	869	210	55809	6.972568765201627e-09	4.4543429844097995e-06	0.0024543429844097998
F83	G40	6	13	728	55809	7.662059281582255e-09	4.4543429844097995e-06	0.0024587973273942094
E86	E87	8	123	181	55809	7.852155056826351e-09	4.4543429844097995e-06	0.002463251670378619
L02	L74	7	509	30	55809	8.55376298577152e-09	4.4543429844097995e-06	0.002467706013363029
D61	D64	6	31	273	55809	8.615988724193232e-09	4.4543429844097995e-06	0.0024721603563474387
K21	K25	9	455	73	55809	9.00143522240154e-09	4.4543429844097995e-06	0.0024766146993318488
D69	A41	6	127	65	55809	9.120137494883533e-09	4.4543429844097995e-06	0.0024810690423162584
I83	I87	8	899	28	55809	1.0271316788323884e-08	4.4543429844097995e-06	0.002485523385300668
F17	F33	36	976	693	55809	1.0782348489472726e-08	4.4543429844097995e-06	0.002489977728285078
F25	F31	9	149	224	55809	1.1027787200642431e-08	4.4543429844097995e-06	0.0024944320712694877
B18	G40	17	228	728	55809	1.1043196468375606e-08	4.4543429844097995e-06	0.0024988864142538978
K50	K65	8	444	54	55809	1.1384833774737174e-08	4.4543429844097995e-06	0.0025033407572383074
F60	G40	39	1063	728	55809	1.161496209161128e-08	4.4543429844097995e-06	0.002507795100222717
F12	F25	8	157	149	55809	1.165857708258595e-08	4.4543429844097995e-06	0.002512249443207127
D68	I63	6	137	63	55809	1.1867294803705414e-08	4.4543429844097995e-06	0.0025167037861915367
N26	N39	9	21	1906	55809	1.2572127962277084e-08	4.4543429844097995e-06	0.0025211581291759468
E78	I63	8	383	63	55809	1.2745884793398543e-08	4.4543429844097995e-06	0.0025256124721603564
G40	J69	7	728	23	55809	1.2768075422886694e-08	4.4543429844097995e-06	0.002530066815144766
F34	F60	12	73	1063	55809	1.356811753560526e-08	4.4543429844097995e-06	0.002534521158129176
F17	I10	29	976	484	55809	1.368945652986579e-08	4.4543429844097995e-06	0.0025389755011135857
N64	E65	9	209	164	55809	1.3964236092788367e-08	4.4543429844097995e-06	0.0025434298440979958
E24	I10	6	20	484	55809	1.442351953052798e-08	4.4543429844097995e-06	0.0025478841870824054
E28	E66	27	323	1301	55809	1.512234484468359e-08	4.4543429844097995e-06	0.002552338530066815
F43	F55	10	1570	33	55809	1.5477329040081555e-08	4.4543429844097995e-06	0.002556792873051225
E79	I10	7	34	484	55809	1.5526024413722742e-08	4.4543429844097995e-06	0.0025612472160356347
F14	F32	10	35	1483	55809	1.7069510920486678e-08	4.4543429844097995e-06	0.0025657015590200448
I10	I34	8	484	53	55809	1.9019487987623915e-08	4.4543429844097995e-06	0.0025701559020044544
E73	M41	7	160	102	55809	2.0496752758711993e-08	4.4543429844097995e-06	0.002574610244988864
N18	N39	18	106	1906	55809	2.0497580257000895e-08	4.4543429844097995e-06	0.002579064587973274
F33	F34	10	693	73	55809	2.5132367971683048e-08	4.4543429844097995e-06	0.0025835189309576837
J20	J45	15	242	553	55809	2.5901521847870417e-08	4.4543429844097995e-06	0.0025879732739420933
F60	F99	8	1063	27	55809	2.7174000463832005e-08	4.4543429844097995e-06	0.0025924276169265034
F17	K76	18	976	205	55809	2.7913111146049843e-08	4.4543429844097995e-06	0.002596881959910913
F10	B17	9	974	41	55809	3.0751206853299715e-08	4.4543429844097995e-06	0.002601336302895323
K21	K63	11	455	143	55809	3.086767243550925e-08	4.4543429844097995e-06	0.0026057906458797327
D50	M32	10	627	82	55809	3.08892538532151e-08	4.4543429844097995e-06	0.0026102449888641423
N73	E28	16	485	323	55809	3.331904136081929e-08	4.4543429844097995e-06	0.0026146993318485524
G54	M51	7	33	562	55809	3.445012948016517e-08	4.4543429844097995e-06	0.002619153674832962
E03	F60	29	467	1063	55809	3.934552357152969e-08	4.4543429844097995e-06	0.002623608017817372
K22	K29	13	63	1682	55809	4.161979457571044e-08	4.4543429844097995e-06	0.0026280623608017817
F17	J93	14	976	124	55809	4.193782425165384e-08	4.4543429844097995e-06	0.0026325167037861913
B27	J03	11	116	583	55809	4.304533573654952e-08	4.4543429844097995e-06	0.0026369710467706014
N60	L90	8	103	270	55809	4.3244161881431665e-08	4.4543429844097995e-06	0.002641425389755011
F10	F41	35	974	703	55809	4.641110358444164e-08	4.4543429844097995e-06	0.002645879732739421
I10	I25	6	484	24	55809	4.863465553369594e-08	4.4543429844097995e-06	0.0026503340757238307
E04	E06	11	395	172	55809	4.9508265015070983e-08	4.4543429844097995e-06	0.0026547884187082403
J30	J35	19	120	1983	55809	5.0754750821237326e-08	4.4543429844097995e-06	0.0026592427616926504
E66	F60	55	1301	1063	55809	5.1250724112282844e-08	4.4543429844097995e-06	0.00266369710467706
N94	K66	17	730	253	55809	5.301510075004295e-08	4.4543429844097995e-06	0.00266815144766147
N91	F60	14	117	1063	55809	5.681739646036823e-08	4.4543429844097995e-06	0.0026726057906458797
E78	L90	13	383	270	55809	6.077823204857015e-08	4.4543429844097995e-06	0.0026770601336302893
N91	E03	10	117	467	55809	6.141861484823017e-08	4.4543429844097995e-06	0.0026815144766146994
F41	F48	9	703	60	55809	6.328319511132881e-08	4.4543429844097995e-06	0.002685968819599109
M25	M75	7	230	84	55809	6.373493529010422e-08	4.4543429844097995e-06	0.002690423162583519
M48	M51	6	22	562	55809	6.606474783143043e-08	4.4543429844097995e-06	0.0026948775055679287
F20	F32	25	267	1483	55809	6.720541082746923e-08	4.4543429844097995e-06	0.0026993318485523383
M25	M93	7	230	85	55809	6.921264330232186e-08	4.4543429844097995e-06	0.0027037861915367484
F12	F50	12	157	557	55809	7.130180577905784e-08	4.4543429844097995e-06	0.002708240534521158
K51	K62	9	239	174	55809	7.367396702149734e-08	4.4543429844097995e-06	0.002712694877505568
F23	F43	24	237	1570	55809	7.918797189095785e-08	4.4543429844097995e-06	0.0027171492204899777
D64	K29	27	273	1682	55809	8.307122291454927e-08	4.4543429844097995e-06	0.0027216035634743873
F19	F99	6	468	27	55809	8.586868599657297e-08	4.4543429844097995e-06	0.0027260579064587974
F33	L70	10	693	83	55809	8.802639917442353e-08	4.4543429844097995e-06	0.002730512249443207
F40	F50	9	78	557	55809	9.120569986764194e-08	4.4543429844097995e-06	0.002734966592427617
E10	H35	7	243	84	55809	9.265585153871042e-08	4.4543429844097995e-06	0.0027394209354120267
K22	K44	7	63	327	55809	9.285565489985339e-08	4.4543429844097995e-06	0.0027438752783964363
N62	L90	13	398	270	55809	9.466969314335373e-08	4.4543429844097995e-06	0.0027483296213808464
G40	G81	7	728	30	55809	9.794052055557792e-08	4.4543429844097995e-06	0.002752783964365256
D50	E78	19	627	383	55809	9.990837145423938e-08	4.4543429844097995e-06	0.002757238307349666
N18	E11	6	106	116	55809	1.0189616877948251e-07	4.4543429844097995e-06	0.0027616926503340757
D68	I82	6	137	91	55809	1.1004899638728316e-07	4.4543429844097995e-06	0.0027661469933184853
N83	N94	59	2155	730	55809	1.105897563854848e-07	4.4543429844097995e-06	0.0027706013363028954
L20	L23	6	176	72	55809	1.187142582571028e-07	4.4543429844097995e-06	0.002775055679287305
F43	F71	9	1570	31	55809	1.243280818089345e-07	4.4543429844097995e-06	0.002779510022271715
F71	G40	7	31	728	55809	1.2508185752154526e-07	4.4543429844097995e-06	0.0027839643652561247
I10	L90	14	484	270	55809	1.339490793435764e-07	4.4543429844097995e-06	0.0027884187082405343
M23	M93	10	710	85	55809	1.3842994922160622e-07	4.4543429844097995e-06	0.0027928730512249444
E11	F17	13	116	976	55809	1.3867222262727247e-07	4.4543429844097995e-06	0.002797327394209354
F32	F55	9	1483	33	55809	1.3988265193720759e-07	4.4543429844097995e-06	0.002801781737193764
N31	N39	12	52	1906	55809	1.4130233852579013e-07	4.4543429844097995e-06	0.0028062360801781737
K21	K76	12	455	205	55809	1.5000579655937082e-07	4.4543429844097995e-06	0.0028106904231625833
N91	F17	13	117	976	55809	1.5352557072761702e-07	4.4543429844097995e-06	0.0028151447661469934
F20	L70	7	267	83	55809	1.6145018813129702e-07	4.4543429844097995e-06	0.002819599109131403
F12	F61	7	157	141	55809	1.6795337570523117e-07	4.4543429844097995e-06	0.002824053452115813
B24	F19	7	49	468	55809	1.7673260589138838e-07	4.4543429844097995e-06	0.0028285077951002227
G44	I95	15	445	348	55809	1.778995030279458e-07	4.4543429844097995e-06	0.0028329621380846323
J30	J32	11	120	649	55809	1.786354244417854e-07	4.4543429844097995e-06	0.0028374164810690424
G44	M54	29	445	1200	55809	1.7873716294640095e-07	4.4543429844097995e-06	0.002841870824053452
I83	I86	6	899	17	55809	1.8275922300209063e-07	4.4543429844097995e-06	0.002846325167037862
F13	F40	7	292	78	55809	1.9210104288279328e-07	4.4543429844097995e-06	0.0028507795100222717
G40	G93	8	728	48	55809	1.9219574352686667e-07	4.4543429844097995e-06	0.0028552338530066813
D72	F50	8	62	557	55809	1.972821454810348e-07	4.4543429844097995e-06	0.0028596881959910914
K51	K52	23	239	1521	55809	2.1087328568470053e-07	4.4543429844097995e-06	0.002864142538975501
N91	F13	8	117	292	55809	2.12435454047619e-07	4.4543429844097995e-06	0.002868596881959911
M24	M94	6	157	89	55809	2.1576016774751845e-07	4.4543429844097995e-06	0.0028730512249443207
J02	J03	10	108	583	55809	2.2199460537482028e-07	4.4543429844097995e-06	0.0028775055679287303
M54	M99	8	1200	31	55809	2.2692699530501155e-07	4.4543429844097995e-06	0.0028819599109131404
F32	K70	7	1483	18	55809	2.2706941749256335e-07	4.4543429844097995e-06	0.00288641425389755
N19	N39	10	36	1906	55809	2.378392863780137e-07	4.4543429844097995e-06	0.00289086859688196
G82	K56	6	57	253	55809	2.445610584517865e-07	4.4543429844097995e-06	0.0028953229398663697
F45	G43	20	384	734	55809	2.60899664419533e-07	4.4543429844097995e-06	0.0028997772828507793
E03	E06	11	467	172	55809	2.63868598738066e-07	4.4543429844097995e-06	0.0029042316258351894
F32	L70	13	1483	83	55809	2.9445129054690097e-07	4.4543429844097995e-06	0.002908685968819599
F10	F15	7	974	27	55809	3.1606193006705393e-07	4.4543429844097995e-06	0.002913140311804009
N39	B37	23	1906	197	55809	3.3033847593351163e-07	4.4543429844097995e-06	0.0029175946547884187
F20	F70	7	267	93	55809	3.5370153462090676e-07	4.4543429844097995e-06	0.0029220489977728283
J01	J20	9	207	242	55809	3.574976607750588e-07	4.4543429844097995e-06	0.0029265033407572384
F34	F41	9	73	703	55809	3.593237392890469e-07	4.4543429844097995e-06	0.002930957683741648
N13	N28	7	651	40	55809	3.79893327241611e-07	4.4543429844097995e-06	0.002935412026726058
E66	K31	13	1301	96	55809	3.8126408488061e-07	4.4543429844097995e-06	0.0029398663697104677
K21	K92	13	455	268	55809	3.985064287246383e-07	4.4543429844097995e-06	0.0029443207126948773
J32	M95	20	649	446	55809	4.020041814664057e-07	4.4543429844097995e-06	0.0029487750556792874
F25	F33	12	149	693	55809	4.131504137506248e-07	4.4543429844097995e-06	0.002953229398663697
D10	M95	7	58	446	55809	4.202427500778843e-07	4.4543429844097995e-06	0.002957683741648107
E87	F32	19	181	1483	55809	4.2959081249939835e-07	4.4543429844097995e-06	0.0029621380846325167
F31	F43	22	224	1570	55809	4.5934101276583277e-07	4.4543429844097995e-06	0.0029665924276169263
E87	F60	16	181	1063	55809	4.6052908920150177e-07	4.4543429844097995e-06	0.0029710467706013364
D50	K92	15	627	268	55809	4.858451427659988e-07	4.4543429844097995e-06	0.002975501113585746
F21	F60	6	17	1063	55809	4.86927839174627e-07	4.4543429844097995e-06	0.002979955456570156
D37	K29	13	77	1682	55809	4.940682371604183e-07	4.4543429844097995e-06	0.0029844097995545657
K01	K08	10	597	115	55809	4.964631883667734e-07	4.4543429844097995e-06	0.0029888641425389753
F31	F50	13	224	557	55809	5.043355389464006e-07	4.4543429844097995e-06	0.0029933184855233854
B35	F32	6	13	1483	55809	5.095572791467895e-07	4.4543429844097995e-06	0.002997772828507795
D64	E78	12	273	383	55809	5.178472336999215e-07	4.4543429844097995e-06	0.003002227171492205
F25	F32	17	149	1483	55809	5.295662665176417e-07	4.4543429844097995e-06	0.0030066815144766147
E78	F41	19	383	703	55809	5.646683140524437e-07	4.4543429844097995e-06	0.0030111358574610243
E78	E87	10	383	181	55809	5.884490860386535e-07	4.4543429844097995e-06	0.0030155902004454344
D50	D63	6	627	28	55809	5.994110277249105e-07	4.4543429844097995e-06	0.003020044543429844
D64	D72	6	273	62	55809	6.335596138467391e-07	4.4543429844097995e-06	0.003024498886414254
N98	E28	9	167	323	55809	6.546197720161644e-07	4.4543429844097995e-06	0.0030289532293986637
N94	N99	8	730	56	55809	6.737653478029934e-07	4.4543429844097995e-06	0.0030334075723830733
F43	F62	6	1570	13	55809	7.109531972940927e-07	4.4543429844097995e-06	0.0030378619153674834
F10	F70	11	974	93	55809	7.17398774675662e-07	4.4543429844097995e-06	0.003042316258351893
J34	K07	46	1638	711	55809	7.189481584559438e-07	4.4543429844097995e-06	0.003046770601336303
L23	L50	6	72	241	55809	7.500636462782452e-07	4.4543429844097995e-06	0.0030512249443207127
E78	K21	15	383	455	55809	7.896853999604573e-07	4.4543429844097995e-06	0.0030556792873051223
K36	K66	11	354	253	55809	7.997303836168517e-07	4.4543429844097995e-06	0.0030601336302895324
F17	G58	11	976	94	55809	8.158378780457339e-07	4.4543429844097995e-06	0.003064587973273942
D36	D48	8	89	462	55809	8.159855888275922e-07	4.4543429844097995e-06	0.003069042316258352
D16	L05	10	153	471	55809	8.163888939895483e-07	4.4543429844097995e-06	0.0030734966592427617
L30	L50	6	74	241	55809	8.829597865432551e-07	4.4543429844097995e-06	0.0030779510022271713
K29	K90	13	1682	81	55809	9.027905378805399e-07	4.4543429844097995e-06	0.0030824053452115814
M20	M84	7	453	64	55809	9.240277010880035e-07	4.4543429844097995e-06	0.003086859688195991
J01	J34	21	207	1638	55809	9.57674592614801e-07	4.4543429844097995e-06	0.003091314031180401
D68	F17	13	137	976	55809	9.623195564535936e-07	4.4543429844097995e-06	0.0030957683741648107
K51	M81	6	239	76	55809	9.85664745341712e-07	4.4543429844097995e-06	0.0031002227171492204
N97	D27	33	1349	529	55809	9.888142871950442e-07	4.4543429844097995e-06	0.0031046770601336304
K44	K62	9	327	174	55809	1.0212699707756177e-06	4.4543429844097995e-06	0.00310913140311804
N91	F12	6	117	157	55809	1.0883817949075798e-06	4.4543429844097995e-06	0.00311358574610245
D27	K66	13	529	253	55809	1.1180465046776448e-06	4.4543429844097995e-06	0.0031180400890868597
D21	D48	8	93	462	55809	1.1431974140539042e-06	4.4543429844097995e-06	0.0031224944320712694
D50	E87	12	627	181	55809	1.1582924416413045e-06	4.4543429844097995e-06	0.0031269487750556794
F40	F45	7	78	384	55809	1.2002739187288458e-06	4.4543429844097995e-06	0.003131403118040089
E03	E10	12	467	243	55809	1.207440090473002e-06	4.4543429844097995e-06	0.0031358574610244987
F45	M54	25	384	1200	55809	1.2509737900351559e-06	4.4543429844097995e-06	0.0031403118040089087
G35	B00	8	341	127	55809	1.2761398730156615e-06	4.4543429844097995e-06	0.0031447661469933184
C50	E78	7	79	383	55809	1.2868124664664801e-06	4.4543429844097995e-06	0.0031492204899777284
F13	F25	8	292	149	55809	1.3420527737621115e-06	4.4543429844097995e-06	0.003153674832962138
F17	J30	12	976	120	55809	1.4336437998607158e-06	4.4543429844097995e-06	0.0031581291759465477
F60	F71	7	1063	31	55809	1.573035081489053e-06	4.4543429844097995e-06	0.0031625835189309577
E66	G47	17	1301	183	55809	1.6058581338136285e-06	4.4543429844097995e-06	0.0031670378619153674
F43	F90	7	1570	22	55809	1.6193856821457283e-06	4.4543429844097995e-06	0.0031714922048997774
N39	B96	8	1906	26	55809	1.6433652364185464e-06	4.4543429844097995e-06	0.003175946547884187
E65	E66	16	164	1301	55809	1.6949122134305716e-06	4.4543429844097995e-06	0.0031804008908685967
K31	K44	7	96	327	55809	1.695789443784529e-06	4.4543429844097995e-06	0.0031848552338530067
F13	F20	10	292	267	55809	1.731311106484051e-06	4.4543429844097995e-06	0.0031893095768374164
G40	G80	6	728	29	55809	1.7754104758183994e-06	4.4543429844097995e-06	0.0031937639198218264
G40	I69	6	728	29	55809	1.7754104758183994e-06	4.4543429844097995e-06	0.003198218262806236
E05	E06	8	264	172	55809	1.8608285495330687e-06	4.4543429844097995e-06	0.0032026726057906457
M21	M25	6	88	230	55809	1.875842641172265e-06	4.4543429844097995e-06	0.0032071269487750557
F43	F69	6	1570	15	55809	1.975548483158732e-06	4.4543429844097995e-06	0.0032115812917594654
M25	M94	6	230	89	55809	2.004558123417384e-06	4.4543429844097995e-06	0.0032160356347438754
K52	K63	16	1521	143	55809	2.037234897242073e-06	4.4543429844097995e-06	0.003220489977728285
G40	K02	12	728	165	55809	2.039528101216288e-06	4.4543429844097995e-06	0.0032249443207126947
E78	G45	6	383	55	55809	2.1926478641940493e-06	4.4543429844097995e-06	0.0032293986636971047
E66	M54	55	1301	1200	55809	2.2334704515217663e-06	4.4543429844097995e-06	0.0032338530066815144
E66	L73	11	1301	79	55809	2.2483795235256702e-06	4.4543429844097995e-06	0.0032383073496659244
D50	M81	8	627	76	55809	2.3397489386129568e-06	4.4543429844097995e-06	0.003242761692650334
F25	F61	6	149	141	55809	2.3837216135843474e-06	4.4543429844097995e-06	0.0032472160356347437
E66	F25	15	1301	149	55809	2.396392333622661e-06	4.4543429844097995e-06	0.0032516703786191537
F10	F31	16	974	224	55809	2.4974819689416487e-06	4.4543429844097995e-06	0.0032561247216035634
B37	K29	20	197	1682	55809	2.5345754626464953e-06	4.4543429844097995e-06	0.0032605790645879734
G35	H53	7	341	99	55809	2.7496140840246035e-06	4.4543429844097995e-06	0.003265033407572383
E03	K29	34	467	1682	55809	2.761144892122144e-06	4.4543429844097995e-06	0.0032694877505567927
M23	M71	6	710	32	55809	2.8381015157625504e-06	4.4543429844097995e-06	0.0032739420935412027
K26	K29	8	31	1682	55809	2.844429210142957e-06	4.4543429844097995e-06	0.0032783964365256124
K01	K10	7	597	59	55809	3.2621168376155444e-06	4.4543429844097995e-06	0.0032828507795100224
D64	M32	6	273	82	55809	3.325335831053783e-06	4.4543429844097995e-06	0.003287305122494432
N83	K36	33	2155	354	55809	3.5180484905018212e-06	4.4543429844097995e-06	0.0032917594654788417
E87	F19	10	181	468	55809	3.523680368804627e-06	4.4543429844097995e-06	0.0032962138084632517
N85	N97	18	208	1349	55809	3.6745679104953006e-06	4.4543429844097995e-06	0.0033006681514476614
I10	J44	6	484	48	55809	3.71812722359633e-06	4.4543429844097995e-06	0.0033051224944320714
F12	F31	7	157	224	55809	3.736253601620772e-06	4.4543429844097995e-06	0.003309576837416481
F11	G40	16	310	728	55809	4.074799059196181e-06	4.4543429844097995e-06	0.0033140311804008907
K50	L52	6	444	53	55809	4.102026766834484e-06	4.4543429844097995e-06	0.0033184855233853007
E74	K58	6	111	211	55809	4.425211039676503e-06	4.4543429844097995e-06	0.0033229398663697104
