ICD1	ICD2	val11	occ1	occ2	NN	pval	bonf_thresh	fdr_thresh
J32	J34	320	692	1593	56803	1.030254543785315e-309	4.3308791684711995e-06	4.3308791684711995e-06
J34	M95	266	1593	433	56803	2.938251916047526e-301	4.3308791684711995e-06	8.661758336942399e-06
F11	F13	141	304	310	56803	1.0781650632487034e-246	4.3308791684711995e-06	1.2992637505413598e-05
F33	F60	230	712	1135	56803	1.5138991055013656e-212	4.3308791684711995e-06	1.7323516673884798e-05
N13	N20	184	661	629	56803	1.0013210580102178e-206	4.3308791684711995e-06	2.1654395842355997e-05
N80	N97	326	1553	1415	56803	2.892266738640588e-206	4.3308791684711995e-06	2.5985275010827197e-05
F43	F60	296	1600	1135	56803	3.758753276015437e-199	4.3308791684711995e-06	3.0316154179298396e-05
F32	F60	247	1507	1135	56803	3.8979612588097216e-151	4.3308791684711995e-06	3.4647033347769596e-05
F10	F60	208	1015	1135	56803	1.4230789328506444e-146	4.3308791684711995e-06	3.8977912516240795e-05
K21	K29	165	440	1623	56803	3.12189662330305e-137	4.3308791684711995e-06	4.3308791684711995e-05
N97	E28	159	1415	498	56803	7.37241129879332e-129	4.3308791684711995e-06	4.7639670853183194e-05
K29	K44	134	1623	299	56803	6.1811923078899366e-124	4.3308791684711995e-06	5.1970550021654394e-05
F50	F60	153	619	1135	56803	6.202540098826401e-120	4.3308791684711995e-06	5.630142919012559e-05
N20	N23	93	629	242	56803	1.4552251861181996e-117	4.3308791684711995e-06	6.063230835859679e-05
B18	F19	80	170	526	56803	1.3522511886982793e-116	4.3308791684711995e-06	6.496318752706799e-05
K21	K44	89	440	299	56803	1.620592366276547e-115	4.3308791684711995e-06	6.929406669553919e-05
F11	F19	92	304	526	56803	1.668348307798324e-112	4.3308791684711995e-06	7.362494586401039e-05
N73	N80	135	410	1553	56803	7.459576445335148e-106	4.3308791684711995e-06	7.795582503248159e-05
F32	F33	166	1507	712	56803	1.385537241590777e-105	4.3308791684711995e-06	8.228670420095279e-05
F19	F60	133	526	1135	56803	1.962017834187779e-105	4.3308791684711995e-06	8.661758336942399e-05
N80	N94	171	1553	760	56803	6.103842543724602e-104	4.3308791684711995e-06	9.094846253789519e-05
F32	F43	234	1507	1600	56803	1.2074465057499188e-103	4.3308791684711995e-06	9.527934170636639e-05
F19	F32	145	526	1507	56803	3.159059902833515e-103	4.3308791684711995e-06	9.961022087483759e-05
F13	F19	83	310	526	56803	2.8174660474006107e-96	4.3308791684711995e-06	0.00010394110004330879
M51	M54	131	570	1202	56803	8.623857807812837e-95	4.3308791684711995e-06	0.00010827197921177999
F13	F60	101	310	1135	56803	2.5825344434752645e-92	4.3308791684711995e-06	0.00011260285838025119
C73	E89	40	155	58	56803	4.818910306260509e-91	4.3308791684711995e-06	0.00011693373754872239
K01	K07	120	774	756	56803	1.0320571275447744e-89	4.3308791684711995e-06	0.00012126461671719359
F10	F43	180	1015	1600	56803	6.74881408782866e-89	4.3308791684711995e-06	0.00012559549588566477
N77	B37	34	35	169	56803	1.2567093536332208e-86	4.3308791684711995e-06	0.00012992637505413598
N13	N23	75	661	242	56803	1.324169598242351e-84	4.3308791684711995e-06	0.0001342572542226072
B18	F11	54	170	304	56803	8.361740935721044e-81	4.3308791684711995e-06	0.00013858813339107838
F33	F43	142	712	1600	56803	5.8497697390590694e-77	4.3308791684711995e-06	0.00014291901255954957
I26	I80	53	226	248	56803	2.1503312118984962e-76	4.3308791684711995e-06	0.00014724989172802078
H91	H93	60	338	269	56803	2.4883393757522864e-76	4.3308791684711995e-06	0.000151580770896492
F10	F13	85	1015	310	56803	1.1750281774093986e-74	4.3308791684711995e-06	0.00015591165006496318
F11	F12	52	304	188	56803	3.831477143446973e-74	4.3308791684711995e-06	0.00016024252923343437
N80	N83	229	1553	2073	56803	4.389436368047759e-74	4.3308791684711995e-06	0.00016457340840190558
F33	F50	94	712	619	56803	1.3505736153408126e-71	4.3308791684711995e-06	0.0001689042875703768
K80	K81	73	1598	153	56803	8.911371203750483e-71	4.3308791684711995e-06	0.00017323516673884798
F10	F19	97	1015	526	56803	1.8171075895188086e-67	4.3308791684711995e-06	0.00017756604590731917
F33	F61	62	712	204	56803	2.5303095792351858e-67	4.3308791684711995e-06	0.00018189692507579038
N70	N73	79	780	410	56803	2.0983454514185704e-65	4.3308791684711995e-06	0.0001862278042442616
F32	F50	118	1507	619	56803	1.600378591954297e-64	4.3308791684711995e-06	0.00019055868341273278
F12	F13	46	188	310	56803	2.2942129609741634e-62	4.3308791684711995e-06	0.00019488956258120396
F17	F19	89	918	526	56803	2.5963124763056563e-62	4.3308791684711995e-06	0.00019922044174967518
F12	F60	65	188	1135	56803	1.4884832359592378e-61	4.3308791684711995e-06	0.0002035513209181464
K10	K12	35	93	223	56803	1.4627750851249163e-60	4.3308791684711995e-06	0.00020788220008661758
B94	F19	30	33	526	56803	2.2988119675727054e-58	4.3308791684711995e-06	0.00021221307925508876
E66	I10	92	1386	432	56803	6.01421025123285e-58	4.3308791684711995e-06	0.00021654395842355997
N18	I10	38	91	432	56803	2.4255820529666163e-56	4.3308791684711995e-06	0.0002208748375920312
G55	M51	32	42	570	56803	6.229921939695602e-56	4.3308791684711995e-06	0.00022520571676050237
N80	K66	74	1553	249	56803	1.3635836982290363e-54	4.3308791684711995e-06	0.00022953659592897356
K60	K61	41	264	212	56803	5.132373252209405e-54	4.3308791684711995e-06	0.00023386747509744477
K80	K85	66	1598	188	56803	2.206909374604578e-53	4.3308791684711995e-06	0.00023819835426591599
N10	N39	130	800	1816	56803	4.281988544684439e-53	4.3308791684711995e-06	0.00024252923343438717
F11	F17	64	304	918	56803	3.2973456175501955e-51	4.3308791684711995e-06	0.00024686011260285836
F32	F41	110	1507	721	56803	4.548628075236148e-50	4.3308791684711995e-06	0.00025119099177132954
E66	E78	80	1386	386	56803	1.536717680106255e-49	4.3308791684711995e-06	0.0002555218709398008
N73	N97	82	410	1415	56803	8.503440979278199e-49	4.3308791684711995e-06	0.00025985275010827197
C73	E04	39	155	405	56803	9.484518892506481e-49	4.3308791684711995e-06	0.00026418362927674316
E73	E74	27	150	94	56803	4.826966949969938e-48	4.3308791684711995e-06	0.0002685145084452144
E86	A09	50	115	1478	56803	5.915009758408137e-48	4.3308791684711995e-06	0.0002728453876136856
F17	F32	119	918	1507	56803	1.4928001877317906e-46	4.3308791684711995e-06	0.00027717626678215677
F17	F60	104	918	1135	56803	1.6317945280452598e-46	4.3308791684711995e-06	0.00028150714595062795
E10	E14	29	272	83	56803	1.7606129110439075e-46	4.3308791684711995e-06	0.00028583802511909914
F20	F23	40	301	263	56803	7.731177442245753e-46	4.3308791684711995e-06	0.0002901689042875704
F13	F17	60	310	918	56803	8.751908490498552e-46	4.3308791684711995e-06	0.00029449978345604157
F60	F61	55	1135	204	56803	1.5284936059792502e-45	4.3308791684711995e-06	0.00029883066262451275
F12	F19	42	188	526	56803	3.599138110906363e-45	4.3308791684711995e-06	0.000303161541792984
F12	F14	22	188	41	56803	1.7673003069336204e-44	4.3308791684711995e-06	0.0003074924209614552
I84	K60	41	356	264	56803	2.8613503572014163e-44	4.3308791684711995e-06	0.00031182330012992636
K01	K04	44	774	166	56803	1.7489427232016891e-43	4.3308791684711995e-06	0.00031615417929839755
F19	F43	90	526	1600	56803	3.4378648121235745e-43	4.3308791684711995e-06	0.00032048505846686874
F43	F50	96	1600	619	56803	3.244079521043e-42	4.3308791684711995e-06	0.00032481593763534
K01	K05	28	774	43	56803	4.445477012759976e-42	4.3308791684711995e-06	0.00032914681680381116
F11	B17	25	304	59	56803	1.5329915321588226e-41	4.3308791684711995e-06	0.00033347769597228235
B18	F13	33	170	310	56803	3.1407948007963664e-41	4.3308791684711995e-06	0.0003378085751407536
F10	F12	48	1015	188	56803	6.344527052261206e-41	4.3308791684711995e-06	0.0003421394543092248
E87	F50	43	222	619	56803	2.5585966444905153e-40	4.3308791684711995e-06	0.00034647033347769596
F13	F43	68	310	1600	56803	5.018469109431538e-40	4.3308791684711995e-06	0.00035080121264616715
N13	N39	102	661	1816	56803	9.227892109979146e-40	4.3308791684711995e-06	0.00035513209181463833
B94	F32	28	33	1507	56803	1.1970525745258593e-39	4.3308791684711995e-06	0.00035946297098310957
F19	B17	27	526	59	56803	2.3607585685755493e-39	4.3308791684711995e-06	0.00036379385015158076
F13	B17	24	310	59	56803	3.584702318320167e-39	4.3308791684711995e-06	0.00036812472932005194
F10	F17	90	1015	918	56803	3.90747875129837e-39	4.3308791684711995e-06	0.0003724556084885232
K80	K83	34	1598	57	56803	3.7832394089088724e-38	4.3308791684711995e-06	0.00037678648765699437
D24	D48	49	548	416	56803	1.494724140252904e-37	4.3308791684711995e-06	0.00038111736682546556
F11	F14	21	304	41	56803	2.4082655478205612e-37	4.3308791684711995e-06	0.00038544824599393674
F13	F33	48	310	712	56803	3.3414547002264604e-37	4.3308791684711995e-06	0.00038977912516240793
F10	F32	112	1015	1507	56803	3.839394993420012e-37	4.3308791684711995e-06	0.00039411000433087917
I26	J18	35	226	381	56803	8.19914128679247e-37	4.3308791684711995e-06	0.00039844088349935035
N97	N98	43	1415	128	56803	1.7541022048392666e-36	4.3308791684711995e-06	0.00040277176266782154
F50	M81	29	619	81	56803	3.0062135286256684e-36	4.3308791684711995e-06	0.0004071026418362928
F41	F45	51	721	381	56803	5.580102103944814e-36	4.3308791684711995e-06	0.00041143352100476397
N84	N92	43	280	618	56803	7.508342837703324e-36	4.3308791684711995e-06	0.00041576440017323515
F11	F60	55	304	1135	56803	1.313183293158022e-35	4.3308791684711995e-06	0.00042009527934170634
N87	D06	113	1827	899	56803	4.267078519183574e-35	4.3308791684711995e-06	0.0004244261585101775
I26	I82	24	226	111	56803	7.021150760054186e-35	4.3308791684711995e-06	0.00042875703767864876
F43	F44	47	1600	160	56803	2.6868806260338953e-34	4.3308791684711995e-06	0.00043308791684711995
N73	N83	79	410	2073	56803	4.585516082349283e-34	4.3308791684711995e-06	0.00043741879601559114
E78	I10	41	386	432	56803	6.858451423728017e-34	4.3308791684711995e-06	0.0004417496751840624
F12	F17	41	188	918	56803	7.209579601762149e-34	4.3308791684711995e-06	0.00044608055435253356
F17	J45	62	918	536	56803	1.1256734919733135e-33	4.3308791684711995e-06	0.00045041143352100475
F33	F41	63	712	721	56803	1.809654227939958e-33	4.3308791684711995e-06	0.00045474231268947593
J32	J33	26	692	63	56803	2.4854548598808725e-33	4.3308791684711995e-06	0.0004590731918579471
C73	C77	17	155	44	56803	6.708410881930816e-33	4.3308791684711995e-06	0.00046340407102641836
F13	F14	19	310	41	56803	1.2635331792704782e-32	4.3308791684711995e-06	0.00046773495019488955
D50	K51	38	599	247	56803	2.408090039160823e-32	4.3308791684711995e-06	0.00047206582936336073
F31	F60	47	241	1135	56803	3.7630391018162765e-32	4.3308791684711995e-06	0.00047639670853183197
F41	F60	76	721	1135	56803	4.658389802002604e-32	4.3308791684711995e-06	0.00048072758770030316
B20	B24	11	13	60	56803	5.368016889235589e-32	4.3308791684711995e-06	0.00048505846686877434
E66	K76	46	1386	192	56803	5.710158039967877e-32	4.3308791684711995e-06	0.0004893893460372455
H50	H52	23	135	206	56803	7.721773151920023e-32	4.3308791684711995e-06	0.0004937202252057167
F13	F32	58	310	1507	56803	9.448745688842105e-32	4.3308791684711995e-06	0.0004980511043741879
E11	E66	39	129	1386	56803	1.5128094174135414e-31	4.3308791684711995e-06	0.0005023819835426591
F41	F43	89	721	1600	56803	1.954084840175277e-31	4.3308791684711995e-06	0.0005067128627111304
J18	J90	21	381	57	56803	2.2356194843413547e-31	4.3308791684711995e-06	0.0005110437418796016
N97	K66	51	1415	249	56803	2.5146742890135237e-31	4.3308791684711995e-06	0.0005153746210480728
N83	D27	85	2073	519	56803	3.7223105443546077e-31	4.3308791684711995e-06	0.0005197055002165439
F40	F41	27	81	721	56803	4.673913600728329e-31	4.3308791684711995e-06	0.0005240363793850151
M23	M65	43	702	324	56803	7.972827182853902e-31	4.3308791684711995e-06	0.0005283672585534863
E11	E78	26	129	386	56803	1.2229223705409275e-30	4.3308791684711995e-06	0.0005326981377219575
F10	F11	48	1015	304	56803	1.3383513293375258e-30	4.3308791684711995e-06	0.0005370290168904288
K04	K08	21	166	134	56803	2.1444257055412597e-30	4.3308791684711995e-06	0.0005413598960589
E66	F17	92	1386	918	56803	3.3758146692019035e-30	4.3308791684711995e-06	0.0005456907752273712
D68	I80	23	132	248	56803	3.655953129357034e-30	4.3308791684711995e-06	0.0005500216543958423
E10	E16	17	272	38	56803	5.795201836552264e-30	4.3308791684711995e-06	0.0005543525335643135
K85	K86	17	188	55	56803	1.9985148597410027e-29	4.3308791684711995e-06	0.0005586834127327847
F32	F45	61	1507	381	56803	2.0792370973719093e-29	4.3308791684711995e-06	0.0005630142919012559
F43	F61	47	1600	204	56803	4.3485084527495985e-29	4.3308791684711995e-06	0.0005673451710697271
F10	F33	68	1015	712	56803	4.385875338163582e-29	4.3308791684711995e-06	0.0005716760502381983
G43	G44	53	822	518	56803	1.2400994905693335e-28	4.3308791684711995e-06	0.0005760069294066696
H52	H53	19	206	88	56803	1.3058588349720685e-28	4.3308791684711995e-06	0.0005803378085751408
F72	K02	13	20	178	56803	1.3661677163675936e-28	4.3308791684711995e-06	0.0005846686877436119
N83	N97	144	2073	1415	56803	2.2167329107760617e-28	4.3308791684711995e-06	0.0005889995669120831
F60	F70	29	1135	84	56803	3.8077981249038378e-28	4.3308791684711995e-06	0.0005933304460805543
E03	E66	69	563	1386	56803	4.8224957429897e-28	4.3308791684711995e-06	0.0005976613252490255
K02	K08	20	178	134	56803	6.567606531007064e-28	4.3308791684711995e-06	0.0006019922044174967
F19	G40	52	526	804	56803	7.491969238490993e-28	4.3308791684711995e-06	0.000606323083585968
K29	K58	47	1623	215	56803	9.66181785729649e-28	4.3308791684711995e-06	0.0006106539627544392
F10	K70	17	1015	20	56803	1.833328477061201e-27	4.3308791684711995e-06	0.0006149848419229104
K01	K02	33	774	178	56803	1.9275540361562066e-27	4.3308791684711995e-06	0.0006193157210913815
E04	E89	19	405	58	56803	7.770159545778755e-27	4.3308791684711995e-06	0.0006236466002598527
F15	F19	19	48	526	56803	1.5104587034559405e-26	4.3308791684711995e-06	0.0006279774794283239
D50	K50	44	599	512	56803	2.0773408616423446e-26	4.3308791684711995e-06	0.0006323083585967951
F17	F33	61	918	712	56803	5.508492448181986e-26	4.3308791684711995e-06	0.0006366392377652663
K02	K04	20	178	166	56803	5.899423728132054e-26	4.3308791684711995e-06	0.0006409701169337375
N94	N97	78	760	1415	56803	7.386168039135133e-26	4.3308791684711995e-06	0.0006453009961022088
L93	M32	12	35	89	56803	8.179322545005955e-26	4.3308791684711995e-06	0.00064963187527068
J03	J35	80	584	1963	56803	1.188790852393254e-25	4.3308791684711995e-06	0.0006539627544391511
F19	F33	47	526	712	56803	1.2345491240274614e-25	4.3308791684711995e-06	0.0006582936336076223
F10	F50	59	1015	619	56803	2.4597448263176175e-25	4.3308791684711995e-06	0.0006626245127760935
N17	N18	13	56	91	56803	3.336881542452827e-25	4.3308791684711995e-06	0.0006669553919445647
N62	L57	18	373	62	56803	4.849477791262919e-25	4.3308791684711995e-06	0.0006712862711130359
C40	C41	8	14	23	56803	5.472455303440981e-25	4.3308791684711995e-06	0.0006756171502815072
F11	F15	16	304	48	56803	5.876992710795339e-25	4.3308791684711995e-06	0.0006799480294499784
J03	J36	34	584	311	56803	2.0885709221600943e-24	4.3308791684711995e-06	0.0006842789086184495
F20	F25	22	301	166	56803	2.864744594075481e-24	4.3308791684711995e-06	0.0006886097877869207
E66	K80	114	1386	1598	56803	3.012318484294352e-24	4.3308791684711995e-06	0.0006929406669553919
N86	N93	18	142	171	56803	3.3308235468112135e-24	4.3308791684711995e-06	0.0006972715461238631
F32	F61	41	1507	204	56803	4.2609235093425445e-24	4.3308791684711995e-06	0.0007016024252923343
J30	J45	24	132	536	56803	7.871554210874697e-24	4.3308791684711995e-06	0.0007059333044608055
J34	J39	26	1593	65	56803	1.2660148005577923e-23	4.3308791684711995e-06	0.0007102641836292767
C78	C79	8	26	17	56803	1.409955909640721e-23	4.3308791684711995e-06	0.000714595062797748
F12	F32	39	188	1507	56803	1.599319121515208e-23	4.3308791684711995e-06	0.0007189259419662191
K50	K51	29	512	247	56803	1.8214191138996802e-23	4.3308791684711995e-06	0.0007232568211346903
F17	F41	58	918	721	56803	2.141916432053964e-23	4.3308791684711995e-06	0.0007275877003031615
N18	I15	10	91	21	56803	2.3207198180300958e-23	4.3308791684711995e-06	0.0007319185794716327
I84	K62	22	356	156	56803	2.782748890317282e-23	4.3308791684711995e-06	0.0007362494586401039
N84	N97	45	280	1415	56803	3.295137181499602e-23	4.3308791684711995e-06	0.0007405803378085751
B18	B24	14	170	60	56803	4.119105338542868e-23	4.3308791684711995e-06	0.0007449112169770464
N18	D64	18	91	316	56803	5.23451190048029e-23	4.3308791684711995e-06	0.0007492420961455176
F33	F42	23	712	97	56803	5.99372645918749e-23	4.3308791684711995e-06	0.0007535729753139887
N70	N83	92	780	2073	56803	7.307292301532918e-23	4.3308791684711995e-06	0.0007579038544824599
M53	M54	36	201	1202	56803	8.761844654393657e-23	4.3308791684711995e-06	0.0007622347336509311
E11	E14	14	129	83	56803	1.0859025126174376e-22	4.3308791684711995e-06	0.0007665656128194023
N35	N39	34	122	1816	56803	1.2695919873266133e-22	4.3308791684711995e-06	0.0007708964919878735
C83	C85	8	25	22	56803	1.28245085851414e-22	4.3308791684711995e-06	0.0007752273711563447
K08	K12	18	134	223	56803	1.4989339411218788e-22	4.3308791684711995e-06	0.0007795582503248159
M23	M25	33	702	276	56803	1.7295074893050848e-22	4.3308791684711995e-06	0.0007838891294932871
F14	F19	16	41	526	56803	1.9395348715927216e-22	4.3308791684711995e-06	0.0007882200086617583
M23	M24	30	702	218	56803	2.3429535009867606e-22	4.3308791684711995e-06	0.0007925508878302295
M24	M65	23	218	324	56803	2.9154287902283154e-22	4.3308791684711995e-06	0.0007968817669987007
E78	F17	42	386	918	56803	3.6300603760849567e-22	4.3308791684711995e-06	0.0008012126461671719
F12	F33	28	188	712	56803	9.467646775287214e-22	4.3308791684711995e-06	0.0008055435253356431
D50	D64	32	599	316	56803	1.0917523296101731e-21	4.3308791684711995e-06	0.0008098744045041143
N18	N19	10	91	29	56803	1.3042795498986354e-21	4.3308791684711995e-06	0.0008142052836725856
F31	F61	20	241	204	56803	1.9670925284349103e-21	4.3308791684711995e-06	0.0008185361628410567
F23	F60	38	263	1135	56803	2.0810647396760864e-21	4.3308791684711995e-06	0.0008228670420095279
B18	F32	35	170	1507	56803	3.827136418040314e-21	4.3308791684711995e-06	0.0008271979211779991
M22	M23	27	182	702	56803	3.917755970308553e-21	4.3308791684711995e-06	0.0008315288003464703
M53	M62	14	201	70	56803	4.9468386618207765e-21	4.3308791684711995e-06	0.0008358596795149415
E78	F32	51	386	1507	56803	5.76783154629138e-21	4.3308791684711995e-06	0.0008401905586834127
N60	D24	20	101	548	56803	1.1203822217301287e-20	4.3308791684711995e-06	0.0008445214378518839
E11	K76	16	129	192	56803	1.1720060763445696e-20	4.3308791684711995e-06	0.000848852317020355
F11	F32	45	304	1507	56803	1.1976679184894482e-20	4.3308791684711995e-06	0.0008531831961888263
I60	I67	9	25	76	56803	1.6876846270835245e-20	4.3308791684711995e-06	0.0008575140753572975
F13	F50	31	310	619	56803	1.7740850800564116e-20	4.3308791684711995e-06	0.0008618449545257687
K50	K61	25	512	212	56803	1.867840744065293e-20	4.3308791684711995e-06	0.0008661758336942399
F60	F63	17	1135	34	56803	1.9447643631855042e-20	4.3308791684711995e-06	0.0008705067128627111
H52	H57	11	206	28	56803	2.215874695109925e-20	4.3308791684711995e-06	0.0008748375920311823
N92	D25	29	618	266	56803	2.6561771633681224e-20	4.3308791684711995e-06	0.0008791684711996535
M22	M24	18	182	218	56803	2.889092519354379e-20	4.3308791684711995e-06	0.0008834993503681248
F40	F50	19	81	619	56803	3.1465372211952086e-20	4.3308791684711995e-06	0.0008878302295365959
N85	N92	26	201	618	56803	3.1574745790205263e-20	4.3308791684711995e-06	0.0008921611087050671
D68	M32	13	132	89	56803	3.799992023993528e-20	4.3308791684711995e-06	0.0008964919878735383
N80	D27	59	1553	519	56803	4.0995257789710566e-20	4.3308791684711995e-06	0.0009008228670420095
G80	G82	9	32	64	56803	4.46553873004818e-20	4.3308791684711995e-06	0.0009051537462104807
N70	N97	70	780	1415	56803	4.6772733078163437e-20	4.3308791684711995e-06	0.0009094846253789519
F42	F50	20	97	619	56803	5.13615421316741e-20	4.3308791684711995e-06	0.000913815504547423
K01	K08	24	774	134	56803	5.846319362718304e-20	4.3308791684711995e-06	0.0009181463837158942
K80	K82	19	1598	38	56803	6.562712519730863e-20	4.3308791684711995e-06	0.0009224772628843655
N18	E21	9	91	25	56803	9.249366490884499e-20	4.3308791684711995e-06	0.0009268081420528367
E10	E11	17	272	129	56803	9.686793857467253e-20	4.3308791684711995e-06	0.0009311390212213079
N94	K66	30	760	249	56803	1.059602903771303e-19	4.3308791684711995e-06	0.0009354699003897791
M24	M25	20	218	276	56803	1.1177680649383427e-19	4.3308791684711995e-06	0.0009398007795582503
E66	K91	18	1386	38	56803	1.7852340467389432e-19	4.3308791684711995e-06	0.0009441316587267215
N20	N39	70	629	1816	56803	2.2846981177044366e-19	4.3308791684711995e-06	0.0009484625378951926
K29	K31	27	1623	98	56803	2.3976528232778046e-19	4.3308791684711995e-06	0.0009527934170636639
F20	F60	38	301	1135	56803	2.469634471658476e-19	4.3308791684711995e-06	0.0009571242962321351
D50	K29	64	599	1623	56803	2.4889689557111582e-19	4.3308791684711995e-06	0.0009614551754006063
E65	L90	19	182	294	56803	2.6052754926239406e-19	4.3308791684711995e-06	0.0009657860545690775
E11	I10	19	129	432	56803	4.441770519525649e-19	4.3308791684711995e-06	0.0009701169337375487
M23	M67	50	702	873	56803	5.111200962492486e-19	4.3308791684711995e-06	0.0009744478129060199
H66	H74	10	128	36	56803	5.700730730842537e-19	4.3308791684711995e-06	0.000978778692074491
E84	K86	9	49	55	56803	7.482929802766517e-19	4.3308791684711995e-06	0.0009831095712429622
E65	L57	12	182	62	56803	1.5219107541142547e-18	4.3308791684711995e-06	0.0009874404504114334
D69	D70	10	141	37	56803	2.110440869488703e-18	4.3308791684711995e-06	0.0009917713295799046
H44	H52	9	17	206	56803	2.1562498856889476e-18	4.3308791684711995e-06	0.0009961022087483758
N70	K66	29	780	249	56803	2.212200705072726e-18	4.3308791684711995e-06	0.001000433087916847
C71	D43	8	39	43	56803	3.264546605655709e-18	4.3308791684711995e-06	0.0010047639670853182
K50	K63	21	512	163	56803	3.3561734937064362e-18	4.3308791684711995e-06	0.0010090948462537896
C49	C78	7	31	26	56803	4.5385780272748125e-18	4.3308791684711995e-06	0.0010134257254222608
E78	F60	41	386	1135	56803	5.431536337047236e-18	4.3308791684711995e-06	0.001017756604590732
M23	M94	17	702	67	56803	5.738161613948862e-18	4.3308791684711995e-06	0.0010220874837592031
F10	F14	16	1015	41	56803	6.528446132253385e-18	4.3308791684711995e-06	0.0010264183629276743
F43	F70	24	1600	84	56803	6.685579226155982e-18	4.3308791684711995e-06	0.0010307492420961455
F40	F60	21	81	1135	56803	7.521642769990562e-18	4.3308791684711995e-06	0.0010350801212646167
F12	F15	11	188	48	56803	7.881906825412254e-18	4.3308791684711995e-06	0.0010394110004330879
K04	K12	16	166	223	56803	8.269841211051285e-18	4.3308791684711995e-06	0.001043741879601559
F12	F31	17	188	241	56803	8.485401284565829e-18	4.3308791684711995e-06	0.0010480727587700302
K22	K29	25	93	1623	56803	9.748565868997278e-18	4.3308791684711995e-06	0.0010524036379385014
F33	F40	18	712	81	56803	1.0332155820851426e-17	4.3308791684711995e-06	0.0010567345171069726
E21	I10	11	25	432	56803	1.756084007535112e-17	4.3308791684711995e-06	0.0010610653962754438
M41	M54	24	113	1202	56803	1.88645150725619e-17	4.3308791684711995e-06	0.001065396275443915
B95	E84	6	9	49	56803	2.513499361054454e-17	4.3308791684711995e-06	0.0010697271546123862
B18	F12	15	170	188	56803	2.6301113426419222e-17	4.3308791684711995e-06	0.0010740580337808576
L90	L91	14	294	87	56803	2.797152120000387e-17	4.3308791684711995e-06	0.0010783889129493288
E84	M81	9	49	81	56803	3.0200476157926864e-17	4.3308791684711995e-06	0.0010827197921178
F13	F15	12	310	48	56803	3.295360361005219e-17	4.3308791684711995e-06	0.0010870506712862711
N03	N18	7	13	91	56803	3.6416471782234336e-17	4.3308791684711995e-06	0.0010913815504547423
F14	F60	16	41	1135	56803	3.7568033631915376e-17	4.3308791684711995e-06	0.0010957124296232135
F12	F43	33	188	1600	56803	4.857341524127306e-17	4.3308791684711995e-06	0.0011000433087916847
D64	E21	10	316	25	56803	7.471860066560856e-17	4.3308791684711995e-06	0.0011043741879601559
N70	N80	68	780	1553	56803	8.375670395418642e-17	4.3308791684711995e-06	0.001108705067128627
F32	G40	68	1507	804	56803	8.671814239768645e-17	4.3308791684711995e-06	0.0011130359462970983
K01	K09	15	774	49	56803	9.298590190367785e-17	4.3308791684711995e-06	0.0011173668254655694
H44	H57	6	17	28	56803	9.959904174747827e-17	4.3308791684711995e-06	0.0011216977046340406
I83	I87	14	816	38	56803	1.0037733547709961e-16	4.3308791684711995e-06	0.0011260285838025118
N83	K66	42	2073	249	56803	1.386376155143987e-16	4.3308791684711995e-06	0.001130359462970983
F32	F40	22	1507	81	56803	1.5104857284650833e-16	4.3308791684711995e-06	0.0011346903421394542
F79	K02	10	44	178	56803	1.5993542664869624e-16	4.3308791684711995e-06	0.0011390212213079254
F44	F60	26	160	1135	56803	2.278001871292186e-16	4.3308791684711995e-06	0.0011433521004763966
K04	K09	10	166	49	56803	2.570884760274268e-16	4.3308791684711995e-06	0.001147682979644868
M41	M53	13	113	201	56803	2.592529029746564e-16	4.3308791684711995e-06	0.0011520138588133391
M05	M06	7	20	72	56803	2.978410389879411e-16	4.3308791684711995e-06	0.0011563447379818103
N84	N85	17	280	201	56803	3.2646602695440943e-16	4.3308791684711995e-06	0.0011606756171502815
N17	I10	13	56	432	56803	3.341870335364695e-16	4.3308791684711995e-06	0.0011650064963187527
M54	M99	17	1202	52	56803	3.347836380592127e-16	4.3308791684711995e-06	0.0011693373754872239
C78	C80	6	26	22	56803	3.665204352587983e-16	4.3308791684711995e-06	0.001173668254655695
B94	G40	13	33	804	56803	3.6728988828105884e-16	4.3308791684711995e-06	0.0011779991338241663
M47	M54	20	81	1202	56803	3.843239045781188e-16	4.3308791684711995e-06	0.0011823300129926374
F60	F90	12	1135	20	56803	4.1585747613318052e-16	4.3308791684711995e-06	0.0011866608921611086
K08	K10	11	134	93	56803	4.282278013751435e-16	4.3308791684711995e-06	0.0011909917713295798
N19	D64	10	29	316	56803	4.489526141501728e-16	4.3308791684711995e-06	0.001195322650498051
A15	A16	8	66	46	56803	5.388729968900652e-16	4.3308791684711995e-06	0.0011996535296665222
J35	J36	45	1963	311	56803	6.048047577607103e-16	4.3308791684711995e-06	0.0012039844088349934
K29	K52	106	1623	1574	56803	6.199481732664581e-16	4.3308791684711995e-06	0.0012083152880034646
K02	K12	15	178	223	56803	6.816239176811671e-16	4.3308791684711995e-06	0.001212646167171936
K21	K22	15	440	93	56803	7.701253306906072e-16	4.3308791684711995e-06	0.0012169770463404072
F11	F43	40	304	1600	56803	8.020782392425221e-16	4.3308791684711995e-06	0.0012213079255088783
F12	F23	16	188	263	56803	8.363214334037497e-16	4.3308791684711995e-06	0.0012256388046773495
L02	L73	15	522	80	56803	8.848532839944713e-16	4.3308791684711995e-06	0.0012299696838458207
E86	E87	13	115	222	56803	1.1970858058039562e-15	4.3308791684711995e-06	0.001234300563014292
F50	F61	22	619	204	56803	1.2917892760571276e-15	4.3308791684711995e-06	0.001238631442182763
H20	H35	7	25	69	56803	1.3470258335024094e-15	4.3308791684711995e-06	0.0012429623213512343
N97	D25	35	1415	266	56803	1.366632273659407e-15	4.3308791684711995e-06	0.0012472932005197055
C41	C49	6	23	31	56803	1.5833261172492457e-15	4.3308791684711995e-06	0.0012516240796881766
H33	H52	11	69	206	56803	1.6538219449061579e-15	4.3308791684711995e-06	0.0012559549588566478
K29	K80	106	1623	1598	56803	1.6877698093867412e-15	4.3308791684711995e-06	0.001260285838025119
N19	E21	6	29	25	56803	1.7917819551793583e-15	4.3308791684711995e-06	0.0012646167171935902
F25	F61	14	166	204	56803	1.8449099791431226e-15	4.3308791684711995e-06	0.0012689475963620614
K25	K29	20	67	1623	56803	1.8916033659309355e-15	4.3308791684711995e-06	0.0012732784755305326
E78	K76	18	386	192	56803	1.8919216855986443e-15	4.3308791684711995e-06	0.0012776093546990038
K63	K65	10	163	60	56803	1.9068082340817575e-15	4.3308791684711995e-06	0.001281940233867475
N73	N94	32	410	760	56803	2.2709786617740795e-15	4.3308791684711995e-06	0.0012862711130359463
E11	E84	9	129	49	56803	2.3010331781550717e-15	4.3308791684711995e-06	0.0012906019922044175
N04	N18	7	21	91	56803	2.4422309129513685e-15	4.3308791684711995e-06	0.0012949328713728887
F41	F50	38	721	619	56803	2.4500719421639615e-15	4.3308791684711995e-06	0.00129926375054136
F23	F25	15	263	166	56803	2.760031755669983e-15	4.3308791684711995e-06	0.001303594629709831
M42	M51	11	29	570	56803	2.77339961880917e-15	4.3308791684711995e-06	0.0013079255088783023
M20	M21	16	523	105	56803	3.1337376100452936e-15	4.3308791684711995e-06	0.0013122563880467735
M53	M99	10	201	52	56803	3.413172764467679e-15	4.3308791684711995e-06	0.0013165872672152446
L20	B00	12	181	115	56803	3.510455180553425e-15	4.3308791684711995e-06	0.0013209181463837158
F17	F43	73	918	1600	56803	3.665922267486185e-15	4.3308791684711995e-06	0.001325249025552187
I63	I69	7	68	29	56803	3.91627602300002e-15	4.3308791684711995e-06	0.0013295799047206582
F50	F55	11	619	28	56803	4.278204488198594e-15	4.3308791684711995e-06	0.0013339107838891294
N72	N86	9	48	142	56803	4.549777787538817e-15	4.3308791684711995e-06	0.0013382416630576006
N10	N15	11	800	23	56803	4.683504851176611e-15	4.3308791684711995e-06	0.0013425725422260718
F25	F60	25	166	1135	56803	5.330542927406388e-15	4.3308791684711995e-06	0.001346903421394543
F42	F60	20	97	1135	56803	5.563056456150311e-15	4.3308791684711995e-06	0.0013512343005630143
F33	F63	12	712	34	56803	5.849565179520549e-15	4.3308791684711995e-06	0.0013555651797314855
K50	K60	22	512	264	56803	5.934636740333988e-15	4.3308791684711995e-06	0.0013598960588999567
F13	F41	27	310	721	56803	7.093720152157721e-15	4.3308791684711995e-06	0.001364226938068428
B96	E84	7	43	49	56803	7.145763813234095e-15	4.3308791684711995e-06	0.001368557817236899
E66	E79	14	1386	32	56803	7.777558004564427e-15	4.3308791684711995e-06	0.0013728886964053703
M42	M54	13	29	1202	56803	7.935116382077717e-15	4.3308791684711995e-06	0.0013772195755738415
N62	N64	18	373	217	56803	8.99582821513744e-15	4.3308791684711995e-06	0.0013815504547423127
F19	F23	22	526	263	56803	9.494620457553088e-15	4.3308791684711995e-06	0.0013858813339107838
F17	F50	42	918	619	56803	1.0458066181210307e-14	4.3308791684711995e-06	0.001390212213079255
E84	J96	7	49	46	56803	1.1846178651309062e-14	4.3308791684711995e-06	0.0013945430922477262
K61	L02	20	212	522	56803	1.3848350351217781e-14	4.3308791684711995e-06	0.0013988739714161974
E04	E05	19	405	239	56803	1.5490852939527592e-14	4.3308791684711995e-06	0.0014032048505846686
F43	F45	43	1600	381	56803	1.7306755777853965e-14	4.3308791684711995e-06	0.0014075357297531398
H90	H91	12	72	338	56803	1.8087398255191867e-14	4.3308791684711995e-06	0.001411866608921611
E74	K29	22	94	1623	56803	2.0672823939652533e-14	4.3308791684711995e-06	0.0014161974880900821
M41	M62	9	113	70	56803	2.07069937194869e-14	4.3308791684711995e-06	0.0014205283672585533
C73	E83	9	155	52	56803	2.2061960280183328e-14	4.3308791684711995e-06	0.0014248592464270247
H25	H26	6	30	36	56803	2.4528088104168645e-14	4.3308791684711995e-06	0.001429190125595496
H33	H35	8	69	69	56803	2.4548281736230895e-14	4.3308791684711995e-06	0.001433521004763967
E66	K31	21	1386	98	56803	2.5092748550310148e-14	4.3308791684711995e-06	0.0014378518839324383
F11	F33	26	304	712	56803	2.5766769078495694e-14	4.3308791684711995e-06	0.0014421827631009095
C77	E89	7	44	58	56803	2.957256612853124e-14	4.3308791684711995e-06	0.0014465136422693807
E03	E78	26	563	386	56803	3.074729884797189e-14	4.3308791684711995e-06	0.0014508445214378518
E78	F41	29	386	721	56803	3.2825717000946884e-14	4.3308791684711995e-06	0.001455175400606323
K42	K43	13	263	126	56803	3.5782421567579426e-14	4.3308791684711995e-06	0.0014595062797747942
N04	N17	6	21	56	56803	3.7348684574275886e-14	4.3308791684711995e-06	0.0014638371589432654
F13	F61	16	310	204	56803	3.9288497115664075e-14	4.3308791684711995e-06	0.0014681680381117366
N64	L90	16	217	294	56803	4.5454813273062924e-14	4.3308791684711995e-06	0.0014724989172802078
H90	H93	11	72	269	56803	5.1223056436842354e-14	4.3308791684711995e-06	0.001476829796448679
F17	F61	24	918	204	56803	5.140283582261252e-14	4.3308791684711995e-06	0.0014811606756171501
F10	F61	25	1015	204	56803	5.57565921378981e-14	4.3308791684711995e-06	0.0014854915547856213
I47	I48	9	209	44	56803	6.588309033152167e-14	4.3308791684711995e-06	0.0014898224339540927
B18	F17	22	170	918	56803	8.013913437591753e-14	4.3308791684711995e-06	0.001494153313122564
J33	J34	18	63	1593	56803	8.201705928203596e-14	4.3308791684711995e-06	0.001498484192291035
G35	H48	6	378	6	56803	8.346794969497741e-14	4.3308791684711995e-06	0.0015028150714595063
H35	H52	10	69	206	56803	8.911856746210962e-14	4.3308791684711995e-06	0.0015071459506279775
D86	L52	7	55	54	56803	9.171750977493525e-14	4.3308791684711995e-06	0.0015114768297964487
I73	M35	6	45	30	56803	1.0223487982422708e-13	4.3308791684711995e-06	0.0015158077089649198
E83	E89	7	52	58	56803	1.025963298574122e-13	4.3308791684711995e-06	0.001520138588133391
K22	K44	12	93	299	56803	1.0334260270348209e-13	4.3308791684711995e-06	0.0015244694673018622
F21	F60	11	22	1135	56803	1.1148605890203402e-13	4.3308791684711995e-06	0.0015288003464703334
N18	D63	6	91	16	56803	1.1298248802932788e-13	4.3308791684711995e-06	0.0015331312256388046
E66	F60	73	1386	1135	56803	1.195321123464694e-13	4.3308791684711995e-06	0.0015374621048072758
G35	G37	10	378	41	56803	1.4110839423586052e-13	4.3308791684711995e-06	0.001541792983975747
N02	N23	7	15	242	56803	1.459450910058447e-13	4.3308791684711995e-06	0.0015461238631442182
M50	M54	16	62	1202	56803	1.6088231197429914e-13	4.3308791684711995e-06	0.0015504547423126893
J45	L20	18	536	181	56803	1.8215588531787657e-13	4.3308791684711995e-06	0.0015547856214811605
F44	G40	20	160	804	56803	1.8618634579894854e-13	4.3308791684711995e-06	0.0015591165006496317
G44	M54	42	518	1202	56803	2.0136812600801892e-13	4.3308791684711995e-06	0.0015634473798181031
F70	F71	7	84	40	56803	2.1455964082727203e-13	4.3308791684711995e-06	0.0015677782589865743
H66	H72	8	128	49	56803	2.2217631758435713e-13	4.3308791684711995e-06	0.0015721091381550455
N18	M31	6	91	18	56803	2.612425132531352e-13	4.3308791684711995e-06	0.0015764400173235167
E03	E11	16	563	129	56803	2.6714543296762996e-13	4.3308791684711995e-06	0.0015807708964919879
D68	I26	12	132	226	56803	2.688950044297272e-13	4.3308791684711995e-06	0.001585101775660459
N92	D50	32	618	599	56803	2.6944789739904394e-13	4.3308791684711995e-06	0.0015894326548289302
N80	E28	47	1553	498	56803	2.857081301226078e-13	4.3308791684711995e-06	0.0015937635339974014
N12	N39	35	250	1816	56803	2.932441010653609e-13	4.3308791684711995e-06	0.0015980944131658726
N91	E28	15	122	498	56803	2.9435028188766236e-13	4.3308791684711995e-06	0.0016024252923343438
F15	F60	14	48	1135	56803	3.8331069994659536e-13	4.3308791684711995e-06	0.001606756171502815
F32	G44	47	1507	518	56803	4.0972085297127894e-13	4.3308791684711995e-06	0.0016110870506712862
F25	F31	13	166	241	56803	4.2320785756933545e-13	4.3308791684711995e-06	0.0016154179298397573
F12	B17	9	188	59	56803	4.279882166301652e-13	4.3308791684711995e-06	0.0016197488090082285
G35	H46	11	378	63	56803	4.429047898241157e-13	4.3308791684711995e-06	0.0016240796881766997
N91	F50	16	122	619	56803	4.632803342616719e-13	4.3308791684711995e-06	0.0016284105673451711
G40	G41	9	804	17	56803	4.791564375119697e-13	4.3308791684711995e-06	0.0016327414465136423
K35	K37	38	1945	279	56803	5.598154095999041e-13	4.3308791684711995e-06	0.0016370723256821135
E66	G47	29	1386	229	56803	5.835298149388456e-13	4.3308791684711995e-06	0.0016414032048505847
B27	J03	15	110	584	56803	6.081648119849928e-13	4.3308791684711995e-06	0.0016457340840190559
F33	F45	27	712	381	56803	7.479454537577963e-13	4.3308791684711995e-06	0.001650064963187527
E10	E78	18	272	386	56803	7.820346068605588e-13	4.3308791684711995e-06	0.0016543958423559982
F79	G40	12	44	804	56803	8.308098654155149e-13	4.3308791684711995e-06	0.0016587267215244694
H50	H53	9	135	88	56803	8.994081351588294e-13	4.3308791684711995e-06	0.0016630576006929406
E87	M81	10	222	81	56803	9.996811127201967e-13	4.3308791684711995e-06	0.0016673884798614118
F20	F70	11	301	84	56803	1.0151437703974966e-12	4.3308791684711995e-06	0.001671719359029883
M43	M54	14	49	1202	56803	1.1357571125466125e-12	4.3308791684711995e-06	0.0016760502381983542
F14	F15	6	41	48	56803	1.157026979242502e-12	4.3308791684711995e-06	0.0016803811173668253
M20	M77	13	523	86	56803	1.391503745376328e-12	4.3308791684711995e-06	0.0016847119965352965
D50	F50	31	599	619	56803	1.5107920994667533e-12	4.3308791684711995e-06	0.0016890428757037677
F40	F42	8	81	97	56803	1.5627080825040696e-12	4.3308791684711995e-06	0.001693373754872239
F17	K29	68	918	1623	56803	1.6849779169672224e-12	4.3308791684711995e-06	0.00169770463404071
N04	I10	8	21	432	56803	1.9578030322635866e-12	4.3308791684711995e-06	0.0017020355132091815
N18	M32	8	91	89	56803	2.0107171279738376e-12	4.3308791684711995e-06	0.0017063663923776527
D50	K92	20	599	242	56803	2.102918388524352e-12	4.3308791684711995e-06	0.0017106972715461239
F12	F20	14	188	301	56803	2.144711905458273e-12	4.3308791684711995e-06	0.001715028150714595
N03	I10	7	13	432	56803	2.3127743677632668e-12	4.3308791684711995e-06	0.0017193590298830662
B94	F17	11	33	918	56803	2.5910399170232714e-12	4.3308791684711995e-06	0.0017236899090515374
J30	J34	23	132	1593	56803	2.75837030045395e-12	4.3308791684711995e-06	0.0017280207882200086
J18	J45	23	381	536	56803	3.2860377193698835e-12	4.3308791684711995e-06	0.0017323516673884798
E74	K58	10	94	215	56803	3.3506447425853617e-12	4.3308791684711995e-06	0.001736682546556951
F17	I26	23	918	226	56803	3.6700024340833835e-12	4.3308791684711995e-06	0.0017410134257254222
E55	M81	7	61	81	56803	3.7690368977383106e-12	4.3308791684711995e-06	0.0017453443048938934
F25	F70	9	166	84	56803	3.810409807244721e-12	4.3308791684711995e-06	0.0017496751840623645
M19	M25	10	75	276	56803	3.910472320221464e-12	4.3308791684711995e-06	0.0017540060632308357
H53	H57	6	88	28	56803	4.2596691650535365e-12	4.3308791684711995e-06	0.001758336942399307
K50	K52	46	512	1574	56803	4.512124958613037e-12	4.3308791684711995e-06	0.001762667821567778
H26	H33	6	36	69	56803	4.865274937681392e-12	4.3308791684711995e-06	0.0017669987007362495
D64	I10	19	316	432	56803	6.969150146395297e-12	4.3308791684711995e-06	0.0017713295799047207
J32	M95	27	692	433	56803	7.58645131474366e-12	4.3308791684711995e-06	0.0017756604590731919
H83	H91	9	46	338	56803	7.632488976572878e-12	4.3308791684711995e-06	0.001779991338241663
N92	N93	17	618	171	56803	8.10660215968174e-12	4.3308791684711995e-06	0.0017843222174101342
B96	K29	14	43	1623	56803	8.255107662512809e-12	4.3308791684711995e-06	0.0017886530965786054
L02	L74	8	522	21	56803	8.834156527552585e-12	4.3308791684711995e-06	0.0017929839757470766
E73	K90	9	150	102	56803	9.101109496747964e-12	4.3308791684711995e-06	0.0017973148549155478
F60	G40	49	1135	804	56803	9.605642985534852e-12	4.3308791684711995e-06	0.001801645734084019
M65	M67	26	324	873	56803	1.1009655569446594e-11	4.3308791684711995e-06	0.0018059766132524902
K60	K62	12	264	156	56803	1.2283439989140752e-11	4.3308791684711995e-06	0.0018103074924209614
F60	F99	12	1135	40	56803	1.2767574762282227e-11	4.3308791684711995e-06	0.0018146383715894325
D64	K51	15	316	247	56803	1.3118839469948788e-11	4.3308791684711995e-06	0.0018189692507579037
E04	E06	15	405	194	56803	1.3829199103187841e-11	4.3308791684711995e-06	0.001823300129926375
F17	G40	43	918	804	56803	1.425202783115125e-11	4.3308791684711995e-06	0.001827631009094846
F60	L70	15	1135	73	56803	1.456074048197953e-11	4.3308791684711995e-06	0.0018319618882633173
F70	G40	14	84	804	56803	1.474123048647081e-11	4.3308791684711995e-06	0.0018362927674317885
N10	B96	11	800	43	56803	1.542570835375255e-11	4.3308791684711995e-06	0.0018406236466002599
G04	G35	9	45	378	56803	1.6694706388427345e-11	4.3308791684711995e-06	0.001844954525768731
E87	F10	23	222	1015	56803	1.8841893991140228e-11	4.3308791684711995e-06	0.0018492854049372023
F44	F61	11	160	204	56803	1.9002475492152734e-11	4.3308791684711995e-06	0.0018536162841056734
I10	I42	8	432	27	56803	2.052403030066319e-11	4.3308791684711995e-06	0.0018579471632741446
E11	F70	8	129	84	56803	2.1414429634937975e-11	4.3308791684711995e-06	0.0018622780424426158
N70	K36	26	780	373	56803	2.1537273622039142e-11	4.3308791684711995e-06	0.001866608921611087
F41	F42	14	721	97	56803	2.638903470639594e-11	4.3308791684711995e-06	0.0018709398007795582
D64	D69	12	316	141	56803	2.9953533142985886e-11	4.3308791684711995e-06	0.0018752706799480294
G80	M21	6	32	105	56803	3.007524668291229e-11	4.3308791684711995e-06	0.0018796015591165006
N83	N99	14	2073	38	56803	3.019768859426545e-11	4.3308791684711995e-06	0.0018839324382849717
M47	M51	12	81	570	56803	3.5061651630179565e-11	4.3308791684711995e-06	0.001888263317453443
E78	F33	25	386	712	56803	3.673810173177551e-11	4.3308791684711995e-06	0.0018925941966219141
N70	N76	29	780	475	56803	3.748639061534933e-11	4.3308791684711995e-06	0.0018969250757903853
F12	F50	17	188	619	56803	3.7911939530512405e-11	4.3308791684711995e-06	0.0019012559549588565
B18	F60	21	170	1135	56803	3.8421482950272756e-11	4.3308791684711995e-06	0.0019055868341273279
B18	F10	20	170	1015	56803	3.845976393771249e-11	4.3308791684711995e-06	0.001909917713295799
B96	M81	6	43	81	56803	4.0678992863120384e-11	4.3308791684711995e-06	0.0019142485924642703
F17	J18	28	918	381	56803	4.603236650397876e-11	4.3308791684711995e-06	0.0019185794716327414
G55	M54	12	42	1202	56803	4.7051474559347e-11	4.3308791684711995e-06	0.0019229103508012126
F19	F50	27	526	619	56803	5.058836895386021e-11	4.3308791684711995e-06	0.0019272412299696838
C49	D48	8	31	416	56803	5.2680090332200955e-11	4.3308791684711995e-06	0.001931572109138155
M62	M99	6	70	52	56803	5.4741781495451935e-11	4.3308791684711995e-06	0.0019359029883066262
K29	K76	26	1623	192	56803	6.088578245316145e-11	4.3308791684711995e-06	0.0019402338674750974
F50	M85	10	619	46	56803	6.296462669263243e-11	4.3308791684711995e-06	0.0019445647466435686
B18	K73	6	170	23	56803	6.36273409757924e-11	4.3308791684711995e-06	0.0019488956258120397
F51	G47	8	55	229	56803	6.383392579671675e-11	4.3308791684711995e-06	0.001953226504980511
J45	J46	7	536	16	56803	6.809047777073287e-11	4.3308791684711995e-06	0.001957557384148982
D69	M32	8	141	89	56803	7.028662544416367e-11	4.3308791684711995e-06	0.0019618882633174535
E65	M62	8	182	70	56803	7.579953126938012e-11	4.3308791684711995e-06	0.0019662191424859245
I45	I47	8	62	209	56803	8.370198439259057e-11	4.3308791684711995e-06	0.001970550021654396
F19	F20	19	526	301	56803	8.660351039821891e-11	4.3308791684711995e-06	0.001974880900822867
K56	K59	20	259	689	56803	8.725610671726653e-11	4.3308791684711995e-06	0.0019792117799913383
E66	K44	30	1386	299	56803	8.969190411223696e-11	4.3308791684711995e-06	0.0019835426591598092
K25	K44	9	67	299	56803	9.000688217036134e-11	4.3308791684711995e-06	0.0019878735383282806
M51	M99	10	570	52	56803	1.0376960048719724e-10	4.3308791684711995e-06	0.0019922044174967516
N64	L57	8	217	62	56803	1.128494468162333e-10	4.3308791684711995e-06	0.001996535296665223
N10	A41	12	800	65	56803	1.1428001397892854e-10	4.3308791684711995e-06	0.002000866175833694
E03	F60	38	563	1135	56803	1.1660679350625635e-10	4.3308791684711995e-06	0.0020051970550021654
N83	N94	66	2073	760	56803	1.2300320698792255e-10	4.3308791684711995e-06	0.0020095279341706363
K29	K59	53	1623	689	56803	1.2310645592339889e-10	4.3308791684711995e-06	0.0020138588133391077
F33	L70	12	712	73	56803	1.256491183067111e-10	4.3308791684711995e-06	0.002018189692507579
B18	F15	7	170	48	56803	1.2608394047334394e-10	4.3308791684711995e-06	0.00202252057167605
L20	L23	8	181	75	56803	1.2789098210581374e-10	4.3308791684711995e-06	0.0020268514508445215
C71	G40	10	39	804	56803	1.3402455239347186e-10	4.3308791684711995e-06	0.0020311823300129925
K63	K92	11	163	242	56803	1.448329340959434e-10	4.3308791684711995e-06	0.002035513209181464
N83	D39	25	2073	148	56803	1.7651839648269047e-10	4.3308791684711995e-06	0.002039844088349935
D13	D37	6	43	103	56803	1.770316893521912e-10	4.3308791684711995e-06	0.0020441749675184063
K21	K58	15	440	215	56803	1.8813867371317508e-10	4.3308791684711995e-06	0.0020485058466868772
B24	F19	10	60	526	56803	2.12122484810827e-10	4.3308791684711995e-06	0.0020528367258553486
M54	M62	14	1202	70	56803	2.1515311848336457e-10	4.3308791684711995e-06	0.0020571676050238196
N80	N99	12	1553	38	56803	2.345583351757312e-10	4.3308791684711995e-06	0.002061498484192291
F31	F50	18	241	619	56803	2.3844416033300593e-10	4.3308791684711995e-06	0.002065829363360762
E66	L57	14	1386	62	56803	2.4251658107628427e-10	4.3308791684711995e-06	0.0020701602425292334
E22	F20	7	31	301	56803	2.579921842413573e-10	4.3308791684711995e-06	0.0020744911216977044
G43	G97	10	822	41	56803	2.8526138634874624e-10	4.3308791684711995e-06	0.0020788220008661758
F34	F43	13	46	1600	56803	2.868565110653708e-10	4.3308791684711995e-06	0.002083152880034647
K50	K56	17	512	259	56803	3.104524367970876e-10	4.3308791684711995e-06	0.002087483759203118
I10	K76	14	432	192	56803	3.3623286222341786e-10	4.3308791684711995e-06	0.0020918146383715895
N80	D25	29	1553	266	56803	3.4886585179105125e-10	4.3308791684711995e-06	0.0020961455175400605
F83	G40	7	14	804	56803	3.491314825329092e-10	4.3308791684711995e-06	0.002100476396708532
F19	J45	24	526	536	56803	3.57865999045661e-10	4.3308791684711995e-06	0.002104807275877003
E73	K58	10	150	215	56803	3.6065378121691516e-10	4.3308791684711995e-06	0.0021091381550454743
N70	N71	18	780	198	56803	3.8357878490215223e-10	4.3308791684711995e-06	0.0021134690342139452
C50	D24	11	81	548	56803	4.022392614230546e-10	4.3308791684711995e-06	0.0021177999133824166
M06	M13	6	72	70	56803	4.1206991166884755e-10	4.3308791684711995e-06	0.0021221307925508876
F10	F41	40	1015	721	56803	4.704459919618571e-10	4.3308791684711995e-06	0.002126461671719359
I63	I67	6	68	76	56803	4.804878957141007e-10	4.3308791684711995e-06	0.00213079255088783
F45	G44	20	381	518	56803	5.461148219554266e-10	4.3308791684711995e-06	0.0021351234300563014
I84	K92	14	356	242	56803	5.707319920840163e-10	4.3308791684711995e-06	0.0021394543092247724
M22	M67	18	182	873	56803	5.762746363218539e-10	4.3308791684711995e-06	0.0021437851883932438
K02	K10	8	178	93	56803	6.441071317087362e-10	4.3308791684711995e-06	0.002148116067561715
A15	J18	9	66	381	56803	6.608542139956463e-10	4.3308791684711995e-06	0.002152446946730186
B18	B94	6	170	33	56803	6.810315108947984e-10	4.3308791684711995e-06	0.0021567778258986575
N10	N20	32	800	629	56803	7.110823670584777e-10	4.3308791684711995e-06	0.0021611087050671285
F14	F17	10	41	918	56803	8.251828506329165e-10	4.3308791684711995e-06	0.0021654395842356
D64	M81	9	316	81	56803	8.362516901005314e-10	4.3308791684711995e-06	0.002169770463404071
E14	I10	10	83	432	56803	8.656841575787836e-10	4.3308791684711995e-06	0.0021741013425725423
E78	F19	20	386	526	56803	8.901486203291836e-10	4.3308791684711995e-06	0.0021784322217410132
E14	H35	6	83	69	56803	9.015914089669722e-10	4.3308791684711995e-06	0.0021827631009094847
F13	K70	6	310	20	56803	9.148665049080966e-10	4.3308791684711995e-06	0.0021870939800779556
F17	I63	12	918	68	56803	9.397409246297879e-10	4.3308791684711995e-06	0.002191424859246427
N17	D64	8	56	316	56803	9.457301590939821e-10	4.3308791684711995e-06	0.002195755738414898
D16	D48	12	145	416	56803	9.564336161618888e-10	4.3308791684711995e-06	0.0022000866175833694
D50	K90	12	599	102	56803	9.67540185166448e-10	4.3308791684711995e-06	0.0022044174967518404
E10	E87	12	272	222	56803	1.0342849668864588e-09	4.3308791684711995e-06	0.0022087483759203118
H65	H90	6	82	72	56803	1.0874082469706761e-09	4.3308791684711995e-06	0.0022130792550887827
M20	M25	17	523	276	56803	1.1322353030783458e-09	4.3308791684711995e-06	0.002217410134257254
K40	K42	11	183	263	56803	1.1978365319311635e-09	4.3308791684711995e-06	0.0022217410134257255
I47	I49	8	209	86	56803	1.2180352010157856e-09	4.3308791684711995e-06	0.0022260718925941965
B24	F11	8	60	304	56803	1.2335498338609067e-09	4.3308791684711995e-06	0.002230402771762668
K76	K80	24	192	1598	56803	1.259311400105394e-09	4.3308791684711995e-06	0.002234733650931139
E73	K52	21	150	1574	56803	1.2963704576242441e-09	4.3308791684711995e-06	0.0022390645300996103
K63	K91	6	163	38	56803	1.302137154742827e-09	4.3308791684711995e-06	0.0022433954092680813
J34	J35	103	1593	1963	56803	1.3050641026767229e-09	4.3308791684711995e-06	0.0022477262884365527
K50	L52	9	512	54	56803	1.3590281607398858e-09	4.3308791684711995e-06	0.0022520571676050236
F34	F60	11	46	1135	56803	1.360251283600276e-09	4.3308791684711995e-06	0.002256388046773495
M43	M51	9	49	570	56803	1.3932959782217857e-09	4.3308791684711995e-06	0.002260718925941966
F32	F55	10	1507	28	56803	1.424015957816019e-09	4.3308791684711995e-06	0.0022650498051104374
C43	D22	8	91	202	56803	1.4687173810725648e-09	4.3308791684711995e-06	0.0022693806842789084
F60	J45	35	1135	536	56803	1.4891736509580065e-09	4.3308791684711995e-06	0.0022737115634473798
H66	H71	6	128	49	56803	1.502229145671817e-09	4.3308791684711995e-06	0.0022780424426158507
M23	M71	9	702	41	56803	1.5735186331749732e-09	4.3308791684711995e-06	0.002282373321784322
J31	J35	12	36	1963	56803	1.6247824672661804e-09	4.3308791684711995e-06	0.002286704200952793
M24	M67	19	218	873	56803	1.6438389396404556e-09	4.3308791684711995e-06	0.0022910350801212645
I80	I82	9	248	111	56803	1.7095495651931156e-09	4.3308791684711995e-06	0.002295365959289736
N98	E28	12	128	498	56803	1.7109814286725653e-09	4.3308791684711995e-06	0.002299696838458207
I10	M32	10	432	89	56803	1.7378993952839832e-09	4.3308791684711995e-06	0.0023040277176266783
E78	E79	7	386	32	56803	1.8428351572382033e-09	4.3308791684711995e-06	0.0023083585967951493
K29	K63	22	1623	163	56803	1.8799199946149366e-09	4.3308791684711995e-06	0.0023126894759636207
F30	F31	6	28	241	56803	1.9092751910299314e-09	4.3308791684711995e-06	0.0023170203551320916
N73	D27	20	410	519	56803	1.9911337025439347e-09	4.3308791684711995e-06	0.002321351234300563
F11	K73	6	304	23	56803	2.0912492347776694e-09	4.3308791684711995e-06	0.002325682113469034
K29	K92	27	1623	242	56803	2.1445747606383744e-09	4.3308791684711995e-06	0.0023300129926375054
F31	F33	18	241	712	56803	2.1619412339104364e-09	4.3308791684711995e-06	0.0023343438718059764
E66	J45	39	1386	536	56803	2.1931395556306598e-09	4.3308791684711995e-06	0.0023386747509744478
H83	H93	7	46	269	56803	2.25819350407181e-09	4.3308791684711995e-06	0.0023430056301429187
F13	K73	6	310	23	56803	2.3500852415136557e-09	4.3308791684711995e-06	0.00234733650931139
F17	B17	11	918	59	56803	2.5566477347206005e-09	4.3308791684711995e-06	0.002351667388479861
N64	E65	10	217	182	56803	2.5930859344511913e-09	4.3308791684711995e-06	0.0023559982676483325
F17	F63	9	918	34	56803	2.6418681685577875e-09	4.3308791684711995e-06	0.002360329146816804
M21	M25	9	105	276	56803	2.6496362186300843e-09	4.3308791684711995e-06	0.002364660025985275
M25	M67	21	276	873	56803	2.7126729556542456e-09	4.3308791684711995e-06	0.0023689909051537463
K31	K44	9	98	299	56803	2.8727996786919893e-09	4.3308791684711995e-06	0.0023733217843222173
E03	F32	42	563	1507	56803	2.9464070558371094e-09	4.3308791684711995e-06	0.0023776526634906887
E78	K44	15	386	299	56803	2.9592628992758605e-09	4.3308791684711995e-06	0.0023819835426591596
F45	K58	13	381	215	56803	3.119011682273553e-09	4.3308791684711995e-06	0.002386314421827631
D22	D23	8	202	100	56803	3.1292670736612592e-09	4.3308791684711995e-06	0.002390645300996102
F45	F54	6	381	20	56803	3.1344131454761686e-09	4.3308791684711995e-06	0.0023949761801645734
B18	G40	16	170	804	56803	3.3346860203989763e-09	4.3308791684711995e-06	0.0023993070593330444
E78	G43	24	386	822	56803	3.4896192548238365e-09	4.3308791684711995e-06	0.002403637938501516
N13	N28	10	661	64	56803	3.665150595420832e-09	4.3308791684711995e-06	0.0024079688176699868
D50	E83	9	599	52	56803	3.733943194666899e-09	4.3308791684711995e-06	0.002412299696838458
E10	I10	15	272	432	56803	3.734872621062562e-09	4.3308791684711995e-06	0.002416630576006929
D50	E46	6	599	14	56803	3.748701711071415e-09	4.3308791684711995e-06	0.0024209614551754005
C73	E06	9	155	194	56803	3.8357323496457494e-09	4.3308791684711995e-06	0.002425292334343872
G43	I63	11	822	68	56803	3.952307189208134e-09	4.3308791684711995e-06	0.002429623213512343
N60	D48	10	101	416	56803	4.232481928415536e-09	4.3308791684711995e-06	0.0024339540926808143
N13	A41	10	661	65	56803	4.286587872155012e-09	4.3308791684711995e-06	0.0024382849718492853
F15	F17	10	48	918	56803	4.347014358753141e-09	4.3308791684711995e-06	0.0024426158510177567
E78	F13	15	386	310	56803	4.81802847102175e-09	4.3308791684711995e-06	0.0024469467301862276
F45	F60	28	381	1135	56803	5.083592591482725e-09	4.3308791684711995e-06	0.002451277609354699
E66	K21	34	1386	440	56803	5.193826992814666e-09	4.3308791684711995e-06	0.00245560848852317
J01	J34	21	160	1593	56803	5.2409032457787015e-09	4.3308791684711995e-06	0.0024599393676916414
E78	E87	13	386	222	56803	5.359827734519618e-09	4.3308791684711995e-06	0.0024642702468601124
D64	E87	12	316	222	56803	5.570484146104801e-09	4.3308791684711995e-06	0.002468601126028584
F32	F42	16	1507	97	56803	5.860717535138767e-09	4.3308791684711995e-06	0.0024729320051970548
K29	K83	13	1623	57	56803	6.130480211777643e-09	4.3308791684711995e-06	0.002477262884365526
N17	D69	6	56	141	56803	6.160181691178733e-09	4.3308791684711995e-06	0.002481593763533997
G44	M53	14	518	201	56803	6.198097405213272e-09	4.3308791684711995e-06	0.0024859246427024685
G43	G45	10	822	55	56803	6.200855824087609e-09	4.3308791684711995e-06	0.0024902555218709395
D64	K50	17	316	512	56803	6.30113276745031e-09	4.3308791684711995e-06	0.002494586401039411
F15	F43	12	48	1600	56803	6.528143323138821e-09	4.3308791684711995e-06	0.0024989172802078823
N39	B96	12	1816	43	56803	6.726333746588855e-09	4.3308791684711995e-06	0.0025032481593763533
F32	J45	40	1507	536	56803	6.882920789998619e-09	4.3308791684711995e-06	0.0025075790385448247
F10	B17	11	1015	59	56803	7.195364005511227e-09	4.3308791684711995e-06	0.0025119099177132957
E66	F61	22	1386	204	56803	7.428975377978255e-09	4.3308791684711995e-06	0.002516240796881767
M77	M87	6	86	95	56803	7.86794962147142e-09	4.3308791684711995e-06	0.002520571676050238
E61	F50	11	95	619	56803	8.04908072576081e-09	4.3308791684711995e-06	0.0025249025552187094
F19	F61	14	526	204	56803	9.079641794171779e-09	4.3308791684711995e-06	0.0025292334343871804
C50	D48	9	81	416	56803	9.108082596801325e-09	4.3308791684711995e-06	0.002533564313555652
E88	K76	8	121	192	56803	9.555152595273372e-09	4.3308791684711995e-06	0.0025378951927241228
M17	M22	6	47	182	56803	9.588333850518814e-09	4.3308791684711995e-06	0.002542226071892594
F41	F61	16	721	204	56803	9.983665290625168e-09	4.3308791684711995e-06	0.002546556951061065
G35	G97	7	378	41	56803	1.011670835102321e-08	4.3308791684711995e-06	0.0025508878302295365
E66	F33	45	1386	712	56803	1.0317033951103653e-08	4.3308791684711995e-06	0.0025552187093980075
E66	I26	23	1386	226	56803	1.0362783794607686e-08	4.3308791684711995e-06	0.002559549588566479
M24	M62	7	218	70	56803	1.087060500678495e-08	4.3308791684711995e-06	0.00256388046773495
N91	N97	17	122	1415	56803	1.0913362149954613e-08	4.3308791684711995e-06	0.0025682113469034213
F32	F44	20	1507	160	56803	1.1195875903989897e-08	4.3308791684711995e-06	0.0025725422260718927
K35	K65	14	1945	60	56803	1.1506622345624355e-08	4.3308791684711995e-06	0.0025768731052403637
K56	K65	7	259	60	56803	1.187251703124414e-08	4.3308791684711995e-06	0.002581203984408835
G40	G80	8	804	32	56803	1.2123200557823773e-08	4.3308791684711995e-06	0.002585534863577306
K04	K10	7	166	93	56803	1.2292879727423474e-08	4.3308791684711995e-06	0.0025898657427457774
F32	F63	10	1507	34	56803	1.2309184481473358e-08	4.3308791684711995e-06	0.0025941966219142484
E73	K29	20	150	1623	56803	1.2475234140253627e-08	4.3308791684711995e-06	0.00259852750108272
F22	F60	8	24	1135	56803	1.3727086231561499e-08	4.3308791684711995e-06	0.0026028583802511908
N39	A41	14	1816	65	56803	1.4684631379342877e-08	4.3308791684711995e-06	0.002607189259419662
K22	K31	6	93	98	56803	1.5244782943824102e-08	4.3308791684711995e-06	0.002611520138588133
D64	E83	7	316	52	56803	1.6656546572326298e-08	4.3308791684711995e-06	0.0026158510177566045
F17	K70	7	918	20	56803	1.8164289518669295e-08	4.3308791684711995e-06	0.0026201818969250755
K62	K63	8	156	163	56803	1.9555897528424145e-08	4.3308791684711995e-06	0.002624512776093547
E86	K52	17	115	1574	56803	2.0711349988140955e-08	4.3308791684711995e-06	0.002628843655262018
K56	K91	6	259	38	56803	2.071381193335676e-08	4.3308791684711995e-06	0.0026331745344304893
E74	K59	11	94	689	56803	2.1449890852125308e-08	4.3308791684711995e-06	0.0026375054135989607
G40	G82	10	804	64	56803	2.3222353742431884e-08	4.3308791684711995e-06	0.0026418362927674317
E87	A09	23	222	1478	56803	2.3908199089043454e-08	4.3308791684711995e-06	0.002646167171935903
J18	J96	7	381	46	56803	2.4705120874527922e-08	4.3308791684711995e-06	0.002650498051104374
M22	M25	10	182	276	56803	2.5560628354688876e-08	4.3308791684711995e-06	0.0026548289302728454
F17	F20	21	918	301	56803	2.9389322293584934e-08	4.3308791684711995e-06	0.0026591598094413164
F10	G40	39	1015	804	56803	3.021971550985578e-08	4.3308791684711995e-06	0.002663490688609788
N18	N39	16	91	1816	56803	3.026595724049548e-08	4.3308791684711995e-06	0.0026678215677782588
K75	K76	6	54	192	56803	3.111547685575411e-08	4.3308791684711995e-06	0.00267215244694673
E61	F32	15	95	1507	56803	3.206841082268538e-08	4.3308791684711995e-06	0.002676483326115201
N18	E86	6	91	115	56803	3.496385511730887e-08	4.3308791684711995e-06	0.0026808142052836726
D68	F17	14	132	918	56803	3.539232568477622e-08	4.3308791684711995e-06	0.0026851450844521435
F17	G43	37	918	822	56803	3.588071466335432e-08	4.3308791684711995e-06	0.002689475963620615
J01	J06	11	160	422	56803	3.8506498116014636e-08	4.3308791684711995e-06	0.002693806842789086
N85	N97	21	201	1415	56803	4.005020546137141e-08	4.3308791684711995e-06	0.0026981377219575573
K29	K50	39	1623	512	56803	4.3188409884677934e-08	4.3308791684711995e-06	0.0027024686011260287
D64	E78	14	316	386	56803	4.717442272434613e-08	4.3308791684711995e-06	0.0027067994802944997
F23	F61	10	263	204	56803	4.774391324396306e-08	4.3308791684711995e-06	0.002711130359462971
K50	M81	9	512	81	56803	5.3761462816325616e-08	4.3308791684711995e-06	0.002715461238631442
F55	F60	8	28	1135	56803	5.4039429525612895e-08	4.3308791684711995e-06	0.0027197921177999134
F19	K73	6	526	23	56803	5.412157863842136e-08	4.3308791684711995e-06	0.0027241229969683844
N11	N39	12	51	1816	56803	5.4947775382875013e-08	4.3308791684711995e-06	0.002728453876136856
F40	F43	14	81	1600	56803	5.8559680406919896e-08	4.3308791684711995e-06	0.002732784755305327
K59	K92	16	689	242	56803	5.874065890179653e-08	4.3308791684711995e-06	0.002737115634473798
K01	K10	11	774	93	56803	6.202983841017191e-08	4.3308791684711995e-06	0.002741446513642269
F45	M54	27	381	1202	56803	6.475451579193229e-08	4.3308791684711995e-06	0.0027457773928107406
N30	N39	21	163	1816	56803	6.7907131932888e-08	4.3308791684711995e-06	0.0027501082719792115
F42	F61	7	97	204	56803	6.7909391025994e-08	4.3308791684711995e-06	0.002754439151147683
K00	K01	6	17	774	56803	6.836736512462382e-08	4.3308791684711995e-06	0.002758770030316154
D21	D48	8	73	416	56803	6.864344280401694e-08	4.3308791684711995e-06	0.0027631009094846253
K50	K65	8	512	60	56803	6.999891116823486e-08	4.3308791684711995e-06	0.0027674317886530963
H74	H91	6	36	338	56803	7.115318372945884e-08	4.3308791684711995e-06	0.0027717626678215677
D50	E61	10	599	95	56803	7.143639280229394e-08	4.3308791684711995e-06	0.002776093546990039
K56	K63	9	259	163	56803	7.19319456852735e-08	4.3308791684711995e-06	0.00278042442615851
F43	F62	7	1600	15	56803	7.32875310926122e-08	4.3308791684711995e-06	0.0027847553053269814
E66	G93	12	1386	67	56803	7.392232082416949e-08	4.3308791684711995e-06	0.0027890861844954524
F60	K76	18	1135	192	56803	7.46887666703276e-08	4.3308791684711995e-06	0.002793417063663924
E78	F43	32	386	1600	56803	7.477577021645498e-08	4.3308791684711995e-06	0.002797747942832395
N19	I10	6	29	432	56803	7.656298663414395e-08	4.3308791684711995e-06	0.002802078822000866
N31	N39	11	43	1816	56803	7.75630565284607e-08	4.3308791684711995e-06	0.002806409701169337
F17	F40	11	918	81	56803	8.021142985665519e-08	4.3308791684711995e-06	0.0028107405803378086
E04	E83	7	405	52	56803	9.026820105848719e-08	4.3308791684711995e-06	0.0028150714595062795
E03	I10	19	563	432	56803	9.386300998375977e-08	4.3308791684711995e-06	0.002819402338674751
N62	L90	13	373	294	56803	9.832160599091643e-08	4.3308791684711995e-06	0.002823733217843222
D16	M77	6	145	86	56803	9.90730782331446e-08	4.3308791684711995e-06	0.0028280640970116933
J01	J32	13	160	692	56803	9.93890371136025e-08	4.3308791684711995e-06	0.0028323949761801643
F17	F25	15	918	166	56803	9.967787693910303e-08	4.3308791684711995e-06	0.0028367258553486357
N17	J18	7	56	381	56803	1.0105467371105121e-07	4.3308791684711995e-06	0.0028410567345171066
F17	F31	18	918	241	56803	1.0184935475051304e-07	4.3308791684711995e-06	0.002845387613685578
E14	E78	8	83	386	56803	1.0699658414572424e-07	4.3308791684711995e-06	0.0028497184928540495
E73	F50	12	150	619	56803	1.111732147598424e-07	4.3308791684711995e-06	0.0028540493720225204
N85	N88	8	201	159	56803	1.146699684558902e-07	4.3308791684711995e-06	0.002858380251190992
E78	F70	8	386	84	56803	1.1756298316237151e-07	4.3308791684711995e-06	0.002862711130359463
B18	L03	7	170	127	56803	1.2550040680263484e-07	4.3308791684711995e-06	0.002867042009527934
F33	F44	13	712	160	56803	1.3761060451416318e-07	4.3308791684711995e-06	0.002871372888696405
D27	D39	11	519	148	56803	1.3830563654853906e-07	4.3308791684711995e-06	0.0028757037678648766
I80	M32	7	248	89	56803	1.4113362642620357e-07	4.3308791684711995e-06	0.0028800346470333475
E78	E89	7	386	58	56803	1.4143630665384723e-07	4.3308791684711995e-06	0.002884365526201819
F44	F70	6	160	84	56803	1.5407822626092353e-07	4.3308791684711995e-06	0.00288869640537029
G54	M51	7	41	570	56803	1.6523147145268516e-07	4.3308791684711995e-06	0.0028930272845387613
F20	F61	10	301	204	56803	1.6728559662196496e-07	4.3308791684711995e-06	0.0028973581637072323
N83	C56	11	2073	41	56803	1.712063371636107e-07	4.3308791684711995e-06	0.0029016890428757037
J15	J18	9	124	381	56803	1.8003887230639786e-07	4.3308791684711995e-06	0.0029060199220441747
D50	K63	12	599	163	56803	1.9418606081954627e-07	4.3308791684711995e-06	0.002910350801212646
M25	M75	7	276	84	56803	1.9500968736691887e-07	4.3308791684711995e-06	0.0029146816803811175
D50	M81	9	599	81	56803	2.0190220847239034e-07	4.3308791684711995e-06	0.0029190125595495884
M50	M51	8	62	570	56803	2.056947516488199e-07	4.3308791684711995e-06	0.00292334343871806
K29	K51	24	1623	247	56803	2.277563011248336e-07	4.3308791684711995e-06	0.002927674317886531
E66	K81	17	1386	153	56803	2.384717468415135e-07	4.3308791684711995e-06	0.002932005197055002
J90	K56	6	57	259	56803	2.5323825296939217e-07	4.3308791684711995e-06	0.002936336076223473
E88	L90	8	121	294	56803	2.5397173254053225e-07	4.3308791684711995e-06	0.0029406669553919446
F17	J30	13	918	132	56803	2.5958064974245087e-07	4.3308791684711995e-06	0.0029449978345604155
K56	K66	10	259	249	56803	2.644599757472381e-07	4.3308791684711995e-06	0.002949328713728887
K30	K44	6	50	299	56803	2.646033221564203e-07	4.3308791684711995e-06	0.002953659592897358
F60	F62	6	1135	15	56803	2.6942751913721367e-07	4.3308791684711995e-06	0.0029579904720658293
F45	F50	18	381	619	56803	2.840717826208093e-07	4.3308791684711995e-06	0.0029623213512343003
A41	J18	7	65	381	56803	2.8804465371771205e-07	4.3308791684711995e-06	0.0029666522304027717
M12	M23	6	23	702	56803	2.9435496331992576e-07	4.3308791684711995e-06	0.0029709831095712427
N85	N91	7	201	122	56803	2.9704294555820245e-07	4.3308791684711995e-06	0.002975313988739714
N89	E03	12	181	563	56803	3.125196824828503e-07	4.3308791684711995e-06	0.0029796448679081855
D64	A09	26	316	1478	56803	3.1792093607203966e-07	4.3308791684711995e-06	0.0029839757470766564
E78	K29	31	386	1623	56803	3.2439773866560894e-07	4.3308791684711995e-06	0.002988306626245128
F13	F40	7	310	81	56803	3.3163368789888507e-07	4.3308791684711995e-06	0.002992637505413599
E78	F50	18	386	619	56803	3.4350821401808983e-07	4.3308791684711995e-06	0.00299696838458207
F32	M54	63	1507	1202	56803	3.5419589353799717e-07	4.3308791684711995e-06	0.003001299263750541
C73	J38	6	155	102	56803	4.0630634809562216e-07	4.3308791684711995e-06	0.0030056301429190126
N92	N94	26	618	760	56803	4.109751020457997e-07	4.3308791684711995e-06	0.0030099610220874836
N31	G35	6	43	378	56803	4.133347387538451e-07	4.3308791684711995e-06	0.003014291901255955
F10	F31	18	1015	241	56803	4.3908541677670586e-07	4.3308791684711995e-06	0.003018622780424426
G40	G93	9	804	67	56803	4.4819247327386493e-07	4.3308791684711995e-06	0.0030229536595928973
F10	F30	7	1015	28	56803	4.86170815025063e-07	4.3308791684711995e-06	0.0030272845387613683
N86	N92	11	142	618	56803	5.102456774607128e-07	4.3308791684711995e-06	0.0030316154179298397
N18	D50	9	91	599	56803	5.525165610337363e-07	4.3308791684711995e-06	0.0030359462970983107
F31	F41	15	241	721	56803	5.821622018848323e-07	4.3308791684711995e-06	0.003040277176266782
F11	K02	9	304	178	56803	5.843696413470016e-07	4.3308791684711995e-06	0.003044608055435253
E66	I89	8	1386	31	56803	5.894267487610249e-07	4.3308791684711995e-06	0.0030489389346037244
F13	G40	18	310	804	56803	6.106622546748432e-07	4.3308791684711995e-06	0.003053269813772196
D50	E73	11	599	150	56803	6.504406816493156e-07	4.3308791684711995e-06	0.003057600692940667
J39	M95	7	65	433	56803	6.778144874026669e-07	4.3308791684711995e-06	0.003061931572109138
A04	K52	20	197	1574	56803	7.092699415955561e-07	4.3308791684711995e-06	0.003066262451277609
D64	M32	7	316	89	56803	7.195149181461612e-07	4.3308791684711995e-06	0.0030705933304460806
I26	J15	7	226	124	56803	7.292761440441538e-07	4.3308791684711995e-06	0.0030749242096145516
K52	K63	18	1574	163	56803	7.378261389380513e-07	4.3308791684711995e-06	0.003079255088783023
F17	I80	17	918	248	56803	7.638541937414181e-07	4.3308791684711995e-06	0.003083585967951494
E66	F25	17	1386	166	56803	7.643104817455853e-07	4.3308791684711995e-06	0.0030879168471199653
K81	K85	7	153	188	56803	8.767026832902597e-07	4.3308791684711995e-06	0.0030922477262884363
E78	G40	20	386	804	56803	8.851081538705465e-07	4.3308791684711995e-06	0.0030965786054569077
K21	K25	7	440	67	56803	9.296476806263581e-07	4.3308791684711995e-06	0.0031009094846253787
F20	F42	7	301	97	56803	9.349883719126615e-07	4.3308791684711995e-06	0.00310524036379385
E66	F70	12	1386	84	56803	9.518162825561134e-07	4.3308791684711995e-06	0.003109571242962321
E03	I31	6	563	34	56803	9.80840258759358e-07	4.3308791684711995e-06	0.0031139021221307924
J02	J03	9	100	584	56803	1.0013273555770309e-06	4.3308791684711995e-06	0.0031182330012992634
H35	I10	7	69	432	56803	1.0076840921275951e-06	4.3308791684711995e-06	0.003122563880467735
F13	F31	10	310	241	56803	1.0077066715798742e-06	4.3308791684711995e-06	0.0031268947596362062
F32	K76	19	1507	192	56803	1.0375412626621851e-06	4.3308791684711995e-06	0.003131225638804677
E03	F33	23	563	712	56803	1.0384357755065547e-06	4.3308791684711995e-06	0.0031355565179731486
F60	F71	8	1135	40	56803	1.08128924501385e-06	4.3308791684711995e-06	0.0031398873971416196
D64	E61	7	316	95	56803	1.1215058966200753e-06	4.3308791684711995e-06	0.003144218276310091
E55	K29	11	61	1623	56803	1.1284288399701947e-06	4.3308791684711995e-06	0.003148549155478562
F17	J44	8	918	49	56803	1.1332180328323522e-06	4.3308791684711995e-06	0.0031528800346470333
N23	N39	24	242	1816	56803	1.1410773248143429e-06	4.3308791684711995e-06	0.0031572109138155043
F33	F70	9	712	84	56803	1.158016220760199e-06	4.3308791684711995e-06	0.0031615417929839757
M24	M53	8	218	201	56803	1.258994894597058e-06	4.3308791684711995e-06	0.0031658726721524467
E03	F41	23	563	721	56803	1.282746794737591e-06	4.3308791684711995e-06	0.003170203551320918
K29	K90	14	1623	102	56803	1.3024593630426785e-06	4.3308791684711995e-06	0.003174534430489389
D72	E78	6	51	386	56803	1.317714775075787e-06	4.3308791684711995e-06	0.0031788653096578605
F50	L70	8	619	73	56803	1.3715730129961538e-06	4.3308791684711995e-06	0.0031831961888263314
N61	L02	10	149	522	56803	1.3768792729816952e-06	4.3308791684711995e-06	0.003187527067994803
N96	N97	9	45	1415	56803	1.4232830409635153e-06	4.3308791684711995e-06	0.0031918579471632742
M25	M41	7	276	113	56803	1.4749709697464741e-06	4.3308791684711995e-06	0.003196188826331745
E83	F50	7	52	619	56803	1.543295310010337e-06	4.3308791684711995e-06	0.0032005197055002166
F10	F23	18	1015	263	56803	1.5520790801006337e-06	4.3308791684711995e-06	0.0032048505846686876
E78	F61	10	386	204	56803	1.599150477584356e-06	4.3308791684711995e-06	0.003209181463837159
K44	K80	25	299	1598	56803	1.6029643026127951e-06	4.3308791684711995e-06	0.00321351234300563
N18	E87	6	91	222	56803	1.6826799749804823e-06	4.3308791684711995e-06	0.0032178432221741013
F50	F63	6	619	34	56803	1.6960093311842072e-06	4.3308791684711995e-06	0.0032221741013425723
M17	M23	7	47	702	56803	1.7501043148831906e-06	4.3308791684711995e-06	0.0032265049805110437
D64	K29	26	316	1623	56803	1.7928867442979407e-06	4.3308791684711995e-06	0.0032308358596795147
M23	M93	8	702	67	56803	1.7953822668453074e-06	4.3308791684711995e-06	0.003235166738847986
N76	B37	10	475	169	56803	1.8600800518564807e-06	4.3308791684711995e-06	0.003239497618016457
D16	L05	9	145	432	56803	1.9083428363753313e-06	4.3308791684711995e-06	0.0032438284971849285
N71	N92	12	198	618	56803	2.133987596758185e-06	4.3308791684711995e-06	0.0032481593763533994
F17	J20	15	918	211	56803	2.1487629093019123e-06	4.3308791684711995e-06	0.003252490255521871
F23	F31	9	263	241	56803	2.1781045453696386e-06	4.3308791684711995e-06	0.0032568211346903422
F31	F32	21	241	1507	56803	2.2853815160797194e-06	4.3308791684711995e-06	0.003261152013858813
E78	K21	14	386	440	56803	2.4781603395012534e-06	4.3308791684711995e-06	0.0032654828930272846
E73	K59	11	150	689	56803	2.508858311904903e-06	4.3308791684711995e-06	0.0032698137721957556
F60	B17	9	1135	59	56803	2.5235379716855244e-06	4.3308791684711995e-06	0.003274144651364227
E61	K50	8	95	512	56803	2.5246708958108567e-06	4.3308791684711995e-06	0.003278475530532698
F60	J69	6	1135	21	56803	2.636043952948015e-06	4.3308791684711995e-06	0.0032828064097011693
M25	M79	8	276	176	56803	2.6969098101196914e-06	4.3308791684711995e-06	0.0032871372888696403
E65	E66	17	182	1386	56803	2.7403385780171874e-06	4.3308791684711995e-06	0.0032914681680381117
K52	K58	20	1574	215	56803	2.777016510209872e-06	4.3308791684711995e-06	0.0032957990472065827
F23	F70	6	263	84	56803	2.7952570730367203e-06	4.3308791684711995e-06	0.003300129926375054
K01	K12	14	774	223	56803	2.8190027504121824e-06	4.3308791684711995e-06	0.003304460805543525
E65	E88	6	182	121	56803	2.8206199907562776e-06	4.3308791684711995e-06	0.0033087916847119965
F43	G40	47	1600	804	56803	2.879214865104794e-06	4.3308791684711995e-06	0.0033131225638804674
E86	I10	8	115	432	56803	3.051535035148972e-06	4.3308791684711995e-06	0.003317453443048939
E61	K29	13	95	1623	56803	3.1988396724707285e-06	4.3308791684711995e-06	0.00332178432221741
B24	J18	6	60	381	56803	3.22891225077184e-06	4.3308791684711995e-06	0.003326115201385881
N10	N12	15	800	250	56803	3.2810904672254726e-06	4.3308791684711995e-06	0.0033304460805543526
N10	N28	8	800	64	56803	3.300887223615713e-06	4.3308791684711995e-06	0.0033347769597228236
L02	L05	16	522	432	56803	3.3245040684951785e-06	4.3308791684711995e-06	0.003339107838891295
E03	E28	18	563	498	56803	3.3342942209731564e-06	4.3308791684711995e-06	0.003343438718059766
F17	K76	14	918	192	56803	3.4663387420292822e-06	4.3308791684711995e-06	0.0033477695972282374
F32	L70	11	1507	73	56803	3.4852853728214566e-06	4.3308791684711995e-06	0.0033521004763967083
G43	M54	39	822	1202	56803	3.4859503790459234e-06	4.3308791684711995e-06	0.0033564313555651797
M21	M24	6	105	218	56803	3.4971807017767897e-06	4.3308791684711995e-06	0.0033607622347336507
I95	J06	12	305	422	56803	3.7316874763991622e-06	4.3308791684711995e-06	0.003365093113902122
F45	G43	19	381	822	56803	3.951589411656662e-06	4.3308791684711995e-06	0.003369423993070593
E87	F17	15	222	918	56803	4.013220685319941e-06	4.3308791684711995e-06	0.0033737548722390645
F13	F25	8	310	166	56803	4.108046318194256e-06	4.3308791684711995e-06	0.0033780857514075354
E87	G40	14	222	804	56803	4.129757537113823e-06	4.3308791684711995e-06	0.003382416630576007
D64	E03	14	316	563	56803	4.174497378718066e-06	4.3308791684711995e-06	0.003386747509744478
