ICD1	ICD2	val11	occ1	occ2	NN	pval	bonf_thresh	fdr_thresh
J34	M95	97	754	148	31305	1.1430950476741058e-120	1.1185682326621925e-05	1.1185682326621925e-05
J32	J34	114	288	754	31305	6.0968413711295466e-108	1.1185682326621925e-05	2.237136465324385e-05
H65	J35	147	294	1858	31305	7.053245774459512e-100	1.1185682326621925e-05	3.3557046979865775e-05
E66	K76	70	691	141	31305	1.5553978986140107e-77	1.1185682326621925e-05	4.47427293064877e-05
E66	I10	82	691	264	31305	1.9426946562080433e-70	1.1185682326621925e-05	5.592841163310962e-05
E10	E16	39	388	49	31305	4.5156486650659313e-66	1.1185682326621925e-05	6.711409395973155e-05
K21	K29	61	160	528	31305	4.650389001752074e-66	1.1185682326621925e-05	7.829977628635347e-05
F11	F13	28	56	68	31305	3.015997436704316e-62	1.1185682326621925e-05	8.94854586129754e-05
F32	F43	105	461	1042	31305	8.594278263205728e-57	1.1185682326621925e-05	0.00010067114093959733
N13	N20	34	134	133	31305	1.215271034107134e-51	1.1185682326621925e-05	0.00011185682326621924
D50	K50	33	90	189	31305	9.79708545562292e-51	1.1185682326621925e-05	0.00012304250559284116
K01	K07	46	337	191	31305	1.3552066605579054e-48	1.1185682326621925e-05	0.0001342281879194631
F90	F92	63	490	362	31305	1.3192588636066655e-46	1.1185682326621925e-05	0.00014541387024608502
F32	F60	50	461	203	31305	2.4387186583486697e-46	1.1185682326621925e-05	0.00015659955257270693
F12	F19	38	189	240	31305	8.282513588296256e-43	1.1185682326621925e-05	0.00016778523489932888
F90	F91	54	490	291	31305	1.5588865093558016e-41	1.1185682326621925e-05	0.0001789709172259508
G80	G82	22	72	76	31305	1.694563872612112e-41	1.1185682326621925e-05	0.0001901565995525727
E84	K86	15	35	22	31305	2.663013343124304e-41	1.1185682326621925e-05	0.00020134228187919465
F91	F92	47	291	362	31305	1.792074661587996e-39	1.1185682326621925e-05	0.00021252796420581657
N20	N23	21	133	46	31305	1.8895565674937758e-38	1.1185682326621925e-05	0.00022371364653243848
F83	G40	46	140	814	31305	7.93699494854771e-38	1.1185682326621925e-05	0.00023489932885906043
F81	F90	35	103	490	31305	2.782809202390888e-37	1.1185682326621925e-05	0.0002460850111856823
E66	E78	35	691	78	31305	3.442347873685342e-37	1.1185682326621925e-05	0.00025727069351230426
N47	N48	75	1726	235	31305	7.3431776161165e-37	1.1185682326621925e-05	0.0002684563758389262
F43	F92	74	1042	362	31305	9.367464727350868e-37	1.1185682326621925e-05	0.0002796420581655481
E23	E34	24	63	214	31305	3.573218538831114e-36	1.1185682326621925e-05	0.00029082774049217004
H83	H93	22	76	124	31305	1.2097098494316262e-35	1.1185682326621925e-05	0.000302013422818792
F11	F12	22	56	189	31305	7.674006323725947e-35	1.1185682326621925e-05	0.00031319910514541387
M51	M54	26	72	312	31305	5.826171877294038e-34	1.1185682326621925e-05	0.0003243847874720358
F13	F19	24	68	240	31305	5.855814699427694e-34	1.1185682326621925e-05	0.00033557046979865775
C71	D43	17	99	40	31305	6.205146884309185e-33	1.1185682326621925e-05	0.00034675615212527964
F20	F23	21	93	115	31305	3.182775300945704e-32	1.1185682326621925e-05	0.0003579418344519016
F43	F91	62	1042	291	31305	4.938206839972271e-32	1.1185682326621925e-05	0.00036912751677852353
G40	G41	26	814	41	31305	1.8275942732221308e-31	1.1185682326621925e-05	0.0003803131991051454
C71	H53	19	99	77	31305	2.214785868982966e-31	1.1185682326621925e-05	0.00039149888143176736
F43	F60	52	1042	203	31305	3.239778973760992e-31	1.1185682326621925e-05	0.0004026845637583893
E10	E14	25	388	65	31305	4.079176888956911e-31	1.1185682326621925e-05	0.0004138702460850112
F12	F13	21	189	68	31305	1.1700731792801727e-30	1.1185682326621925e-05	0.00042505592841163314
E86	A09	49	145	1354	31305	1.5172576353689656e-30	1.1185682326621925e-05	0.0004362416107382551
F11	F19	21	56	240	31305	1.6424767091663203e-30	1.1185682326621925e-05	0.00044742729306487697
J30	J45	34	136	516	31305	2.216311151505853e-30	1.1185682326621925e-05	0.0004586129753914989
H50	H52	20	138	78	31305	2.9219599923956973e-30	1.1185682326621925e-05	0.00046979865771812086
G51	A69	19	161	60	31305	1.8580412072077254e-29	1.1185682326621925e-05	0.00048098434004474274
G80	M62	17	72	81	31305	2.1002765475983796e-29	1.1185682326621925e-05	0.0004921700223713646
K21	K44	18	160	49	31305	2.1312196259589285e-29	1.1185682326621925e-05	0.0005033557046979866
K02	K04	20	162	76	31305	4.803460184927574e-29	1.1185682326621925e-05	0.0005145413870246085
F43	F90	75	1042	490	31305	1.4951284596287425e-28	1.1185682326621925e-05	0.0005257270693512304
F19	F60	29	240	203	31305	2.8602051437393733e-28	1.1185682326621925e-05	0.0005369127516778524
F83	F90	32	140	490	31305	5.006189649025768e-28	1.1185682326621925e-05	0.0005480984340044743
J32	J33	20	288	54	31305	2.3498863649170337e-27	1.1185682326621925e-05	0.0005592841163310962
G47	G71	15	116	44	31305	2.798367613466747e-26	1.1185682326621925e-05	0.0005704697986577182
C71	J96	20	99	178	31305	1.2132889197109594e-25	1.1185682326621925e-05	0.0005816554809843401
H91	H93	19	118	124	31305	1.613274024850932e-25	1.1185682326621925e-05	0.000592841163310962
C40	C41	11	27	46	31305	2.4178424984608653e-25	1.1185682326621925e-05	0.000604026845637584
F32	F33	25	461	89	31305	2.931214885400812e-25	1.1185682326621925e-05	0.0006152125279642058
I45	I47	16	82	100	31305	1.1733604433657829e-24	1.1185682326621925e-05	0.0006263982102908277
F33	F60	19	89	203	31305	8.598504032174485e-24	1.1185682326621925e-05	0.0006375838926174497
G40	G82	27	814	76	31305	8.963842575575956e-24	1.1185682326621925e-05	0.0006487695749440716
M23	M65	25	535	90	31305	1.563631703494191e-23	1.1185682326621925e-05	0.0006599552572706935
F10	F12	51	1600	189	31305	3.0875409755859837e-23	1.1185682326621925e-05	0.0006711409395973155
C91	C95	8	55	8	31305	5.327113753128891e-23	1.1185682326621925e-05	0.0006823266219239374
N13	N23	14	134	46	31305	7.360684934558566e-23	1.1185682326621925e-05	0.0006935123042505593
E78	I10	19	78	264	31305	8.781416642067519e-23	1.1185682326621925e-05	0.0007046979865771813
C41	C78	9	46	16	31305	1.5739767641343717e-22	1.1185682326621925e-05	0.0007158836689038032
C71	D70	13	99	47	31305	1.7959224419692747e-22	1.1185682326621925e-05	0.0007270693512304251
F12	F32	30	189	461	31305	3.278307078273234e-22	1.1185682326621925e-05	0.0007382550335570471
F84	G40	31	122	814	31305	3.9669972000186876e-22	1.1185682326621925e-05	0.000749440715883669
F12	F23	19	189	115	31305	3.9883096545412126e-22	1.1185682326621925e-05	0.0007606263982102908
C79	D70	9	18	47	31305	8.253994079531177e-22	1.1185682326621925e-05	0.0007718120805369128
H66	H71	13	124	43	31305	1.0231553198738057e-21	1.1185682326621925e-05	0.0007829977628635347
C40	C78	8	27	16	31305	1.2447152195842196e-21	1.1185682326621925e-05	0.0007941834451901566
F90	F93	31	490	206	31305	2.041140757280667e-21	1.1185682326621925e-05	0.0008053691275167786
F70	F83	17	116	140	31305	2.9550794309373402e-21	1.1185682326621925e-05	0.0008165548098434005
F19	F32	32	240	461	31305	3.1798767238046298e-21	1.1185682326621925e-05	0.0008277404921700224
F10	F60	50	1600	203	31305	6.599594957415732e-21	1.1185682326621925e-05	0.0008389261744966444
G82	M62	13	76	81	31305	1.136234941521255e-20	1.1185682326621925e-05	0.0008501118568232663
D50	K51	13	90	71	31305	1.88228129592518e-20	1.1185682326621925e-05	0.0008612975391498882
F81	F92	21	103	362	31305	2.0364092307848612e-20	1.1185682326621925e-05	0.0008724832214765102
C71	E89	9	99	14	31305	4.3040820048701175e-20	1.1185682326621925e-05	0.000883668903803132
G80	M21	18	72	333	31305	4.726040461660598e-20	1.1185682326621925e-05	0.0008948545861297539
F12	F60	21	189	203	31305	5.979232096006576e-20	1.1185682326621925e-05	0.0009060402684563759
C62	D40	7	26	12	31305	8.893878239302749e-20	1.1185682326621925e-05	0.0009172259507829978
E78	E79	11	78	47	31305	1.7837256315700944e-19	1.1185682326621925e-05	0.0009284116331096197
D69	D70	12	119	47	31305	2.4050610836421758e-19	1.1185682326621925e-05	0.0009395973154362417
N18	D63	7	39	10	31305	3.150821794062941e-19	1.1185682326621925e-05	0.0009507829977628636
C71	G40	26	99	814	31305	3.5905299128451195e-19	1.1185682326621925e-05	0.0009619686800894855
H05	J01	11	26	166	31305	4.802802887964028e-19	1.1185682326621925e-05	0.0009731543624161075
F70	F90	23	116	490	31305	5.295133828709845e-19	1.1185682326621925e-05	0.0009843400447427293
M24	M65	15	158	90	31305	5.890316061037717e-19	1.1185682326621925e-05	0.0009955257270693513
C71	G91	11	99	42	31305	7.038153470735912e-19	1.1185682326621925e-05	0.0010067114093959733
K60	K61	12	60	101	31305	7.966995974101413e-19	1.1185682326621925e-05	0.001017897091722595
F89	G40	18	39	814	31305	9.174191887300292e-19	1.1185682326621925e-05	0.001029082774049217
N44	N50	19	353	94	31305	1.0089397051413117e-18	1.1185682326621925e-05	0.001040268456375839
C71	C79	9	99	18	31305	1.0344972997692075e-18	1.1185682326621925e-05	0.0010514541387024608
F60	F61	13	203	44	31305	1.0575994436968572e-18	1.1185682326621925e-05	0.0010626398210290828
K01	K09	16	337	58	31305	1.209934025413193e-18	1.1185682326621925e-05	0.0010738255033557048
F12	F17	22	189	274	31305	1.8690289785051604e-18	1.1185682326621925e-05	0.0010850111856823266
J34	J35	110	754	1858	31305	1.962414097773314e-18	1.1185682326621925e-05	0.0010961968680089486
F90	F98	23	490	123	31305	2.123946642021793e-18	1.1185682326621925e-05	0.0011073825503355706
D61	D70	8	21	47	31305	2.7596031431698992e-18	1.1185682326621925e-05	0.0011185682326621924
F82	F90	16	44	490	31305	2.836256571518487e-18	1.1185682326621925e-05	0.0011297539149888144
E66	E79	18	691	47	31305	3.1281149844266365e-18	1.1185682326621925e-05	0.0011409395973154364
E84	K74	7	35	14	31305	3.9287437480204155e-18	1.1185682326621925e-05	0.0011521252796420581
E73	E74	10	59	53	31305	4.632445325795021e-18	1.1185682326621925e-05	0.0011633109619686801
F90	F95	17	490	56	31305	8.621586814967067e-18	1.1185682326621925e-05	0.0011744966442953021
K50	K51	14	189	71	31305	9.349789881932548e-18	1.1185682326621925e-05	0.001185682326621924
J33	J34	19	54	754	31305	1.195439304080418e-17	1.1185682326621925e-05	0.001196868008948546
E86	A08	27	145	698	31305	2.0551400229536475e-17	1.1185682326621925e-05	0.001208053691275168
E89	G62	6	14	17	31305	2.8375735618189834e-17	1.1185682326621925e-05	0.0012192393736017897
B96	K29	11	15	528	31305	3.6397392131697365e-17	1.1185682326621925e-05	0.0012304250559284117
F70	F91	18	116	291	31305	3.931668540379474e-17	1.1185682326621925e-05	0.0012416107382550337
G40	J96	31	814	178	31305	4.953779359054809e-17	1.1185682326621925e-05	0.0012527964205816555
C71	H91	13	99	118	31305	7.40600412177216e-17	1.1185682326621925e-05	0.0012639821029082775
G44	H81	13	198	61	31305	8.760003977011682e-17	1.1185682326621925e-05	0.0012751677852348995
K10	K12	9	26	103	31305	9.422475501626857e-17	1.1185682326621925e-05	0.0012863534675615212
K00	K01	14	49	337	31305	1.0303004300104956e-16	1.1185682326621925e-05	0.0012975391498881432
F70	F92	19	116	362	31305	1.0319861805609834e-16	1.1185682326621925e-05	0.0013087248322147652
F43	F70	28	1042	116	31305	1.0781550767303007e-16	1.1185682326621925e-05	0.001319910514541387
C71	G62	8	99	17	31305	1.778996864657755e-16	1.1185682326621925e-05	0.001331096196868009
D70	G62	7	47	17	31305	2.0702997832481562e-16	1.1185682326621925e-05	0.001342281879194631
K20	K29	12	22	528	31305	2.597447809263456e-16	1.1185682326621925e-05	0.0013534675615212528
F43	F63	21	1042	61	31305	2.6198979301894163e-16	1.1185682326621925e-05	0.0013646532438478748
F43	F44	24	1042	85	31305	3.414670464850857e-16	1.1185682326621925e-05	0.0013758389261744968
F63	F91	14	61	291	31305	4.0024291479318866e-16	1.1185682326621925e-05	0.0013870246085011186
F43	F81	26	1042	103	31305	4.09958432873603e-16	1.1185682326621925e-05	0.0013982102908277406
F80	F90	15	48	490	31305	4.56647430074234e-16	1.1185682326621925e-05	0.0014093959731543626
F12	F20	14	189	93	31305	5.134152326858591e-16	1.1185682326621925e-05	0.0014205816554809843
J03	J35	91	612	1858	31305	5.641648322925459e-16	1.1185682326621925e-05	0.0014317673378076063
F92	F94	14	362	52	31305	7.073138323656806e-16	1.1185682326621925e-05	0.0014429530201342283
G55	M51	6	7	72	31305	8.355258932257863e-16	1.1185682326621925e-05	0.0014541387024608501
E30	E34	11	37	214	31305	8.604059207878387e-16	1.1185682326621925e-05	0.0014653243847874721
F12	F15	10	189	29	31305	9.174721925119713e-16	1.1185682326621925e-05	0.0014765100671140941
F33	F43	24	89	1042	31305	1.0848328659242164e-15	1.1185682326621925e-05	0.001487695749440716
E78	K76	12	78	141	31305	1.4575633954341758e-15	1.1185682326621925e-05	0.001498881431767338
J35	J36	51	1858	242	31305	1.7170606724578326e-15	1.1185682326621925e-05	0.00151006711409396
K29	K44	15	528	49	31305	1.9428355073184664e-15	1.1185682326621925e-05	0.0015212527964205817
E87	J96	13	91	178	31305	5.432858292506073e-15	1.1185682326621925e-05	0.0015324384787472037
F12	F43	33	189	1042	31305	5.738072168402177e-15	1.1185682326621925e-05	0.0015436241610738257
F80	F92	13	48	362	31305	7.142724289120562e-15	1.1185682326621925e-05	0.0015548098434004474
F12	F92	21	189	362	31305	8.013326357700891e-15	1.1185682326621925e-05	0.0015659955257270694
K02	K08	11	162	58	31305	9.32840495956418e-15	1.1185682326621925e-05	0.0015771812080536914
C79	H53	7	18	77	31305	1.2820445269725096e-14	1.1185682326621925e-05	0.0015883668903803132
D64	D70	8	55	47	31305	1.5900988724927234e-14	1.1185682326621925e-05	0.0015995525727069352
C91	D70	8	55	47	31305	1.5900988724927234e-14	1.1185682326621925e-05	0.0016107382550335572
N18	I10	11	39	264	31305	1.693622709943225e-14	1.1185682326621925e-05	0.001621923937360179
F12	F91	19	189	291	31305	1.938148826552152e-14	1.1185682326621925e-05	0.001633109619686801
K22	K44	8	54	49	31305	1.9458005771317364e-14	1.1185682326621925e-05	0.001644295302013423
F32	F92	30	461	362	31305	3.089773740431342e-14	1.1185682326621925e-05	0.0016554809843400448
J20	J45	23	179	516	31305	3.234703510333633e-14	1.1185682326621925e-05	0.0016666666666666668
E66	E88	14	691	38	31305	3.394125175702299e-14	1.1185682326621925e-05	0.0016778523489932888
N17	N18	7	39	39	31305	3.9350497704241017e-14	1.1185682326621925e-05	0.0016890380313199106
F91	F98	16	291	123	31305	3.9895615379033434e-14	1.1185682326621925e-05	0.0017002237136465325
F32	F91	27	461	291	31305	4.0437627509759216e-14	1.1185682326621925e-05	0.0017114093959731545
F90	F94	14	490	52	31305	4.527898366497838e-14	1.1185682326621925e-05	0.0017225950782997763
F17	F19	20	274	240	31305	4.557966399495643e-14	1.1185682326621925e-05	0.0017337807606263983
I47	I49	10	100	76	31305	5.5884229020227416e-14	1.1185682326621925e-05	0.0017449664429530203
J96	M81	8	178	19	31305	6.681023835947407e-14	1.1185682326621925e-05	0.001756152125279642
G81	J96	10	45	178	31305	7.351150047651976e-14	1.1185682326621925e-05	0.001767337807606264
F43	F93	33	1042	206	31305	7.430374010132875e-14	1.1185682326621925e-05	0.001778523489932886
C91	D72	7	55	31	31305	8.844132474946389e-14	1.1185682326621925e-05	0.0017897091722595079
N13	N28	8	134	25	31305	9.277244084120866e-14	1.1185682326621925e-05	0.0018008948545861299
F12	F61	10	189	44	31305	1.051077109312184e-13	1.1185682326621925e-05	0.0018120805369127519
K50	M81	8	189	19	31305	1.085840697067719e-13	1.1185682326621925e-05	0.0018232662192393737
F43	F45	31	1042	187	31305	1.6359478096183034e-13	1.1185682326621925e-05	0.0018344519015659957
K21	K22	10	160	54	31305	1.8053971843510452e-13	1.1185682326621925e-05	0.0018456375838926176
F19	F43	35	240	1042	31305	2.3141348623906515e-13	1.1185682326621925e-05	0.0018568232662192394
J18	J90	10	285	33	31305	2.5700095254200944e-13	1.1185682326621925e-05	0.0018680089485458614
M21	M89	13	333	67	31305	2.676509046344964e-13	1.1185682326621925e-05	0.0018791946308724834
N43	N45	14	157	174	31305	2.771876177942991e-13	1.1185682326621925e-05	0.0018903803131991052
K08	K12	9	58	103	31305	2.9448339083179214e-13	1.1185682326621925e-05	0.0019015659955257272
E84	J96	9	35	178	31305	3.150227871942114e-13	1.1185682326621925e-05	0.0019127516778523492
F43	F98	25	1042	123	31305	3.1880029162069734e-13	1.1185682326621925e-05	0.001923937360178971
K35	K65	18	2712	28	31305	4.0234586330767384e-13	1.1185682326621925e-05	0.001935123042505593
M23	M25	25	535	235	31305	4.4130540421460996e-13	1.1185682326621925e-05	0.001946308724832215
J45	L20	16	516	83	31305	4.417328178671264e-13	1.1185682326621925e-05	0.0019574944071588368
F80	F82	7	48	44	31305	4.62886453147965e-13	1.1185682326621925e-05	0.0019686800894854585
C41	D70	7	46	47	31305	5.515903526537507e-13	1.1185682326621925e-05	0.0019798657718120807
E03	E66	18	87	691	31305	5.788106678473339e-13	1.1185682326621925e-05	0.0019910514541387025
C40	D48	8	27	157	31305	6.844479882148496e-13	1.1185682326621925e-05	0.0020022371364653243
J18	J96	17	285	178	31305	7.813260481965715e-13	1.1185682326621925e-05	0.0020134228187919465
J84	J96	6	8	178	31305	8.612363788245923e-13	1.1185682326621925e-05	0.0020246085011185683
F92	F98	16	362	123	31305	1.133173573329566e-12	1.1185682326621925e-05	0.00203579418344519
C71	G81	8	99	45	31305	1.4671613599727065e-12	1.1185682326621925e-05	0.0020469798657718123
C41	D48	9	46	157	31305	1.4968995545718644e-12	1.1185682326621925e-05	0.002058165548098434
F41	F45	15	202	187	31305	1.6103686037553452e-12	1.1185682326621925e-05	0.002069351230425056
C91	A41	7	55	47	31305	2.0702775220215356e-12	1.1185682326621925e-05	0.002080536912751678
G91	G93	7	42	63	31305	2.4185833296684085e-12	1.1185682326621925e-05	0.0020917225950783
F10	F19	42	1600	240	31305	2.557467475393038e-12	1.1185682326621925e-05	0.0021029082774049216
E10	E13	8	388	15	31305	3.091423472290328e-12	1.1185682326621925e-05	0.002114093959731544
F80	F81	8	48	103	31305	3.5233404781976303e-12	1.1185682326621925e-05	0.0021252796420581656
K04	K12	9	76	103	31305	3.752393393937153e-12	1.1185682326621925e-05	0.0021364653243847874
C71	G51	11	99	161	31305	4.024091933489066e-12	1.1185682326621925e-05	0.0021476510067114096
F81	F93	12	103	206	31305	4.3235887312269565e-12	1.1185682326621925e-05	0.0021588366890380314
F32	F63	13	461	61	31305	4.473613819619002e-12	1.1185682326621925e-05	0.002170022371364653
H53	H55	6	77	19	31305	4.800349322846868e-12	1.1185682326621925e-05	0.0021812080536912754
J96	K50	14	178	189	31305	4.825610649716959e-12	1.1185682326621925e-05	0.002192393736017897
F63	F92	12	61	362	31305	4.993647581210505e-12	1.1185682326621925e-05	0.002203579418344519
F82	F84	8	44	122	31305	6.643953693892544e-12	1.1185682326621925e-05	0.002214765100671141
E10	E87	14	388	91	31305	7.1958513966962724e-12	1.1185682326621925e-05	0.002225950782997763
E78	M40	6	78	20	31305	7.411822622982892e-12	1.1185682326621925e-05	0.0022371364653243847
C71	D64	8	99	55	31305	8.075674296879162e-12	1.1185682326621925e-05	0.002248322147651007
G44	J06	19	198	391	31305	8.417394017946993e-12	1.1185682326621925e-05	0.0022595078299776287
G82	G91	7	76	42	31305	9.435820910997405e-12	1.1185682326621925e-05	0.0022706935123042505
M23	M94	12	535	45	31305	9.463089605586668e-12	1.1185682326621925e-05	0.0022818791946308727
F81	F98	10	103	123	31305	1.0479469809427649e-11	1.1185682326621925e-05	0.0022930648769574945
H10	J45	12	47	516	31305	1.0965867391401151e-11	1.1185682326621925e-05	0.0023042505592841163
C91	K12	8	55	103	31305	1.115558405716665e-11	1.1185682326621925e-05	0.0023154362416107385
H49	H53	6	22	77	31305	1.3124120927401905e-11	1.1185682326621925e-05	0.0023266219239373603
H74	H90	6	30	56	31305	1.4277752569674329e-11	1.1185682326621925e-05	0.002337807606263982
N44	N45	17	353	174	31305	1.6266312537320647e-11	1.1185682326621925e-05	0.0023489932885906043
F32	L70	14	461	82	31305	1.6372162881515152e-11	1.1185682326621925e-05	0.002360178970917226
M21	M40	8	333	20	31305	1.6990263043406956e-11	1.1185682326621925e-05	0.002371364653243848
I10	K76	14	264	141	31305	1.8158427922014703e-11	1.1185682326621925e-05	0.00238255033557047
K50	K63	9	189	51	31305	2.151430968010979e-11	1.1185682326621925e-05	0.002393736017897092
F13	F60	10	68	203	31305	2.2060564421712175e-11	1.1185682326621925e-05	0.0024049217002237136
G81	M62	7	45	81	31305	2.496571279899488e-11	1.1185682326621925e-05	0.002416107382550336
D64	J96	9	55	178	31305	2.5736786871972633e-11	1.1185682326621925e-05	0.0024272930648769576
G40	G91	13	814	42	31305	2.8753837243299418e-11	1.1185682326621925e-05	0.0024384787472035794
G82	M21	12	76	333	31305	2.905840374853818e-11	1.1185682326621925e-05	0.0024496644295302016
I40	I51	7	69	54	31305	3.0144917277625485e-11	1.1185682326621925e-05	0.0024608501118568234
G62	H91	6	17	118	31305	3.017453584516931e-11	1.1185682326621925e-05	0.002472035794183445
G81	G91	6	45	42	31305	3.146692283892154e-11	1.1185682326621925e-05	0.0024832214765100674
N31	N39	7	32	121	31305	3.358758823031137e-11	1.1185682326621925e-05	0.002494407158836689
M23	M24	19	535	158	31305	3.398918370974619e-11	1.1185682326621925e-05	0.002505592841163311
B27	J03	27	293	612	31305	3.4741569002146355e-11	1.1185682326621925e-05	0.002516778523489933
D64	D69	8	55	119	31305	3.601704978354945e-11	1.1185682326621925e-05	0.002527964205816555
F92	F93	18	362	206	31305	4.051015612879179e-11	1.1185682326621925e-05	0.0025391498881431767
C79	H91	6	18	118	31305	4.512303273702511e-11	1.1185682326621925e-05	0.002550335570469799
E11	E78	6	27	78	31305	5.582757862735996e-11	1.1185682326621925e-05	0.0025615212527964207
H50	H53	9	138	77	31305	6.041744701207167e-11	1.1185682326621925e-05	0.0025727069351230425
G51	G81	8	161	45	31305	7.532936281892581e-11	1.1185682326621925e-05	0.0025838926174496647
N43	K40	17	157	437	31305	8.744712037041291e-11	1.1185682326621925e-05	0.0025950782997762865
L02	L03	15	279	183	31305	1.1746818398987344e-10	1.1185682326621925e-05	0.0026062639821029083
E66	J45	38	691	516	31305	1.25635138391294e-10	1.1185682326621925e-05	0.0026174496644295305
E84	J15	7	35	135	31305	1.4412812810049053e-10	1.1185682326621925e-05	0.0026286353467561523
J86	J93	6	15	181	31305	1.6476625693210946e-10	1.1185682326621925e-05	0.002639821029082774
F83	F93	12	140	206	31305	1.666677707311027e-10	1.1185682326621925e-05	0.0026510067114093963
F12	F33	10	189	89	31305	1.70395252438081e-10	1.1185682326621925e-05	0.002662192393736018
F32	F41	19	461	202	31305	1.9799546565265098e-10	1.1185682326621925e-05	0.00267337807606264
F83	F98	10	140	123	31305	2.2563285605053848e-10	1.1185682326621925e-05	0.002684563758389262
F17	J45	23	274	516	31305	2.308983369810176e-10	1.1185682326621925e-05	0.002695749440715884
F81	F91	12	103	291	31305	2.3911700837687127e-10	1.1185682326621925e-05	0.0027069351230425056
A41	J96	8	47	178	31305	2.4276066335520927e-10	1.1185682326621925e-05	0.0027293064876957496
D70	J96	8	47	178	31305	2.4276066335520927e-10	1.1185682326621925e-05	0.002718120805369128
M24	M25	13	158	235	31305	2.438587624346617e-10	1.1185682326621925e-05	0.0027404921700223714
K50	K92	11	189	123	31305	2.48297475482979e-10	1.1185682326621925e-05	0.0027516778523489936
F10	F43	102	1600	1042	31305	2.541027789266736e-10	1.1185682326621925e-05	0.0027628635346756154
M87	M93	10	99	177	31305	2.6089133604665993e-10	1.1185682326621925e-05	0.002774049217002237
L05	L68	6	806	6	31305	2.860455916805632e-10	1.1185682326621925e-05	0.0027852348993288594
F19	B17	6	240	13	31305	3.1291011851699345e-10	1.1185682326621925e-05	0.002796420581655481
G62	J96	6	17	178	31305	3.648362535061481e-10	1.1185682326621925e-05	0.002807606263982103
F81	F94	7	103	52	31305	4.020572926842319e-10	1.1185682326621925e-05	0.002818791946308725
G40	G80	15	814	72	31305	4.3092376196774645e-10	1.1185682326621925e-05	0.002829977628635347
E86	E87	9	145	91	31305	4.33501732459995e-10	1.1185682326621925e-05	0.0028411633109619687
J01	J32	14	166	288	31305	5.124872441389662e-10	1.1185682326621925e-05	0.002852348993288591
H60	H66	7	46	124	31305	6.069658790281576e-10	1.1185682326621925e-05	0.0028635346756152127
F70	F79	6	116	27	31305	6.309672310408997e-10	1.1185682326621925e-05	0.0028747203579418345
F10	F17	41	1600	274	31305	6.966455186624974e-10	1.1185682326621925e-05	0.0028859060402684567
I10	I51	9	264	54	31305	7.187749435691361e-10	1.1185682326621925e-05	0.0028970917225950785
F84	F90	15	122	490	31305	8.923465715362284e-10	1.1185682326621925e-05	0.0029082774049217002
F41	F43	27	202	1042	31305	9.182623557327492e-10	1.1185682326621925e-05	0.0029194630872483225
F80	F93	8	48	206	31305	9.23666737728014e-10	1.1185682326621925e-05	0.0029306487695749442
H52	H53	7	78	77	31305	9.46295373356273e-10	1.1185682326621925e-05	0.002941834451901566
M22	M23	16	131	535	31305	9.633558438615605e-10	1.1185682326621925e-05	0.0029530201342281882
F32	F40	10	461	46	31305	1.1045891619110525e-09	1.1185682326621925e-05	0.00296420581655481
D43	D48	7	40	157	31305	1.1316791534996733e-09	1.1185682326621925e-05	0.002975391498881432
G40	G81	12	814	45	31305	1.1534320080211586e-09	1.1185682326621925e-05	0.002986577181208054
I45	I49	7	82	76	31305	1.2308657566644234e-09	1.1185682326621925e-05	0.002997762863534676
N62	M40	6	184	20	31305	1.375173746071661e-09	1.1185682326621925e-05	0.0030089485458612976
K25	K29	9	31	528	31305	1.4959496852884556e-09	1.1185682326621925e-05	0.00302013422818792
D69	J96	10	119	178	31305	1.7075939107505576e-09	1.1185682326621925e-05	0.0030313199105145416
D70	H53	6	47	77	31305	1.7990287941795934e-09	1.1185682326621925e-05	0.0030425055928411633
F93	F94	8	206	52	31305	1.8010330471213882e-09	1.1185682326621925e-05	0.0030536912751677856
K61	L02	11	101	279	31305	1.8093211020323545e-09	1.1185682326621925e-05	0.0030648769574944073
D69	D72	6	119	31	31305	1.809709760025978e-09	1.1185682326621925e-05	0.003076062639821029
M23	M67	20	535	222	31305	1.8803167145381726e-09	1.1185682326621925e-05	0.0030872483221476513
F17	K29	22	274	528	31305	2.00803233946355e-09	1.1185682326621925e-05	0.003098434004474273
E66	I15	10	691	34	31305	2.0923546316329326e-09	1.1185682326621925e-05	0.003109619686800895
E11	I10	7	27	264	31305	2.1539542250840818e-09	1.1185682326621925e-05	0.003120805369127517
F44	F45	9	85	187	31305	2.2234415033667264e-09	1.1185682326621925e-05	0.003131991051454139
I88	A09	36	271	1354	31305	2.4562786922546117e-09	1.1185682326621925e-05	0.0031431767337807607
F63	F90	11	61	490	31305	2.5530777826051595e-09	1.1185682326621925e-05	0.003154362416107383
H65	H90	9	294	56	31305	2.588664758438594e-09	1.1185682326621925e-05	0.0031655480984340047
F19	F20	10	240	93	31305	2.6921010335049165e-09	1.1185682326621925e-05	0.0031767337807606265
K01	K02	14	337	162	31305	2.8241118505314522e-09	1.1185682326621925e-05	0.0031879194630872487
M13	M25	9	70	235	31305	2.8368598018355295e-09	1.1185682326621925e-05	0.0031991051454138704
D64	K51	6	55	71	31305	2.912035230844836e-09	1.1185682326621925e-05	0.0032102908277404922
N45	N50	9	174	94	31305	2.9170628653129e-09	1.1185682326621925e-05	0.0032214765100671144
F11	F60	8	56	203	31305	2.961917606899922e-09	1.1185682326621925e-05	0.0032326621923937362
F32	F42	10	461	51	31305	3.242196404564558e-09	1.1185682326621925e-05	0.003243847874720358
F19	F92	17	240	362	31305	3.5984229662198903e-09	1.1185682326621925e-05	0.00325503355704698
D43	G40	11	40	814	31305	3.991989678561628e-09	1.1185682326621925e-05	0.003266219239373602
K01	K05	6	337	14	31305	4.157236434752074e-09	1.1185682326621925e-05	0.0032774049217002238
F13	F32	11	68	461	31305	4.5208351977957605e-09	1.1185682326621925e-05	0.003288590604026846
D16	D48	11	195	157	31305	4.680648162508113e-09	1.1185682326621925e-05	0.0032997762863534678
F60	F70	10	203	116	31305	4.727396911491921e-09	1.1185682326621925e-05	0.0033109619686800896
E66	M40	8	691	20	31305	5.394423417118497e-09	1.1185682326621925e-05	0.0033221476510067118
F71	F84	6	36	122	31305	5.4774461939171975e-09	1.1185682326621925e-05	0.0033333333333333335
K04	K08	6	76	58	31305	6.1293850041728666e-09	1.1185682326621925e-05	0.0033445190156599553
F81	F82	6	103	44	31305	6.982605492533976e-09	1.1185682326621925e-05	0.0033557046979865775
D48	M86	7	157	52	31305	7.72205792883523e-09	1.1185682326621925e-05	0.0033668903803131993
M19	M25	7	36	235	31305	8.519444957995791e-09	1.1185682326621925e-05	0.003378076062639821
G82	G93	6	76	63	31305	1.0191149452597705e-08	1.1185682326621925e-05	0.0033892617449664433
F83	F92	13	140	362	31305	1.0216837499145647e-08	1.1185682326621925e-05	0.003400447427293065
F43	F94	13	1042	52	31305	1.0881687359015594e-08	1.1185682326621925e-05	0.003411633109619687
G71	M41	6	44	112	31305	1.1574255471964373e-08	1.1185682326621925e-05	0.003422818791946309
E16	J96	7	49	178	31305	1.1987730926454136e-08	1.1185682326621925e-05	0.003434004474272931
E66	F50	12	691	64	31305	1.4003658893444641e-08	1.1185682326621925e-05	0.0034451901565995527
H53	H91	7	77	118	31305	1.7461640861080316e-08	1.1185682326621925e-05	0.003456375838926175
F40	F41	7	46	202	31305	1.815028666779389e-08	1.1185682326621925e-05	0.0034675615212527966
E88	K76	6	38	141	31305	1.839110154283789e-08	1.1185682326621925e-05	0.0034787472035794184
F71	G40	10	36	814	31305	1.8429955802331077e-08	1.1185682326621925e-05	0.0034899328859060406
H66	H72	6	124	44	31305	2.1335151905029324e-08	1.1185682326621925e-05	0.0035011185682326624
F19	F23	10	240	115	31305	2.1440286235237405e-08	1.1185682326621925e-05	0.003512304250559284
C41	D69	6	46	119	31305	2.197814719480567e-08	1.1185682326621925e-05	0.0035234899328859064
K29	K92	14	528	123	31305	2.2853430197359392e-08	1.1185682326621925e-05	0.003534675615212528
D70	H91	6	47	118	31305	2.3877050604308994e-08	1.1185682326621925e-05	0.00354586129753915
F70	F80	6	116	48	31305	2.4553516251075333e-08	1.1185682326621925e-05	0.003557046979865772
N35	N39	6	48	121	31305	3.162080708169304e-08	1.1185682326621925e-05	0.003568232662192394
G51	J96	10	161	178	31305	3.1698096344960733e-08	1.1185682326621925e-05	0.0035794183445190158
M22	M94	6	131	45	31305	3.408613651155494e-08	1.1185682326621925e-05	0.003590604026845638
F83	G80	7	140	72	31305	3.5554780263084416e-08	1.1185682326621925e-05	0.0036017897091722598
F82	F92	8	44	362	31305	3.6488478322897856e-08	1.1185682326621925e-05	0.0036129753914988815
F19	F61	7	240	44	31305	4.292288393477728e-08	1.1185682326621925e-05	0.0036241610738255037
E66	G47	15	691	116	31305	4.343188944522088e-08	1.1185682326621925e-05	0.0036353467561521255
F82	F83	6	44	140	31305	4.408292361910457e-08	1.1185682326621925e-05	0.0036465324384787473
J15	J18	11	135	285	31305	4.842723491736737e-08	1.1185682326621925e-05	0.0036577181208053695
C71	E23	6	99	63	31305	5.0391886872318054e-08	1.1185682326621925e-05	0.0036689038031319913
L03	L60	15	183	437	31305	5.089781873936553e-08	1.1185682326621925e-05	0.003680089485458613
F12	F90	16	189	490	31305	5.6237802258303154e-08	1.1185682326621925e-05	0.0036912751677852353
F70	G40	16	116	814	31305	5.827978983358692e-08	1.1185682326621925e-05	0.003702460850111857
J32	J35	42	288	1858	31305	6.961081414790872e-08	1.1185682326621925e-05	0.003713646532438479
G40	G93	12	814	63	31305	6.970697724721889e-08	1.1185682326621925e-05	0.003724832214765101
G82	M67	8	76	222	31305	7.02431235998162e-08	1.1185682326621925e-05	0.003736017897091723
J03	J36	20	612	242	31305	7.563082322634775e-08	1.1185682326621925e-05	0.0037472035794183446
K50	K60	7	189	60	31305	7.708669001008911e-08	1.1185682326621925e-05	0.003758389261744967
F12	F63	7	189	61	31305	8.663762377500823e-08	1.1185682326621925e-05	0.0037695749440715886
E30	K50	6	37	189	31305	8.898372810735999e-08	1.1185682326621925e-05	0.0037807606263982104
F32	F90	25	461	490	31305	9.61939648897389e-08	1.1185682326621925e-05	0.0037919463087248326
F63	F70	6	61	116	31305	1.0683248484563867e-07	1.1185682326621925e-05	0.0038031319910514544
C71	D69	7	99	119	31305	1.0699968260997512e-07	1.1185682326621925e-05	0.003814317673378076
M21	M87	10	333	99	31305	1.0931953948160058e-07	1.1185682326621925e-05	0.0038255033557046984
H05	J32	6	26	288	31305	1.1350780416486853e-07	1.1185682326621925e-05	0.00383668903803132
K35	K37	50	2712	264	31305	1.1386213839295947e-07	1.1185682326621925e-05	0.003847874720357942
B99	J02	9	177	141	31305	1.1878124967403671e-07	1.1185682326621925e-05	0.003859060402684564
K40	K42	9	437	59	31305	1.2566764011110145e-07	1.1185682326621925e-05	0.003870246085011186
M08	M25	6	32	235	31305	1.292023878193149e-07	1.1185682326621925e-05	0.0038814317673378077
K01	K04	9	337	76	31305	1.3196146500596917e-07	1.1185682326621925e-05	0.00389261744966443
H35	I10	6	29	264	31305	1.3717706034368364e-07	1.1185682326621925e-05	0.0039038031319910517
G91	J96	6	42	178	31305	1.3745186435546136e-07	1.1185682326621925e-05	0.0039149888143176735
G82	K02	7	76	162	31305	1.4134242256880056e-07	1.1185682326621925e-05	0.003926174496644295
F43	F61	11	1042	44	31305	1.476518867331313e-07	1.1185682326621925e-05	0.003937360178970917
K26	K29	8	37	528	31305	1.5599952345836106e-07	1.1185682326621925e-05	0.00394854586129754
E86	J96	9	145	178	31305	1.5838768593743738e-07	1.1185682326621925e-05	0.0039597315436241615
F32	L98	8	461	42	31305	1.5841043108752993e-07	1.1185682326621925e-05	0.003970917225950783
F17	F32	18	274	461	31305	1.614124362118138e-07	1.1185682326621925e-05	0.003982102908277405
J06	J45	23	391	516	31305	1.8551297366617517e-07	1.1185682326621925e-05	0.003993288590604027
M24	M67	10	158	222	31305	2.103453459210931e-07	1.1185682326621925e-05	0.004004474272930649
F32	F61	8	461	44	31305	2.3181495141641804e-07	1.1185682326621925e-05	0.004015659955257271
E66	F17	22	691	274	31305	2.3318027445195964e-07	1.1185682326621925e-05	0.004026845637583893
F10	F13	16	1600	68	31305	2.367948593598069e-07	1.1185682326621925e-05	0.004038031319910515
J03	B00	12	612	92	31305	2.447958603641631e-07	1.1185682326621925e-05	0.004049217002237137
F92	F95	8	362	56	31305	2.5918775787414514e-07	1.1185682326621925e-05	0.004060402684563758
K22	K29	9	54	528	31305	2.796471352535847e-07	1.1185682326621925e-05	0.00407158836689038
F79	G40	8	27	814	31305	2.892266197979169e-07	1.1185682326621925e-05	0.004082774049217003
H65	H66	10	294	124	31305	2.9126479348532277e-07	1.1185682326621925e-05	0.004093959731543625
H53	J96	7	77	178	31305	2.935687668711545e-07	1.1185682326621925e-05	0.004105145413870246
J44	J45	8	41	516	31305	3.058203134210109e-07	1.1185682326621925e-05	0.004116331096196868
F40	F45	6	46	187	31305	3.21952929473498e-07	1.1185682326621925e-05	0.00412751677852349
G82	M41	6	76	112	31305	3.266679087066369e-07	1.1185682326621925e-05	0.004138702460850112
E10	K90	9	388	74	31305	3.418415868493879e-07	1.1185682326621925e-05	0.004149888143176734
J06	J40	8	391	54	31305	3.474344007470723e-07	1.1185682326621925e-05	0.004161073825503356
I10	I15	6	264	34	31305	3.748965070089993e-07	1.1185682326621925e-05	0.004172259507829978
F43	F80	11	1042	48	31305	3.851300377203828e-07	1.1185682326621925e-05	0.0041834451901566
E06	E10	6	25	388	31305	5.061054580227057e-07	1.1185682326621925e-05	0.0041946308724832215
F32	F44	10	461	85	31305	5.082494432543446e-07	1.1185682326621925e-05	0.004205816554809843
K50	K52	17	189	652	31305	5.165098507151086e-07	1.1185682326621925e-05	0.004217002237136466
F11	F17	7	56	274	31305	5.860661309838896e-07	1.1185682326621925e-05	0.004228187919463088
F91	F93	12	291	206	31305	5.888919193268762e-07	1.1185682326621925e-05	0.0042393736017897095
J45	J46	6	516	20	31305	6.205426534760619e-07	1.1185682326621925e-05	0.004250559284116331
D68	J96	6	54	178	31305	6.395657514868664e-07	1.1185682326621925e-05	0.004261744966442953
F17	I10	13	274	264	31305	6.814176134103481e-07	1.1185682326621925e-05	0.004272930648769575
M22	M25	9	131	235	31305	6.938470645081263e-07	1.1185682326621925e-05	0.0042841163310961975
F83	K02	8	140	162	31305	7.23729062791817e-07	1.1185682326621925e-05	0.004295302013422819
N50	I86	9	94	332	31305	7.345961123574087e-07	1.1185682326621925e-05	0.004306487695749441
F60	F90	15	203	490	31305	8.418752623824659e-07	1.1185682326621925e-05	0.004317673378076063
D50	J96	7	90	178	31305	8.571935612465698e-07	1.1185682326621925e-05	0.004328859060402685
N43	I86	11	157	332	31305	1.022574382370541e-06	1.1185682326621925e-05	0.004340044742729306
E66	K59	32	691	557	31305	1.0755578607017024e-06	1.1185682326621925e-05	0.004351230425055929
F23	F32	11	115	461	31305	1.1286582644729698e-06	1.1185682326621925e-05	0.004362416107382551
F13	F92	8	68	362	31305	1.1955560218265577e-06	1.1185682326621925e-05	0.004373601789709173
F83	G82	6	140	76	31305	1.2141078315783862e-06	1.1185682326621925e-05	0.004384787472035794
N31	K59	7	32	557	31305	1.2440947210733949e-06	1.1185682326621925e-05	0.004395973154362416
N35	N47	13	48	1726	31305	1.3062641493044962e-06	1.1185682326621925e-05	0.004407158836689038
F83	F84	7	140	122	31305	1.3426989818353762e-06	1.1185682326621925e-05	0.004418344519015661
D50	K92	6	90	123	31305	1.5471266134697167e-06	1.1185682326621925e-05	0.004429530201342282
J96	K76	8	178	141	31305	1.5525073967664963e-06	1.1185682326621925e-05	0.004440715883668904
G93	J96	6	63	178	31305	1.612817498169541e-06	1.1185682326621925e-05	0.004451901565995526
F82	G40	9	44	814	31305	1.6302397050412126e-06	1.1185682326621925e-05	0.004463087248322148
F93	F98	8	206	123	31305	1.6538933432785886e-06	1.1185682326621925e-05	0.0044742729306487695
J06	K76	11	391	141	31305	1.7301573553434536e-06	1.1185682326621925e-05	0.004485458612975392
F17	F60	11	274	203	31305	1.9698621466169586e-06	1.1185682326621925e-05	0.004496644295302014
K61	L05	13	101	806	31305	2.014073396582664e-06	1.1185682326621925e-05	0.004507829977628636
F44	G40	12	85	814	31305	2.038271058826833e-06	1.1185682326621925e-05	0.0045190156599552575
B99	G44	9	177	198	31305	2.067242009876626e-06	1.1185682326621925e-05	0.004530201342281879
K51	K52	10	71	652	31305	2.1115340080772186e-06	1.1185682326621925e-05	0.004541387024608501
J33	J35	14	54	1858	31305	2.1952229519093615e-06	1.1185682326621925e-05	0.004552572706935124
F20	F60	7	93	203	31305	2.5697344147747097e-06	1.1185682326621925e-05	0.0045637583892617455
E79	I10	6	47	264	31305	2.730633630199445e-06	1.1185682326621925e-05	0.004574944071588367
K50	K56	9	189	192	31305	2.753985824138709e-06	1.1185682326621925e-05	0.004586129753914989
F60	F63	6	203	61	31305	2.8490532856910842e-06	1.1185682326621925e-05	0.004597315436241611
F19	F91	12	240	291	31305	2.919026552186454e-06	1.1185682326621925e-05	0.004608501118568233
G51	H53	6	161	77	31305	2.95524444645311e-06	1.1185682326621925e-05	0.004619686800894855
K01	K08	7	337	58	31305	2.9553477303081756e-06	1.1185682326621925e-05	0.004630872483221477
F60	F91	11	203	291	31305	3.5136322161456377e-06	1.1185682326621925e-05	0.004642058165548099
N62	E66	16	184	691	31305	3.6499823829217756e-06	1.1185682326621925e-05	0.004653243847874721
J00	J20	7	113	179	31305	4.120013799382869e-06	1.1185682326621925e-05	0.004664429530201342
F12	F41	9	189	202	31305	4.170081686217452e-06	1.1185682326621925e-05	0.004675615212527964
D16	M85	6	195	68	31305	4.293996975804208e-06	1.1185682326621925e-05	0.004686800894854587
D33	G40	6	18	814	31305	4.311230495011613e-06	1.1185682326621925e-05	0.0046979865771812086
F32	F50	8	461	64	31305	4.475924069600928e-06	1.1185682326621925e-05	0.00470917225950783
F23	F70	6	115	116	31305	4.602071119023369e-06	1.1185682326621925e-05	0.004720357941834452
M22	M24	7	131	158	31305	4.824939542657971e-06	1.1185682326621925e-05	0.004731543624161074
F60	F92	12	203	362	31305	4.852924104076073e-06	1.1185682326621925e-05	0.004742729306487696
M21	M67	12	333	222	31305	5.195142091972237e-06	1.1185682326621925e-05	0.004753914988814318
C71	F83	6	99	140	31305	5.720351779881847e-06	1.1185682326621925e-05	0.00476510067114094
F10	F32	47	1600	461	31305	6.012270428335745e-06	1.1185682326621925e-05	0.004776286353467562
F70	F98	6	116	123	31305	6.785178328016117e-06	1.1185682326621925e-05	0.004787472035794184
I10	I95	9	264	155	31305	7.2446529690601896e-06	1.1185682326621925e-05	0.0047986577181208055
E03	I10	7	87	264	31305	9.213419510680339e-06	1.1185682326621925e-05	0.004809843400447427
K56	K59	14	192	557	31305	9.81165982850294e-06	1.1185682326621925e-05	0.00482102908277405
F23	F60	7	115	203	31305	1.053921754523285e-05	1.1185682326621925e-05	0.004832214765100672
