ICD1	ICD2	val11	occ1	occ2	NN	pval	bonf_thresh	fdr_thresh
J32	J34	485	866	2797	46899	0.0	6.309148264984227e-06	6.309148264984227e-06
F11	F13	321	674	511	46899	0.0	6.309148264984227e-06	1.2618296529968454e-05
N13	N20	260	398	927	46899	0.0	6.309148264984227e-06	1.892744479495268e-05
J34	M95	294	2797	379	46899	5.474557701286244e-283	6.309148264984227e-06	2.5236593059936908e-05
N20	N23	215	927	362	46899	8.889297679549806e-275	6.309148264984227e-06	3.154574132492114e-05
K21	K44	198	614	414	46899	9.77703869052166e-267	6.309148264984227e-06	3.785488958990536e-05
F11	F19	233	674	1171	46899	2.662742773003881e-201	6.309148264984227e-06	4.4164037854889585e-05
B18	F19	193	460	1171	46899	3.9073174723757465e-185	6.309148264984227e-06	5.0473186119873815e-05
F13	F19	195	511	1171	46899	2.7545146346069e-177	6.309148264984227e-06	5.6782334384858046e-05
K21	K29	217	614	1397	46899	5.0940481571699704e-172	6.309148264984227e-06	6.309148264984228e-05
F19	F32	253	1171	1120	46899	7.2680270842030165e-168	6.309148264984227e-06	6.940063091482649e-05
N13	N23	122	398	362	46899	6.978228192511074e-164	6.309148264984227e-06	7.570977917981072e-05
B18	F11	149	460	674	46899	5.897674388616963e-160	6.309148264984227e-06	8.201892744479495e-05
K29	K44	178	1397	414	46899	1.4378026514405572e-158	6.309148264984227e-06	8.832807570977917e-05
F11	F12	143	674	498	46899	1.186837748769267e-144	6.309148264984227e-06	9.46372239747634e-05
F12	F13	125	498	511	46899	4.655504849918548e-134	6.309148264984227e-06	0.00010094637223974763
H91	H93	110	356	478	46899	2.893683259099575e-132	6.309148264984227e-06	0.00010725552050473186
F10	F60	218	2246	655	46899	6.907527662065653e-122	6.309148264984227e-06	0.00011356466876971609
E66	I10	144	592	817	46899	2.4443752983417288e-121	6.309148264984227e-06	0.00011987381703470031
B18	F13	113	460	511	46899	1.5021316466526568e-119	6.309148264984227e-06	0.00012618296529968455
F32	F60	162	1120	655	46899	1.9860063883032614e-115	6.309148264984227e-06	0.00013249211356466877
M51	M54	154	690	954	46899	3.687335400394546e-113	6.309148264984227e-06	0.00013880126182965299
F11	F14	77	674	118	46899	8.952770170383203e-113	6.309148264984227e-06	0.00014511041009463723
F19	F60	153	1171	655	46899	6.2473487983068346e-102	6.309148264984227e-06	0.00015141955835962145
M23	M94	109	2033	181	46899	3.28731348073756e-100	6.309148264984227e-06	0.00015772870662460566
F10	F12	155	2246	498	46899	1.2308834328578404e-81	6.309148264984227e-06	0.0001640378548895899
F43	F60	132	1134	655	46899	7.509457505062238e-81	6.309148264984227e-06	0.00017034700315457412
F12	F20	99	498	740	46899	6.473060503203559e-78	6.309148264984227e-06	0.00017665615141955834
F10	F43	227	2246	1134	46899	1.1118359635813348e-77	6.309148264984227e-06	0.00018296529968454258
E78	E79	63	570	169	46899	3.885460487559818e-76	6.309148264984227e-06	0.0001892744479495268
F32	F43	160	1120	1134	46899	3.605130092694078e-75	6.309148264984227e-06	0.00019558359621451104
F19	B17	68	1171	125	46899	7.46831384502617e-75	6.309148264984227e-06	0.00020189274447949526
C62	C77	39	205	70	46899	1.3139648916444487e-74	6.309148264984227e-06	0.00020820189274447948
E66	E78	93	592	570	46899	5.0781346978740296e-74	6.309148264984227e-06	0.00021451104100946372
F10	K70	62	2246	70	46899	4.32034818908547e-73	6.309148264984227e-06	0.00022082018927444794
F12	F19	110	498	1171	46899	2.9022551526813346e-70	6.309148264984227e-06	0.00022712933753943218
F13	F14	50	511	118	46899	2.015736269300772e-66	6.309148264984227e-06	0.0002334384858044164
C62	D40	37	205	84	46899	1.2663687043372145e-65	6.309148264984227e-06	0.00023974763406940062
H83	H93	52	152	478	46899	1.1041248171463564e-64	6.309148264984227e-06	0.00024605678233438486
E78	I10	96	570	817	46899	2.3080440392996822e-64	6.309148264984227e-06	0.0002523659305993691
F33	F60	73	343	655	46899	1.5485904987349248e-63	6.309148264984227e-06	0.0002586750788643533
E78	K76	72	570	377	46899	1.764809134870999e-63	6.309148264984227e-06	0.00026498422712933754
C83	C85	23	42	47	46899	6.78549364376905e-61	6.309148264984227e-06	0.0002712933753943218
F10	F32	200	2246	1120	46899	1.0335530524814616e-59	6.309148264984227e-06	0.00027760252365930597
F10	F13	133	2246	511	46899	1.2780265513279215e-59	6.309148264984227e-06	0.0002839116719242902
K02	K04	42	198	197	46899	1.5687437308354476e-59	6.309148264984227e-06	0.00029022082018927446
F13	F32	99	511	1120	46899	2.2824985071619746e-59	6.309148264984227e-06	0.00029652996845425865
F13	F60	78	511	655	46899	2.9398452523624576e-56	6.309148264984227e-06	0.0003028391167192429
E66	K76	67	592	377	46899	8.98217797597834e-56	6.309148264984227e-06	0.00030914826498422714
N18	I10	47	102	817	46899	6.805034815945056e-55	6.309148264984227e-06	0.0003154574132492113
F32	F33	80	1120	343	46899	1.245852134680581e-54	6.309148264984227e-06	0.00032176656151419557
F11	F17	106	674	1119	46899	2.919677772339288e-54	6.309148264984227e-06	0.0003280757097791798
F12	F14	43	498	118	46899	3.1800865690801855e-54	6.309148264984227e-06	0.000334384858044164
F11	F32	105	674	1120	46899	2.647516698676624e-53	6.309148264984227e-06	0.00034069400630914825
F10	F19	195	2246	1171	46899	2.7863178832238403e-53	6.309148264984227e-06	0.0003470031545741325
F12	F60	74	498	655	46899	1.6450900040100224e-52	6.309148264984227e-06	0.0003533123028391167
K60	K61	56	314	486	46899	1.3797579410455288e-51	6.309148264984227e-06	0.0003596214511041009
J33	J34	72	135	2797	46899	1.5464364136259491e-51	6.309148264984227e-06	0.00036593059936908517
N47	N48	73	1124	327	46899	2.251897375983673e-48	6.309148264984227e-06	0.0003722397476340694
M23	M25	95	2033	350	46899	3.1226813566808347e-48	6.309148264984227e-06	0.0003785488958990536
F20	F23	64	740	351	46899	6.668821003798562e-48	6.309148264984227e-06	0.00038485804416403784
F12	F17	86	498	1119	46899	1.932943353706173e-47	6.309148264984227e-06	0.0003911671924290221
E10	E14	31	281	87	46899	6.206165027092598e-47	6.309148264984227e-06	0.0003974763406940063
F11	B17	42	674	125	46899	1.2851970836143523e-45	6.309148264984227e-06	0.0004037854889589905
F12	F32	84	498	1120	46899	1.7091446997326187e-45	6.309148264984227e-06	0.00041009463722397477
B18	F32	80	460	1120	46899	2.1830273157501032e-44	6.309148264984227e-06	0.00041640378548895896
F12	F23	53	498	351	46899	2.5456246254145335e-44	6.309148264984227e-06	0.0004227129337539432
M22	M23	67	182	2033	46899	7.974142915162371e-44	6.309148264984227e-06	0.00042902208201892744
M23	M65	80	2033	273	46899	1.6169858311628155e-43	6.309148264984227e-06	0.00043533123028391163
J30	J34	79	203	2797	46899	2.0626396301696864e-43	6.309148264984227e-06	0.0004416403785488959
K26	K29	51	150	1397	46899	1.4221780923182989e-39	6.309148264984227e-06	0.0004479495268138801
F10	F17	167	2246	1119	46899	2.583242825885348e-39	6.309148264984227e-06	0.00045425867507886436
K02	K08	25	198	88	46899	4.329590967078694e-39	6.309148264984227e-06	0.00046056782334384855
B94	F19	25	27	1171	46899	2.2397998117128071e-38	6.309148264984227e-06	0.0004668769716088328
C77	C78	17	70	42	46899	2.7122052833593153e-38	6.309148264984227e-06	0.00047318611987381704
B18	F12	53	460	498	46899	4.2460696526450386e-38	6.309148264984227e-06	0.00047949526813880123
J43	J93	22	42	308	46899	2.046564120620122e-37	6.309148264984227e-06	0.0004858044164037855
F13	F17	76	511	1119	46899	2.4832557725409776e-37	6.309148264984227e-06	0.0004921135646687697
F10	F11	122	2246	674	46899	3.4155215032506756e-37	6.309148264984227e-06	0.0004984227129337539
B18	F14	32	460	118	46899	6.166715349134081e-37	6.309148264984227e-06	0.0005047318611987382
F60	F61	41	655	184	46899	6.884039047746963e-37	6.309148264984227e-06	0.0005110410094637224
C62	C78	20	205	42	46899	1.181537187546412e-36	6.309148264984227e-06	0.0005173501577287066
B94	F32	24	27	1120	46899	2.5388222180372133e-36	6.309148264984227e-06	0.0005236593059936909
J34	J35	204	2797	1318	46899	2.6713407162845686e-36	6.309148264984227e-06	0.0005299684542586751
K01	K02	35	384	198	46899	5.4714089289152586e-36	6.309148264984227e-06	0.0005362776025236593
E66	G47	53	592	427	46899	6.315477127151657e-36	6.309148264984227e-06	0.0005425867507886436
E10	E16	21	281	43	46899	9.308945660947495e-36	6.309148264984227e-06	0.0005488958990536278
I84	K62	36	499	176	46899	2.64683018160918e-35	6.309148264984227e-06	0.0005552050473186119
E10	E11	26	281	104	46899	7.517034022079324e-35	6.309148264984227e-06	0.0005615141955835962
E66	E79	37	592	169	46899	1.0657943254565945e-34	6.309148264984227e-06	0.0005678233438485804
M24	M25	39	346	350	46899	9.439365579774494e-34	6.309148264984227e-06	0.0005741324921135646
F10	F61	60	2246	184	46899	1.5995405058661322e-33	6.309148264984227e-06	0.0005804416403785489
F10	F33	81	2246	343	46899	1.9714052413048072e-33	6.309148264984227e-06	0.0005867507886435331
E66	F17	76	592	1119	46899	6.737386956647831e-33	6.309148264984227e-06	0.0005930599369085173
F33	F61	31	343	184	46899	7.682642817163266e-33	6.309148264984227e-06	0.0005993690851735016
J32	J33	37	866	135	46899	1.2572668042310964e-32	6.309148264984227e-06	0.0006056782334384858
E78	F17	74	570	1119	46899	2.2215279235315308e-32	6.309148264984227e-06	0.00061198738170347
N31	N39	21	64	261	46899	6.61337490626571e-32	6.309148264984227e-06	0.0006182965299684543
N18	E21	13	102	18	46899	9.329882891886347e-32	6.309148264984227e-06	0.0006246056782334385
K01	K04	32	384	197	46899	9.342311778056424e-32	6.309148264984227e-06	0.0006309148264984227
F11	F60	62	674	655	46899	9.736830341368595e-32	6.309148264984227e-06	0.000637223974763407
K80	K81	20	337	44	46899	1.1475975810925275e-31	6.309148264984227e-06	0.0006435331230283911
K01	K07	39	384	357	46899	1.1590928391898043e-31	6.309148264984227e-06	0.0006498422712933753
H33	H35	19	120	89	46899	1.2371441820918328e-31	6.309148264984227e-06	0.0006561514195583596
M42	M54	26	49	954	46899	2.7890633847839334e-31	6.309148264984227e-06	0.0006624605678233438
M17	M23	40	87	2033	46899	2.838140145959555e-31	6.309148264984227e-06	0.000668769716088328
F32	F41	64	1120	441	46899	6.071920644465469e-31	6.309148264984227e-06	0.0006750788643533123
G55	M51	17	18	690	46899	1.0350628349718504e-30	6.309148264984227e-06	0.0006813880126182965
C71	D43	13	33	57	46899	1.619747676380287e-30	6.309148264984227e-06	0.0006876971608832807
F41	F45	35	441	250	46899	3.207911109804247e-30	6.309148264984227e-06	0.000694006309148265
E79	K76	29	169	377	46899	7.767908764665021e-30	6.309148264984227e-06	0.0007003154574132492
F19	F43	103	1171	1134	46899	1.546573711792744e-29	6.309148264984227e-06	0.0007066246056782334
I42	I50	13	61	37	46899	2.685515233044313e-29	6.309148264984227e-06	0.0007129337539432177
I26	I80	19	104	142	46899	9.580011496002517e-29	6.309148264984227e-06	0.0007192429022082018
F19	F61	42	1171	184	46899	4.7378206721143545e-28	6.309148264984227e-06	0.0007255520504731861
H65	H90	17	94	106	46899	4.970773450902312e-28	6.309148264984227e-06	0.0007318611987381703
K02	K12	24	198	198	46899	6.456867979462694e-28	6.309148264984227e-06	0.0007381703470031545
K21	K22	28	614	112	46899	7.177342633610632e-28	6.309148264984227e-06	0.0007444794952681388
F17	F19	99	1119	1171	46899	1.5861863452956392e-27	6.309148264984227e-06	0.000750788643533123
C81	C85	13	76	47	46899	2.4186194486008916e-26	6.309148264984227e-06	0.0007570977917981072
D50	K51	19	94	216	46899	4.7462498224340235e-26	6.309148264984227e-06	0.0007634069400630915
M42	M51	21	49	690	46899	6.526558826854475e-26	6.309148264984227e-06	0.0007697160883280757
F32	F61	39	1120	184	46899	1.4450693980931638e-25	6.309148264984227e-06	0.0007760252365930599
F14	F19	33	118	1171	46899	2.1037928154658894e-25	6.309148264984227e-06	0.0007823343848580442
F19	F20	76	1171	740	46899	2.6900779440029937e-25	6.309148264984227e-06	0.0007886435331230284
F33	F43	51	343	1134	46899	3.6993663824330856e-25	6.309148264984227e-06	0.0007949526813880126
F14	F17	32	118	1119	46899	8.1702157408471405e-25	6.309148264984227e-06	0.0008012618296529969
I21	I25	11	35	56	46899	1.0068455576962862e-24	6.309148264984227e-06	0.000807570977917981
K35	K37	41	1651	153	46899	1.0546349156115429e-24	6.309148264984227e-06	0.0008138801261829652
N31	G95	11	64	32	46899	1.5538842892380175e-24	6.309148264984227e-06	0.0008201892744479495
F19	F33	51	1171	343	46899	1.5652974805830257e-24	6.309148264984227e-06	0.0008264984227129337
N18	D64	15	102	93	46899	2.6689996300430433e-24	6.309148264984227e-06	0.0008328075709779179
B18	B17	24	460	125	46899	4.465689631234153e-24	6.309148264984227e-06	0.0008391167192429022
F12	F61	28	498	184	46899	5.349948163624113e-24	6.309148264984227e-06	0.0008454258675078864
K80	K85	24	337	172	46899	8.10645384002751e-24	6.309148264984227e-06	0.0008517350157728706
F20	F25	29	740	143	46899	1.0204423033451853e-23	6.309148264984227e-06	0.0008580441640378549
F12	F33	35	498	343	46899	1.0814449759483413e-23	6.309148264984227e-06	0.0008643533123028391
N31	G82	13	64	86	46899	1.2474257149859662e-23	6.309148264984227e-06	0.0008706624605678233
D16	L05	59	307	1891	46899	1.332567082433051e-23	6.309148264984227e-06	0.0008769716088328076
B18	B24	21	460	86	46899	1.3498504145378492e-23	6.309148264984227e-06	0.0008832807570977918
M25	M66	16	350	43	46899	1.4490845103680552e-23	6.309148264984227e-06	0.0008895899053627759
K22	K44	22	112	414	46899	2.102354108060825e-23	6.309148264984227e-06	0.0008958990536277602
K04	K12	21	197	198	46899	2.3951983157356116e-23	6.309148264984227e-06	0.0009022082018927444
F13	F33	35	511	343	46899	2.5298273385591912e-23	6.309148264984227e-06	0.0009085173501577287
C77	D40	13	70	84	46899	3.2199697944776644e-23	6.309148264984227e-06	0.0009148264984227129
I10	K76	44	817	377	46899	3.5219428615862996e-23	6.309148264984227e-06	0.0009211356466876971
M23	M67	93	2033	669	46899	4.1250661571482394e-23	6.309148264984227e-06	0.0009274447949526814
B23	B24	10	20	86	46899	4.548322396387753e-23	6.309148264984227e-06	0.0009337539432176656
J03	J35	69	599	1318	46899	4.8059724708852315e-23	6.309148264984227e-06	0.0009400630914826498
K85	K86	13	172	38	46899	6.837786615247923e-23	6.309148264984227e-06	0.0009463722397476341
H90	H93	22	106	478	46899	1.3120038360026635e-22	6.309148264984227e-06	0.0009526813880126183
N13	N39	28	398	261	46899	2.1857792832767933e-22	6.309148264984227e-06	0.0009589905362776025
K02	K03	11	198	19	46899	4.2062249138942237e-22	6.309148264984227e-06	0.0009652996845425868
H49	H53	10	29	69	46899	4.702190452037906e-22	6.309148264984227e-06	0.000971608832807571
K04	K08	16	197	88	46899	5.61069267718375e-22	6.309148264984227e-06	0.0009779179810725552
F17	J45	54	1119	458	46899	6.057828553641379e-22	6.309148264984227e-06	0.0009842271293375394
D50	K50	19	94	355	46899	6.683371963727204e-22	6.309148264984227e-06	0.0009905362776025236
H50	H53	13	107	69	46899	7.408343907820088e-22	6.309148264984227e-06	0.0009968454258675078
M22	M94	19	182	181	46899	8.336238979674844e-22	6.309148264984227e-06	0.001003154574132492
N20	N39	38	927	261	46899	9.83130114692906e-22	6.309148264984227e-06	0.0010094637223974764
J18	J90	17	436	55	46899	1.0465401163196454e-21	6.309148264984227e-06	0.0010157728706624606
C78	D40	11	42	84	46899	1.2590568787770425e-21	6.309148264984227e-06	0.0010220820189274448
I33	I38	7	18	15	46899	2.065713052839923e-21	6.309148264984227e-06	0.001028391167192429
N18	N19	11	102	37	46899	2.4071980786749714e-21	6.309148264984227e-06	0.0010347003154574132
C62	D70	13	205	42	46899	3.3003798709009442e-21	6.309148264984227e-06	0.0010410094637223974
E11	E78	22	104	570	46899	3.7333727691689615e-21	6.309148264984227e-06	0.0010473186119873818
K25	K29	28	90	1397	46899	3.785669328328559e-21	6.309148264984227e-06	0.001053627760252366
F32	F42	22	1120	58	46899	4.216325805995283e-21	6.309148264984227e-06	0.0010599369085173501
M24	M65	26	346	273	46899	4.391193305256795e-21	6.309148264984227e-06	0.0010662460567823343
M25	M65	26	350	273	46899	5.866799965102798e-21	6.309148264984227e-06	0.0010725552050473185
K29	K52	92	1397	1025	46899	9.064643319199081e-21	6.309148264984227e-06	0.0010788643533123027
H66	H71	14	160	76	46899	9.261975871023258e-21	6.309148264984227e-06	0.0010851735015772871
F41	F60	40	441	655	46899	1.2771994032896782e-20	6.309148264984227e-06	0.0010914826498422713
E10	E78	31	281	570	46899	1.997477121522738e-20	6.309148264984227e-06	0.0010977917981072555
F13	B17	22	511	125	46899	2.5252833355637493e-20	6.309148264984227e-06	0.0011041009463722397
F19	G40	78	1171	937	46899	2.711310083238145e-20	6.309148264984227e-06	0.0011104100946372239
F43	F61	34	1134	184	46899	2.7785735492776406e-20	6.309148264984227e-06	0.001116719242902208
K01	K09	15	384	49	46899	4.637805100764673e-20	6.309148264984227e-06	0.0011230283911671925
C62	C80	10	205	18	46899	8.657183749176473e-20	6.309148264984227e-06	0.0011293375394321767
H33	H52	15	120	158	46899	1.4446878388387173e-19	6.309148264984227e-06	0.0011356466876971609
F60	F63	20	655	83	46899	2.1560573109706035e-19	6.309148264984227e-06	0.001141955835962145
H66	H72	12	160	51	46899	2.310927757335416e-19	6.309148264984227e-06	0.0011482649842271292
H71	H90	12	76	106	46899	2.5688325077633287e-19	6.309148264984227e-06	0.0011545741324921134
E79	I10	28	169	817	46899	2.596250198308562e-19	6.309148264984227e-06	0.0011608832807570978
F22	F23	15	59	351	46899	2.8412148528911855e-19	6.309148264984227e-06	0.001167192429022082
K22	K92	17	112	280	46899	3.083433716521297e-19	6.309148264984227e-06	0.0011735015772870662
F33	F40	16	343	76	46899	3.4351444974531847e-19	6.309148264984227e-06	0.0011798107255520504
F17	J18	49	1119	436	46899	3.752667437762084e-19	6.309148264984227e-06	0.0011861198738170346
G35	H46	10	149	26	46899	3.9181964582966094e-19	6.309148264984227e-06	0.0011924290220820188
N17	A41	11	96	60	46899	4.610974784914255e-19	6.309148264984227e-06	0.0011987381703470032
E14	H36	8	87	15	46899	6.413955682962853e-19	6.309148264984227e-06	0.0012050473186119874
F17	I10	68	1119	817	46899	7.46983091147151e-19	6.309148264984227e-06	0.0012113564668769716
F13	F43	53	511	1134	46899	8.556505653548474e-19	6.309148264984227e-06	0.0012176656151419558
H66	H90	14	160	106	46899	1.3054454216112304e-18	6.309148264984227e-06	0.00122397476340694
B96	K29	15	22	1397	46899	1.6802568986507842e-18	6.309148264984227e-06	0.0012302839116719244
M51	M99	15	690	37	46899	1.956038978392416e-18	6.309148264984227e-06	0.0012365930599369085
G62	K70	9	36	70	46899	1.962512322533178e-18	6.309148264984227e-06	0.0012429022082018927
N17	N18	12	96	102	46899	3.080114483307269e-18	6.309148264984227e-06	0.001249211356466877
F32	F40	22	1120	76	46899	3.626331422236631e-18	6.309148264984227e-06	0.0012555205047318611
H35	H52	13	89	158	46899	4.907946162233712e-18	6.309148264984227e-06	0.0012618296529968453
K04	K07	21	197	357	46899	5.291432962431648e-18	6.309148264984227e-06	0.0012681388012618297
M65	M67	30	273	669	46899	7.681924923526928e-18	6.309148264984227e-06	0.001274447949526814
K03	K08	8	19	88	46899	8.235581855450509e-18	6.309148264984227e-06	0.001280757097791798
J30	J45	23	203	458	46899	8.326168569277703e-18	6.309148264984227e-06	0.0012870662460567823
C77	D70	9	70	42	46899	9.229946859218287e-18	6.309148264984227e-06	0.0012933753943217665
F79	G40	17	46	937	46899	1.1353370974561421e-17	6.309148264984227e-06	0.0012996845425867507
H65	H66	13	94	160	46899	1.2246099009470781e-17	6.309148264984227e-06	0.001305993690851735
I21	I40	9	35	90	46899	1.5844011852889364e-17	6.309148264984227e-06	0.0013123028391167193
F40	F41	16	76	441	46899	1.8422605407691098e-17	6.309148264984227e-06	0.0013186119873817034
B18	F60	37	460	655	46899	1.9123741029733455e-17	6.309148264984227e-06	0.0013249211356466876
C81	C83	9	76	42	46899	2.0142937481088253e-17	6.309148264984227e-06	0.0013312302839116718
F14	F60	21	118	655	46899	2.1870630474949934e-17	6.309148264984227e-06	0.001337539432176656
G82	G93	11	86	93	46899	2.1887210473146257e-17	6.309148264984227e-06	0.0013438485804416404
B35	A46	10	33	171	46899	2.7382857802354716e-17	6.309148264984227e-06	0.0013501577287066246
K22	K29	27	112	1397	46899	2.795441110680575e-17	6.309148264984227e-06	0.0013564668769716088
F20	F22	17	740	59	46899	2.909386560469845e-17	6.309148264984227e-06	0.001362776025236593
I34	I50	8	49	37	46899	2.934339287662206e-17	6.309148264984227e-06	0.0013690851735015772
F12	F43	50	498	1134	46899	3.201960208582422e-17	6.309148264984227e-06	0.0013753943217665614
J03	J36	33	599	401	46899	4.083395703572029e-17	6.309148264984227e-06	0.0013817034700315458
E10	H36	9	281	15	46899	4.243994809047517e-17	6.309148264984227e-06	0.00138801261829653
N17	E86	11	96	89	46899	4.6821829170904544e-17	6.309148264984227e-06	0.0013943217665615142
E13	E14	8	23	87	46899	4.828861047159903e-17	6.309148264984227e-06	0.0014006309148264983
F51	G25	8	39	51	46899	6.584331038077342e-17	6.309148264984227e-06	0.0014069400630914825
F10	F63	28	2246	83	46899	7.403583629504866e-17	6.309148264984227e-06	0.0014132492113564667
E78	K71	15	570	54	46899	8.694693965532462e-17	6.309148264984227e-06	0.0014195583596214511
H74	H90	8	21	106	46899	1.0325669581040517e-16	6.309148264984227e-06	0.0014258675078864353
D68	I26	10	59	104	46899	1.0581175639380809e-16	6.309148264984227e-06	0.0014321766561514195
I26	J18	17	104	436	46899	1.390791657697207e-16	6.309148264984227e-06	0.0014384858044164037
A48	J03	14	43	599	46899	1.4749825022620996e-16	6.309148264984227e-06	0.0014447949526813879
H90	H91	16	106	356	46899	1.7227311124887224e-16	6.309148264984227e-06	0.0014511041009463723
H43	H33	8	20	120	46899	1.7785943628122538e-16	6.309148264984227e-06	0.0014574132492113565
B18	K73	12	460	33	46899	2.0236747187755444e-16	6.309148264984227e-06	0.0014637223974763407
F20	F61	25	740	184	46899	2.7821803496659635e-16	6.309148264984227e-06	0.0014700315457413249
C73	C77	8	34	70	46899	2.8655282686054e-16	6.309148264984227e-06	0.001476340694006309
K50	K56	19	355	183	46899	3.0578891194055585e-16	6.309148264984227e-06	0.0014826498422712932
I60	I67	7	35	34	46899	3.6038234439700653e-16	6.309148264984227e-06	0.0014889589905362776
N39	L89	10	261	29	46899	4.373382077354014e-16	6.309148264984227e-06	0.0014952681388012618
G04	G35	9	31	149	46899	4.901610661941823e-16	6.309148264984227e-06	0.001501577287066246
J45	J46	9	458	13	46899	5.159079785649648e-16	6.309148264984227e-06	0.0015078864353312302
N18	I12	6	102	7	46899	6.368648110603047e-16	6.309148264984227e-06	0.0015141955835962144
I34	I35	8	49	53	46899	6.653038892337803e-16	6.309148264984227e-06	0.0015205047318611986
F14	F32	24	118	1120	46899	7.650609295261204e-16	6.309148264984227e-06	0.001526813880126183
E11	E66	18	104	592	46899	1.2460690922209528e-15	6.309148264984227e-06	0.0015331230283911672
I10	I25	16	817	56	46899	1.3553607913559005e-15	6.309148264984227e-06	0.0015394321766561514
E11	H36	7	104	15	46899	1.3613105983064224e-15	6.309148264984227e-06	0.0015457413249211356
I26	I82	10	104	77	46899	1.787799779128468e-15	6.309148264984227e-06	0.0015520504731861198
F19	F23	40	1171	351	46899	1.935263264515533e-15	6.309148264984227e-06	0.001558359621451104
A51	A63	11	26	523	46899	1.984723455762275e-15	6.309148264984227e-06	0.0015646687697160884
N39	N45	17	261	200	46899	2.060691439491163e-15	6.309148264984227e-06	0.0015709779179810725
N39	G82	13	261	86	46899	2.2062076829169367e-15	6.309148264984227e-06	0.0015772870662460567
G40	G93	20	937	93	46899	2.268525582438431e-15	6.309148264984227e-06	0.001583596214511041
E78	I25	14	570	56	46899	4.7622190478184774e-15	6.309148264984227e-06	0.0015899053627760251
F11	F33	30	674	343	46899	4.910780447243781e-15	6.309148264984227e-06	0.0015962145110410093
K01	K05	10	384	26	46899	5.694514852919884e-15	6.309148264984227e-06	0.0016025236593059937
I47	I49	11	147	89	46899	5.808089045115812e-15	6.309148264984227e-06	0.001608832807570978
E78	I21	12	570	35	46899	5.9929129225825106e-15	6.309148264984227e-06	0.001615141955835962
E11	E14	10	104	87	46899	6.402238559946906e-15	6.309148264984227e-06	0.0016214511041009463
M23	M24	52	2033	346	46899	6.431550224502752e-15	6.309148264984227e-06	0.0016277602523659305
H44	H52	8	23	158	46899	6.515126394232982e-15	6.309148264984227e-06	0.0016340694006309149
I40	I51	10	90	103	46899	8.241893379994004e-15	6.309148264984227e-06	0.001640378548895899
M42	M99	7	49	37	46899	8.727833298834063e-15	6.309148264984227e-06	0.0016466876971608833
F63	F71	8	83	43	46899	9.38016317722658e-15	6.309148264984227e-06	0.0016529968454258674
I84	K60	25	499	314	46899	9.770914393133972e-15	6.309148264984227e-06	0.0016593059936908516
E21	E87	7	18	114	46899	1.2942679434987398e-14	6.309148264984227e-06	0.0016656151419558358
F41	F43	43	441	1134	46899	1.4886065632000283e-14	6.309148264984227e-06	0.0016719242902208202
E73	E74	7	58	34	46899	1.5928038115198148e-14	6.309148264984227e-06	0.0016782334384858044
F17	F60	53	1119	655	46899	1.7802558189007792e-14	6.309148264984227e-06	0.0016845425867507886
F12	F25	18	498	143	46899	2.0490026393231805e-14	6.309148264984227e-06	0.0016908517350157728
E11	I10	19	104	817	46899	2.3267157960048814e-14	6.309148264984227e-06	0.001697160883280757
B18	F10	64	460	2246	46899	2.4516403433514323e-14	6.309148264984227e-06	0.0017034700315457412
K29	K31	17	1397	49	46899	2.746930912613119e-14	6.309148264984227e-06	0.0017097791798107256
K26	K44	17	150	414	46899	3.203945094278396e-14	6.309148264984227e-06	0.0017160883280757098
N13	N26	9	398	20	46899	3.2259426330277275e-14	6.309148264984227e-06	0.001722397476340694
I27	I34	6	20	49	46899	3.628428343712667e-14	6.309148264984227e-06	0.0017287066246056782
B24	B17	10	86	125	46899	3.7398441084830164e-14	6.309148264984227e-06	0.0017350157728706623
F33	F41	24	343	441	46899	3.905827182239956e-14	6.309148264984227e-06	0.0017413249211356465
C43	D22	8	40	107	46899	4.0688396301881846e-14	6.309148264984227e-06	0.001747634069400631
N18	I15	6	102	11	46899	4.173883540682698e-14	6.309148264984227e-06	0.0017539432176656151
I80	I82	10	142	77	46899	4.3301765715636836e-14	6.309148264984227e-06	0.0017602523659305993
J18	J96	13	436	67	46899	5.219812484538182e-14	6.309148264984227e-06	0.0017665615141955835
L73	L74	8	103	43	46899	5.5796935745418104e-14	6.309148264984227e-06	0.0017728706624605677
K50	K60	21	355	314	46899	5.773561702656077e-14	6.309148264984227e-06	0.0017791798107255519
M23	M66	18	2033	43	46899	5.855087315486096e-14	6.309148264984227e-06	0.0017854889589905363
E11	E16	8	104	43	46899	6.040653407235318e-14	6.309148264984227e-06	0.0017917981072555205
C83	C91	6	42	25	46899	6.209936937509689e-14	6.309148264984227e-06	0.0017981072555205047
K20	K29	14	31	1397	46899	6.707084848725092e-14	6.309148264984227e-06	0.0018044164037854889
K76	K85	17	377	172	46899	6.893090193906487e-14	6.309148264984227e-06	0.001810725552050473
G44	H81	17	307	212	46899	7.783040929300075e-14	6.309148264984227e-06	0.0018170347003154575
G82	L89	7	86	29	46899	8.202767776550743e-14	6.309148264984227e-06	0.0018233438485804416
K60	K62	16	314	176	46899	8.512914863891833e-14	6.309148264984227e-06	0.0018296529968454258
B18	B16	14	460	83	46899	8.948132627582923e-14	6.309148264984227e-06	0.00183596214511041
F43	F63	19	1134	83	46899	9.873192478989735e-14	6.309148264984227e-06	0.0018422712933753942
H50	H52	11	107	158	46899	1.0458199427419114e-13	6.309148264984227e-06	0.0018485804416403784
N17	M62	9	96	83	46899	1.2459112240723473e-13	6.309148264984227e-06	0.0018548895899053628
N46	I86	16	125	460	46899	1.327738308085488e-13	6.309148264984227e-06	0.001861198738170347
K56	K65	10	183	68	46899	1.5258621506309463e-13	6.309148264984227e-06	0.0018675078864353312
F17	F33	36	1119	343	46899	1.5672818297351097e-13	6.309148264984227e-06	0.0018738170347003154
E14	E78	15	87	570	46899	1.8307595596657783e-13	6.309148264984227e-06	0.0018801261829652996
H17	H18	6	17	78	46899	2.120613156398514e-13	6.309148264984227e-06	0.0018864353312302838
M54	M99	13	954	37	46899	2.137519603062171e-13	6.309148264984227e-06	0.0018927444794952682
F41	F61	18	441	184	46899	2.1689151024828468e-13	6.309148264984227e-06	0.0018990536277602524
H25	H26	7	53	53	46899	2.3076543592721616e-13	6.309148264984227e-06	0.0019053627760252365
B27	J03	19	158	599	46899	2.4099087814007435e-13	6.309148264984227e-06	0.0019116719242902207
F10	K71	20	2246	54	46899	2.480838530495241e-13	6.309148264984227e-06	0.001917981072555205
K63	K65	9	127	68	46899	2.5276888990716077e-13	6.309148264984227e-06	0.0019242902208201891
F12	F15	12	498	52	46899	2.530312852382104e-13	6.309148264984227e-06	0.0019305993690851735
M65	M94	15	273	181	46899	2.6469936691872624e-13	6.309148264984227e-06	0.0019369085173501577
F43	F70	19	1134	88	46899	3.070984595288728e-13	6.309148264984227e-06	0.001943217665615142
I34	I42	7	49	61	46899	3.629461475546242e-13	6.309148264984227e-06	0.001949526813880126
M41	M54	15	57	954	46899	3.775118804531263e-13	6.309148264984227e-06	0.0019558359621451105
I45	I47	10	92	147	46899	3.884325294358978e-13	6.309148264984227e-06	0.0019621451104100945
F33	F42	11	343	58	46899	4.571900974951839e-13	6.309148264984227e-06	0.001968454258675079
B96	K26	7	22	150	46899	4.868807110566697e-13	6.309148264984227e-06	0.001974763406940063
F19	K73	13	1171	33	46899	4.951772621490589e-13	6.309148264984227e-06	0.0019810725552050473
K71	K76	11	54	377	46899	5.501866841890943e-13	6.309148264984227e-06	0.0019873817034700317
F20	G21	8	740	11	46899	5.855945676105078e-13	6.309148264984227e-06	0.0019936908517350156
M22	M25	16	182	350	46899	7.538295047636122e-13	6.309148264984227e-06	0.002
B20	B24	6	19	86	46899	8.471328553605079e-13	6.309148264984227e-06	0.002006309148264984
F17	K29	80	1119	1397	46899	8.491044704261778e-13	6.309148264984227e-06	0.0020126182965299684
F23	F61	16	351	184	46899	9.321136431118508e-13	6.309148264984227e-06	0.002018927444794953
I31	J90	7	63	55	46899	1.0788551645158597e-12	6.309148264984227e-06	0.002025236593059937
K29	K92	35	1397	280	46899	1.084658186544489e-12	6.309148264984227e-06	0.002031545741324921
I83	I87	9	477	24	46899	1.2337996623946688e-12	6.309148264984227e-06	0.002037854889589905
M47	M51	15	83	690	46899	1.3614620713369202e-12	6.309148264984227e-06	0.0020441640378548896
B16	B17	9	83	125	46899	1.4099544906072523e-12	6.309148264984227e-06	0.0020504731861198736
L20	B00	9	102	102	46899	1.4699012833590726e-12	6.309148264984227e-06	0.002056782334384858
F17	J20	25	1119	182	46899	2.199853213690088e-12	6.309148264984227e-06	0.0020630914826498424
F20	F60	39	740	655	46899	2.337243088799174e-12	6.309148264984227e-06	0.0020694006309148263
K51	K52	26	216	1025	46899	2.470482148666409e-12	6.309148264984227e-06	0.0020757097791798108
A16	J90	7	71	55	46899	2.5747039448242907e-12	6.309148264984227e-06	0.0020820189274447947
N44	N45	12	150	200	46899	2.674611651226379e-12	6.309148264984227e-06	0.002088328075709779
E79	F17	24	169	1119	46899	2.913253953673171e-12	6.309148264984227e-06	0.0020946372239747635
K29	K80	38	1397	337	46899	2.9366246781528723e-12	6.309148264984227e-06	0.0021009463722397475
B18	B94	9	460	27	46899	3.1148462825993023e-12	6.309148264984227e-06	0.002107255520504732
K40	K42	29	1398	203	46899	3.3872344205323652e-12	6.309148264984227e-06	0.002113564668769716
N04	N18	6	20	102	46899	3.4468190747313767e-12	6.309148264984227e-06	0.0021198738170347003
N18	N26	6	102	20	46899	3.4468190747313767e-12	6.309148264984227e-06	0.0021261829652996843
N18	E87	9	102	114	46899	4.071512868970813e-12	6.309148264984227e-06	0.0021324921135646687
F25	F31	11	143	166	46899	4.509988532464809e-12	6.309148264984227e-06	0.002138801261829653
F17	J93	32	1119	308	46899	4.562704989089321e-12	6.309148264984227e-06	0.002145110410094637
G40	I69	10	937	22	46899	5.028841135740694e-12	6.309148264984227e-06	0.0021514195583596215
D69	D70	7	103	42	46899	5.0723263149839046e-12	6.309148264984227e-06	0.0021577287066246054
F06	G40	14	57	937	46899	5.091881508163304e-12	6.309148264984227e-06	0.00216403785488959
F43	F44	16	1134	68	46899	5.565767257803377e-12	6.309148264984227e-06	0.0021703470031545742
E21	I10	9	18	817	46899	5.976035051218331e-12	6.309148264984227e-06	0.0021766561514195582
K80	K83	8	337	25	46899	6.3609859183196304e-12	6.309148264984227e-06	0.0021829652996845426
F13	G40	38	511	937	46899	6.386128305619736e-12	6.309148264984227e-06	0.0021892744479495266
I30	I40	7	50	90	46899	7.0540165455308695e-12	6.309148264984227e-06	0.002195583596214511
N32	N35	6	22	106	46899	8.366582464974345e-12	6.309148264984227e-06	0.002201892744479495
K01	K08	12	384	88	46899	8.982066422148194e-12	6.309148264984227e-06	0.0022082018927444794
F32	F34	16	1120	71	46899	9.422451576384281e-12	6.309148264984227e-06	0.002214511041009464
F11	G40	44	674	937	46899	1.0958224672999984e-11	6.309148264984227e-06	0.0022208201892744478
B18	F17	39	460	1119	46899	1.2711720919160802e-11	6.309148264984227e-06	0.002227129337539432
E78	F32	44	570	1120	46899	1.4722552818035086e-11	6.309148264984227e-06	0.002233438485804416
K35	K65	18	1651	68	46899	1.5043585180610872e-11	6.309148264984227e-06	0.0022397476340694005
M19	M24	13	128	346	46899	1.5136888891856225e-11	6.309148264984227e-06	0.002246056782334385
F60	K70	13	655	70	46899	1.565760068654954e-11	6.309148264984227e-06	0.002252365930599369
J93	J98	12	308	114	46899	1.5794461936576222e-11	6.309148264984227e-06	0.0022586750788643533
D50	D64	8	94	93	46899	1.701073416651105e-11	6.309148264984227e-06	0.0022649842271293373
K50	K63	13	355	127	46899	1.8838979212724812e-11	6.309148264984227e-06	0.0022712933753943217
D10	J35	16	64	1318	46899	1.902085918249906e-11	6.309148264984227e-06	0.002277602523659306
F16	F19	11	27	1171	46899	2.0293687143688915e-11	6.309148264984227e-06	0.00228391167192429
F17	B17	20	1119	125	46899	2.0315553721551774e-11	6.309148264984227e-06	0.0022902208201892745
K29	K76	39	1397	377	46899	2.179532253304207e-11	6.309148264984227e-06	0.0022965299684542585
C73	E04	6	34	78	46899	2.2534667518422303e-11	6.309148264984227e-06	0.002302839116719243
C71	G40	11	33	937	46899	2.475559705802724e-11	6.309148264984227e-06	0.002309148264984227
F13	F61	17	511	184	46899	2.5879702413544783e-11	6.309148264984227e-06	0.0023154574132492113
F31	F60	18	166	655	46899	2.6259848832606198e-11	6.309148264984227e-06	0.0023217665615141957
J45	L20	13	458	102	46899	2.638802673991893e-11	6.309148264984227e-06	0.0023280757097791796
J15	J18	14	131	436	46899	2.6690829857366896e-11	6.309148264984227e-06	0.002334384858044164
J30	J35	27	203	1318	46899	2.68186439438134e-11	6.309148264984227e-06	0.002340694006309148
G82	G95	6	86	32	46899	2.7760667659719823e-11	6.309148264984227e-06	0.0023470031545741324
K29	K63	22	1397	127	46899	2.869700910298473e-11	6.309148264984227e-06	0.002353312302839117
K22	K31	7	112	49	46899	2.895709343184701e-11	6.309148264984227e-06	0.002359621451104101
D18	I61	6	88	32	46899	3.196831746398204e-11	6.309148264984227e-06	0.002365930599369085
K04	K09	8	197	49	46899	3.269143151361663e-11	6.309148264984227e-06	0.002372239747634069
K50	K61	22	355	486	46899	3.333324147795583e-11	6.309148264984227e-06	0.0023785488958990536
F19	J18	38	1171	436	46899	3.8230274016624e-11	6.309148264984227e-06	0.0023848580441640376
J69	J96	6	44	67	46899	4.570233245029133e-11	6.309148264984227e-06	0.002391167192429022
K29	K58	22	1397	130	46899	4.619075085964229e-11	6.309148264984227e-06	0.0023974763406940064
L02	L03	25	822	283	46899	5.245341723382694e-11	6.309148264984227e-06	0.0024037854889589903
F10	F14	26	2246	118	46899	5.445271151921555e-11	6.309148264984227e-06	0.0024100946372239748
E10	E13	7	281	23	46899	5.809340995761165e-11	6.309148264984227e-06	0.0024164037854889587
I31	I34	6	63	49	46899	6.1490882475618e-11	6.309148264984227e-06	0.002422712933753943
F14	F15	7	118	52	46899	6.49190510327333e-11	6.309148264984227e-06	0.0024290220820189275
I30	I31	6	50	63	46899	6.980320999986096e-11	6.309148264984227e-06	0.0024353312302839115
F17	F32	65	1119	1120	46899	7.207178916083222e-11	6.309148264984227e-06	0.002441640378548896
N13	N28	9	398	42	46899	7.263802846445893e-11	6.309148264984227e-06	0.00244794952681388
F17	J44	18	1119	106	46899	7.349198569653375e-11	6.309148264984227e-06	0.0024542586750788643
H26	H33	7	53	120	46899	8.407671786124443e-11	6.309148264984227e-06	0.0024605678233438487
E66	K80	23	592	337	46899	8.617069596014898e-11	6.309148264984227e-06	0.0024668769716088327
M24	M75	13	346	147	46899	8.777781974519522e-11	6.309148264984227e-06	0.002473186119873817
F32	F45	27	1120	250	46899	8.891297141253335e-11	6.309148264984227e-06	0.002479495268138801
M43	M54	12	46	954	46899	9.664012179294228e-11	6.309148264984227e-06	0.0024858044164037855
M17	M65	10	87	273	46899	1.0216929005615799e-10	6.309148264984227e-06	0.0024921135646687694
M47	M54	15	83	954	46899	1.2740312142323966e-10	6.309148264984227e-06	0.002498422712933754
B24	J15	8	86	131	46899	1.3188516520155819e-10	6.309148264984227e-06	0.0025047318611987382
K56	K66	7	183	38	46899	1.3982094633074143e-10	6.309148264984227e-06	0.0025110410094637222
F11	F15	11	674	52	46899	1.763798235448903e-10	6.309148264984227e-06	0.0025173501577287066
N47	A63	40	1124	523	46899	1.807173316234569e-10	6.309148264984227e-06	0.0025236593059936906
J90	J96	6	55	67	46899	1.8539875810366607e-10	6.309148264984227e-06	0.002529968454258675
G91	G93	6	40	93	46899	1.8760229042349075e-10	6.309148264984227e-06	0.0025362776025236594
J02	J03	13	92	599	46899	1.8801880641809876e-10	6.309148264984227e-06	0.0025425867507886434
K21	K25	13	614	90	46899	1.91526674520532e-10	6.309148264984227e-06	0.002548895899053628
G40	G41	9	937	22	46899	1.9236971356900006e-10	6.309148264984227e-06	0.0025552050473186118
E88	K76	9	49	377	46899	1.9716716384055778e-10	6.309148264984227e-06	0.002561514195583596
K02	K10	7	198	37	46899	1.9874014133334624e-10	6.309148264984227e-06	0.00256782334384858
F13	F15	10	511	52	46899	2.269360824436533e-10	6.309148264984227e-06	0.0025741324921135646
I48	I50	6	107	37	46899	2.6854636603764256e-10	6.309148264984227e-06	0.002580441640378549
F17	J40	17	1119	101	46899	2.8464441439775377e-10	6.309148264984227e-06	0.002586750788643533
F25	F61	10	143	184	46899	3.073276024948651e-10	6.309148264984227e-06	0.0025930599369085173
F60	F70	13	655	88	46899	3.1481172333594386e-10	6.309148264984227e-06	0.0025993690851735013
G93	J69	6	93	44	46899	3.4282561033663126e-10	6.309148264984227e-06	0.0026056782334384857
B18	B20	7	460	19	46899	3.7979515290941014e-10	6.309148264984227e-06	0.00261198738170347
B18	G40	33	460	937	46899	3.9117804722386165e-10	6.309148264984227e-06	0.002618296529968454
F10	G40	90	2246	937	46899	3.935457210075372e-10	6.309148264984227e-06	0.0026246056782334385
F10	G62	14	2246	36	46899	4.4945020889892333e-10	6.309148264984227e-06	0.0026309148264984225
D10	J34	20	64	2797	46899	4.665313999109163e-10	6.309148264984227e-06	0.002637223974763407
F20	L30	13	740	81	46899	4.748845042787618e-10	6.309148264984227e-06	0.0026435331230283913
J01	J32	21	211	866	46899	5.180763376145635e-10	6.309148264984227e-06	0.0026498422712933753
N05	I10	8	19	817	46899	5.229391734752561e-10	6.309148264984227e-06	0.0026561514195583597
D64	K51	9	93	216	46899	5.427432621848921e-10	6.309148264984227e-06	0.0026624605678233436
F19	J69	12	1171	44	46899	5.606675059922988e-10	6.309148264984227e-06	0.002668769716088328
D68	I80	7	59	142	46899	6.009703893486702e-10	6.309148264984227e-06	0.002675078864353312
F40	F60	12	76	655	46899	6.851133473941585e-10	6.309148264984227e-06	0.0026813880126182964
F10	F70	21	2246	88	46899	7.92953522765752e-10	6.309148264984227e-06	0.002687697160883281
F23	F43	31	351	1134	46899	8.06011599213835e-10	6.309148264984227e-06	0.002694006309148265
H25	H35	6	53	89	46899	8.407921568489539e-10	6.309148264984227e-06	0.002700315457413249
G25	G47	9	51	427	46899	8.576596211173594e-10	6.309148264984227e-06	0.002706624605678233
M22	M65	12	182	273	46899	9.413506058109319e-10	6.309148264984227e-06	0.0027129337539432176
H35	H40	6	89	54	46899	9.444570294616087e-10	6.309148264984227e-06	0.002719242902208202
F13	F41	23	511	441	46899	9.475919723817906e-10	6.309148264984227e-06	0.002725552050473186
I42	I47	7	61	147	46899	9.744096556511315e-10	6.309148264984227e-06	0.0027318611987381704
F06	F07	6	57	85	46899	9.97909768186886e-10	6.309148264984227e-06	0.0027381703470031543
F12	L30	11	498	81	46899	1.0770901138846494e-09	6.309148264984227e-06	0.0027444794952681388
F14	F61	9	118	184	46899	1.1198217571882567e-09	6.309148264984227e-06	0.0027507886435331227
M43	M51	10	46	690	46899	1.1270343376581037e-09	6.309148264984227e-06	0.002757097791798107
M67	M94	17	669	181	46899	1.2235543762823313e-09	6.309148264984227e-06	0.0027634069400630915
M12	M65	6	20	273	46899	1.3327938591965774e-09	6.309148264984227e-06	0.0027697160883280755
M25	M94	13	350	181	46899	1.3381860926521735e-09	6.309148264984227e-06	0.00277602523659306
F11	F43	45	674	1134	46899	1.3901762043246926e-09	6.309148264984227e-06	0.002782334384858044
F17	J06	30	1119	343	46899	1.392531228939618e-09	6.309148264984227e-06	0.0027886435331230283
F07	G40	14	85	937	46899	1.4989824443560928e-09	6.309148264984227e-06	0.0027949526813880127
M24	M67	23	346	669	46899	1.5228096714257194e-09	6.309148264984227e-06	0.0028012618296529967
L90	L91	6	109	48	46899	1.5540290480361264e-09	6.309148264984227e-06	0.002807570977917981
M50	M53	6	40	132	46899	1.5727764980463346e-09	6.309148264984227e-06	0.002813880126182965
B19	F19	8	16	1171	46899	1.5892644747344212e-09	6.309148264984227e-06	0.0028201892744479495
M53	M54	17	132	954	46899	1.8344956433111666e-09	6.309148264984227e-06	0.0028264984227129334
F25	F60	15	143	655	46899	1.8873295586025822e-09	6.309148264984227e-06	0.002832807570977918
M17	M94	8	87	181	46899	1.8980541017486616e-09	6.309148264984227e-06	0.0028391167192429023
I47	I48	8	147	107	46899	1.9280296831880672e-09	6.309148264984227e-06	0.0028454258675078862
K26	K92	11	150	280	46899	2.0179640551255973e-09	6.309148264984227e-06	0.0028517350157728706
E78	F33	21	570	343	46899	2.040630107434754e-09	6.309148264984227e-06	0.0028580441640378546
E78	F19	41	570	1171	46899	2.1922207327680928e-09	6.309148264984227e-06	0.002864353312302839
M92	M93	7	65	157	46899	2.435656294440281e-09	6.309148264984227e-06	0.0028706624605678234
F44	F60	11	68	655	46899	2.705520407315464e-09	6.309148264984227e-06	0.0028769716088328074
N18	I25	6	102	56	46899	2.710521599898417e-09	6.309148264984227e-06	0.002883280757097792
F60	B17	14	655	125	46899	2.7645136290674414e-09	6.309148264984227e-06	0.0028895899053627758
K76	K80	17	377	337	46899	2.8832750918783355e-09	6.309148264984227e-06	0.00289589905362776
M21	M84	8	93	180	46899	3.1052382785839385e-09	6.309148264984227e-06	0.0029022082018927446
D64	E87	7	93	114	46899	3.316866690826521e-09	6.309148264984227e-06	0.0029085173501577286
E78	K21	28	570	614	46899	3.422479826341544e-09	6.309148264984227e-06	0.002914826498422713
B24	F19	15	86	1171	46899	3.4815984323480153e-09	6.309148264984227e-06	0.002921135646687697
F20	F21	9	740	36	46899	3.716326480530803e-09	6.309148264984227e-06	0.0029274447949526813
E78	K85	15	570	172	46899	3.759752223418536e-09	6.309148264984227e-06	0.0029337539432176653
L02	L73	14	822	103	46899	3.77485278704242e-09	6.309148264984227e-06	0.0029400630914826497
H52	H53	7	158	69	46899	3.901070899718134e-09	6.309148264984227e-06	0.002946372239747634
F32	G40	54	1120	937	46899	3.904089573845509e-09	6.309148264984227e-06	0.002952681388012618
F17	F61	21	1119	184	46899	3.9099461637358926e-09	6.309148264984227e-06	0.0029589905362776025
N17	E87	7	96	114	46899	4.148182588473696e-09	6.309148264984227e-06	0.0029652996845425865
K08	K12	8	88	198	46899	4.215910269060363e-09	6.309148264984227e-06	0.002971608832807571
H35	H53	6	89	69	46899	4.285086120428098e-09	6.309148264984227e-06	0.0029779179810725553
L90	L98	6	109	57	46899	4.518231325995085e-09	6.309148264984227e-06	0.0029842271293375393
F15	F19	12	52	1171	46899	4.565108517975743e-09	6.309148264984227e-06	0.0029905362776025237
A41	J18	9	60	436	46899	4.644480137215061e-09	6.309148264984227e-06	0.0029968454258675076
H25	H33	6	53	120	46899	5.146123589778575e-09	6.309148264984227e-06	0.003003154574132492
K70	K76	9	70	377	46899	5.38027715792606e-09	6.309148264984227e-06	0.003009463722397476
I10	I11	6	817	10	46899	5.429806479735031e-09	6.309148264984227e-06	0.0030157728706624604
F10	F20	73	2246	740	46899	5.795115459437272e-09	6.309148264984227e-06	0.003022082018927445
F41	I10	28	441	817	46899	6.1979937539828415e-09	6.309148264984227e-06	0.003028391167192429
E66	K85	15	592	172	46899	6.2335649470350175e-09	6.309148264984227e-06	0.003034700315457413
F10	F31	28	2246	166	46899	6.508284949624046e-09	6.309148264984227e-06	0.003041009463722397
F13	F25	13	511	143	46899	6.931721697569828e-09	6.309148264984227e-06	0.0030473186119873816
E78	E88	9	570	49	46899	7.246672786344837e-09	6.309148264984227e-06	0.003053627760252366
F19	K71	12	1171	54	46899	7.246759063148901e-09	6.309148264984227e-06	0.00305993690851735
G51	A69	6	175	39	46899	7.294969732004386e-09	6.309148264984227e-06	0.0030662460567823344
J44	J45	11	106	458	46899	8.266749944513176e-09	6.309148264984227e-06	0.0030725552050473184
J30	J32	19	203	866	46899	9.460153292975123e-09	6.309148264984227e-06	0.0030788643533123028
F19	J96	13	1171	67	46899	9.990779063283796e-09	6.309148264984227e-06	0.003085173501577287
F32	K70	13	1120	70	46899	1.033380463270911e-08	6.309148264984227e-06	0.003091482649842271
F32	F63	14	1120	83	46899	1.0361247317681252e-08	6.309148264984227e-06	0.0030977917981072555
K04	K10	6	197	37	46899	1.0614777204862667e-08	6.309148264984227e-06	0.0031041009463722395
H65	H71	6	94	76	46899	1.07647486476363e-08	6.309148264984227e-06	0.003110410094637224
K29	K50	33	1397	355	46899	1.0815967502717967e-08	6.309148264984227e-06	0.003116719242902208
E88	I10	10	49	817	46899	1.0845227375020545e-08	6.309148264984227e-06	0.0031230283911671923
J15	J90	6	131	55	46899	1.096341473311904e-08	6.309148264984227e-06	0.0031293375394321767
N19	I10	9	37	817	46899	1.1370854710285357e-08	6.309148264984227e-06	0.0031356466876971607
K44	K80	17	414	337	46899	1.1526096197787794e-08	6.309148264984227e-06	0.003141955835962145
K21	K26	14	614	150	46899	1.3160802807923046e-08	6.309148264984227e-06	0.003148264984227129
M54	M62	13	954	83	46899	1.3403728031834233e-08	6.309148264984227e-06	0.0031545741324921135
K50	K51	13	355	216	46899	1.3413692984548963e-08	6.309148264984227e-06	0.003160883280757098
K21	K63	13	614	127	46899	1.4261403185694117e-08	6.309148264984227e-06	0.003167192429022082
D43	G40	11	57	937	46899	1.5249161149589838e-08	6.309148264984227e-06	0.0031735015772870663
B27	L27	6	158	49	46899	1.6485217807689344e-08	6.309148264984227e-06	0.0031798107255520502
F19	F90	10	1171	37	46899	1.7110680486305607e-08	6.309148264984227e-06	0.0031861198738170346
F19	K70	13	1171	70	46899	1.74416216209614e-08	6.309148264984227e-06	0.0031924290220820186
B18	J18	20	460	436	46899	1.745209630795115e-08	6.309148264984227e-06	0.003198738170347003
F14	F33	10	118	343	46899	1.8612606753584255e-08	6.309148264984227e-06	0.0032050473186119874
A63	B07	11	523	101	46899	1.9240596803059265e-08	6.309148264984227e-06	0.0032113564668769714
K44	K63	11	414	127	46899	1.977495423279392e-08	6.309148264984227e-06	0.003217665615141956
N23	N39	14	362	261	46899	2.041267846606616e-08	6.309148264984227e-06	0.0032239747634069398
K76	K86	7	377	38	46899	2.08944814777196e-08	6.309148264984227e-06	0.003230283911671924
F19	F25	18	1171	143	46899	2.1217805994446703e-08	6.309148264984227e-06	0.0032365930599369086
M71	M94	7	77	181	46899	2.1733341692401183e-08	6.309148264984227e-06	0.0032429022082018926
F40	F61	7	76	184	46899	2.2196332052136756e-08	6.309148264984227e-06	0.003249211356466877
F17	J30	21	1119	203	46899	2.2540480602475758e-08	6.309148264984227e-06	0.003255520504731861
F31	F61	9	166	184	46899	2.255056812016608e-08	6.309148264984227e-06	0.0032618296529968453
I10	I35	10	817	53	46899	2.41676574266115e-08	6.309148264984227e-06	0.0032681388012618297
D12	A63	9	61	523	46899	2.5821941962384924e-08	6.309148264984227e-06	0.0032744479495268137
N13	N35	10	398	106	46899	2.673867261302521e-08	6.309148264984227e-06	0.003280757097791798
F21	F60	8	36	655	46899	2.9739636179825674e-08	6.309148264984227e-06	0.003287066246056782
J18	J86	6	436	21	46899	3.007684998965588e-08	6.309148264984227e-06	0.0032933753943217665
N26	I10	7	20	817	46899	3.019655870968036e-08	6.309148264984227e-06	0.0032996845425867505
G47	J34	56	427	2797	46899	3.0557594079184204e-08	6.309148264984227e-06	0.003305993690851735
F12	F31	13	498	166	46899	3.0831876436385e-08	6.309148264984227e-06	0.0033123028391167193
I10	I51	13	817	103	46899	3.139668042261724e-08	6.309148264984227e-06	0.0033186119873817033
M25	M93	11	350	157	46899	3.242475373988659e-08	6.309148264984227e-06	0.0033249211356466877
F14	B17	7	118	125	46899	3.326517624139507e-08	6.309148264984227e-06	0.0033312302839116716
F23	F60	21	351	655	46899	3.364516654300178e-08	6.309148264984227e-06	0.003337539432176656
J20	J45	13	182	458	46899	3.4687085173312797e-08	6.309148264984227e-06	0.0033438485804416405
F23	F32	28	351	1120	46899	3.631409607533487e-08	6.309148264984227e-06	0.0033501577287066244
M40	M54	7	18	954	46899	3.68980811821748e-08	6.309148264984227e-06	0.003356466876971609
F60	F90	8	655	37	46899	3.748013077268367e-08	6.309148264984227e-06	0.003362776025236593
F61	B17	8	184	125	46899	3.831619375084015e-08	6.309148264984227e-06	0.003369085173501577
M19	M84	8	128	180	46899	3.889474554144086e-08	6.309148264984227e-06	0.003375394321766561
D64	K50	9	93	355	46899	4.0555451595145184e-08	6.309148264984227e-06	0.0033817034700315456
F15	F60	9	52	655	46899	4.1242516272797726e-08	6.309148264984227e-06	0.00338801261829653
F11	J96	10	674	67	46899	4.1761380576931585e-08	6.309148264984227e-06	0.003394321766561514
N10	N13	7	40	398	46899	4.40492572954132e-08	6.309148264984227e-06	0.0034006309148264984
E78	F20	29	570	740	46899	4.9450005267304925e-08	6.309148264984227e-06	0.0034069400630914824
F17	K71	11	1119	54	46899	5.089863902186274e-08	6.309148264984227e-06	0.0034132492113564668
G43	G45	7	274	59	46899	5.663421593964487e-08	6.309148264984227e-06	0.003419558359621451
J06	J40	9	343	101	46899	6.236448986008552e-08	6.309148264984227e-06	0.003425867507886435
D64	D69	6	93	103	46899	6.32230486175319e-08	6.309148264984227e-06	0.0034321766561514195
N02	N20	7	20	927	46899	7.137570963399418e-08	6.309148264984227e-06	0.0034384858044164035
I45	I48	6	92	107	46899	7.441866114540139e-08	6.309148264984227e-06	0.003444794952681388
J31	J35	12	59	1318	46899	7.637627493583653e-08	6.309148264984227e-06	0.0034511041009463723
E86	A09	13	89	1030	46899	7.730514018157515e-08	6.309148264984227e-06	0.0034574132492113563
K29	K62	21	1397	176	46899	7.815773315260376e-08	6.309148264984227e-06	0.0034637223974763407
M13	M25	8	74	350	46899	8.721964482418969e-08	6.309148264984227e-06	0.0034700315457413247
E86	E87	6	89	114	46899	8.904198195105217e-08	6.309148264984227e-06	0.003476340694006309
N10	N39	6	40	261	46899	9.185793975321744e-08	6.309148264984227e-06	0.003482649842271293
F12	F21	7	498	36	46899	9.335029440003939e-08	6.309148264984227e-06	0.0034889589905362775
F44	G40	11	68	937	46899	1.0376205018970327e-07	6.309148264984227e-06	0.003495268138801262
K50	K52	26	355	1025	46899	1.0699369756346921e-07	6.309148264984227e-06	0.003501577287066246
F43	K70	12	1134	70	46899	1.1037717842319584e-07	6.309148264984227e-06	0.0035078864353312303
F42	F60	9	58	655	46899	1.1080698167627618e-07	6.309148264984227e-06	0.0035141955835962142
N18	E11	6	102	104	46899	1.1644590900051282e-07	6.309148264984227e-06	0.0035205047318611986
B24	J18	9	86	436	46899	1.1675313816615967e-07	6.309148264984227e-06	0.003526813880126183
J06	J20	11	343	182	46899	1.1993748079167642e-07	6.309148264984227e-06	0.003533123028391167
J31	J32	10	59	866	46899	1.214557458169674e-07	6.309148264984227e-06	0.0035394321766561514
F13	K71	8	511	54	46899	1.2608971257919655e-07	6.309148264984227e-06	0.0035457413249211354
M65	M76	6	273	41	46899	1.3954516591060313e-07	6.309148264984227e-06	0.00355205047318612
K21	K80	19	614	337	46899	1.400862788810772e-07	6.309148264984227e-06	0.0035583596214511038
G40	G82	12	937	86	46899	1.488296792188395e-07	6.309148264984227e-06	0.003564668769716088
J20	J40	7	182	101	46899	1.4929129592360371e-07	6.309148264984227e-06	0.0035709779179810726
F71	G40	9	43	937	46899	1.4975012657628237e-07	6.309148264984227e-06	0.0035772870662460566
E78	F41	21	570	441	46899	1.5347778226885193e-07	6.309148264984227e-06	0.003583596214511041
J01	J20	9	211	182	46899	1.6053410950327182e-07	6.309148264984227e-06	0.003589905362776025
F17	I51	14	1119	103	46899	1.7140764889199546e-07	6.309148264984227e-06	0.0035962145110410093
F32	F70	13	1120	88	46899	1.7587830158425277e-07	6.309148264984227e-06	0.0036025236593059938
E66	E88	8	592	49	46899	1.7592345881715775e-07	6.309148264984227e-06	0.0036088328075709777
K21	K76	20	614	377	46899	1.7599224310420063e-07	6.309148264984227e-06	0.003615141955835962
E11	K76	9	104	377	46899	1.788082142791985e-07	6.309148264984227e-06	0.003621451104100946
F20	F29	8	740	40	46899	1.8220619957868353e-07	6.309148264984227e-06	0.0036277602523659305
F33	F63	8	343	83	46899	1.847313558638115e-07	6.309148264984227e-06	0.003634069400630915
N45	N50	7	200	95	46899	1.8572697351449005e-07	6.309148264984227e-06	0.003640378548895899
D23	L72	11	139	473	46899	1.919237134451458e-07	6.309148264984227e-06	0.0036466876971608833
F11	J69	8	674	44	46899	1.9612201523074492e-07	6.309148264984227e-06	0.0036529968454258673
E78	F25	12	570	143	46899	2.0787486138746948e-07	6.309148264984227e-06	0.0036593059936908517
N50	C62	7	95	205	46899	2.1954099695328567e-07	6.309148264984227e-06	0.0036656151419558356
F13	F20	26	511	740	46899	2.4144415756574e-07	6.309148264984227e-06	0.00367192429022082
K31	K44	7	49	414	46899	2.4782531432828674e-07	6.309148264984227e-06	0.0036782334384858045
K44	K92	14	414	280	46899	2.518680168911232e-07	6.309148264984227e-06	0.0036845425867507884
F21	F23	6	36	351	46899	2.71394791951043e-07	6.309148264984227e-06	0.003690851735015773
F32	I10	45	1120	817	46899	2.749996007938542e-07	6.309148264984227e-06	0.003697160883280757
H83	H91	10	152	356	46899	2.8926170177639687e-07	6.309148264984227e-06	0.0037034700315457412
F44	F61	6	68	184	46899	3.005490843897934e-07	6.309148264984227e-06	0.0037097791798107256
J30	L20	7	203	102	46899	3.34673105200227e-07	6.309148264984227e-06	0.0037160883280757096
M23	M93	23	2033	157	46899	3.34890605397285e-07	6.309148264984227e-06	0.003722397476340694
F12	F16	6	498	27	46899	3.407714233269855e-07	6.309148264984227e-06	0.003728706624605678
F32	F50	11	1120	65	46899	3.780018667952315e-07	6.309148264984227e-06	0.0037350157728706624
C62	D69	7	205	103	46899	3.822084792588761e-07	6.309148264984227e-06	0.0037413249211356464
F33	F45	12	343	250	46899	3.891981255438932e-07	6.309148264984227e-06	0.0037476340694006308
K07	K08	8	357	88	46899	3.944902926180952e-07	6.309148264984227e-06	0.003753943217665615
J18	J45	18	436	458	46899	3.9852569846885256e-07	6.309148264984227e-06	0.003760252365930599
F10	K76	42	2246	377	46899	4.0974172168308767e-07	6.309148264984227e-06	0.0037665615141955835
E78	F13	22	570	511	46899	4.341687429764209e-07	6.309148264984227e-06	0.0037728706624605675
F17	I20	10	1119	53	46899	4.4172276364527285e-07	6.309148264984227e-06	0.003779179810725552
I10	I49	11	817	89	46899	4.460132564463382e-07	6.309148264984227e-06	0.0037854889589905363
N62	L90	8	294	109	46899	4.7626219578808086e-07	6.309148264984227e-06	0.0037917981072555203
J35	J36	31	1318	401	46899	5.065827030124155e-07	6.309148264984227e-06	0.0037981072555205047
F11	F61	14	674	184	46899	5.258436278968804e-07	6.309148264984227e-06	0.0038044164037854887
F17	J43	9	1119	42	46899	5.332787635822864e-07	6.309148264984227e-06	0.003810725552050473
N43	N45	8	162	200	46899	5.353298273023014e-07	6.309148264984227e-06	0.003817034700315457
F31	F32	17	166	1120	46899	5.624227913325965e-07	6.309148264984227e-06	0.0038233438485804415
F30	F60	8	52	655	46899	6.076772545105618e-07	6.309148264984227e-06	0.003829652996845426
F17	J98	14	1119	114	46899	6.110648453918918e-07	6.309148264984227e-06	0.00383596214511041
D50	K26	6	94	150	46899	6.250447115806252e-07	6.309148264984227e-06	0.0038422712933753943
F17	F63	12	1119	83	46899	6.553937585289084e-07	6.309148264984227e-06	0.0038485804416403782
K61	L02	26	486	822	46899	6.742859093514998e-07	6.309148264984227e-06	0.0038548895899053626
H65	H83	6	94	152	46899	6.754849730882943e-07	6.309148264984227e-06	0.003861198738170347
D64	I10	11	93	817	46899	6.99071935325202e-07	6.309148264984227e-06	0.003867507886435331
K56	K63	7	183	127	46899	7.392884697293869e-07	6.309148264984227e-06	0.0038738170347003154
F10	F15	13	2246	52	46899	7.395507981409897e-07	6.309148264984227e-06	0.0038801261829652994
M24	M66	6	346	43	46899	7.478121004379753e-07	6.309148264984227e-06	0.003886435331230284
B94	E78	6	27	570	46899	7.480466135063852e-07	6.309148264984227e-06	0.003892744479495268
F14	G40	13	118	937	46899	7.512444777229825e-07	6.309148264984227e-06	0.003899053627760252
F17	I25	10	1119	56	46899	7.560913751324919e-07	6.309148264984227e-06	0.0039053627760252366
D50	I84	9	94	499	46899	7.770046751452697e-07	6.309148264984227e-06	0.003911671924290221
B94	G40	7	27	937	46899	7.784510056113607e-07	6.309148264984227e-06	0.003917981072555205
J03	B00	10	599	102	46899	7.970176347909235e-07	6.309148264984227e-06	0.003924290220820189
F45	G44	11	250	307	46899	9.464979146667478e-07	6.309148264984227e-06	0.003930599369085174
E73	K29	11	58	1397	46899	9.926488011340181e-07	6.309148264984227e-06	0.003936908517350158
F12	B17	10	498	125	46899	9.940707927585947e-07	6.309148264984227e-06	0.003943217665615142
G55	M54	6	18	954	46899	1.050407463565278e-06	6.309148264984227e-06	0.003949526813880126
M24	M94	10	346	181	46899	1.1113702772446944e-06	6.309148264984227e-06	0.0039558359621451105
J18	B16	8	436	83	46899	1.1227157280055296e-06	6.309148264984227e-06	0.0039621451104100945
J01	J34	32	211	2797	46899	1.1650914324146475e-06	6.309148264984227e-06	0.0039684542586750785
F41	F42	7	441	58	46899	1.2326663683222275e-06	6.309148264984227e-06	0.003974763406940063
J18	J98	9	436	114	46899	1.3088716733717188e-06	6.309148264984227e-06	0.003981072555205047
F20	F70	10	740	88	46899	1.3434863113081884e-06	6.309148264984227e-06	0.003987381703470031
K40	K66	9	1398	38	46899	1.3533226534585639e-06	6.309148264984227e-06	0.003993690851735015
F17	I21	8	1119	35	46899	1.3604445869983684e-06	6.309148264984227e-06	0.004
H83	H90	6	152	106	46899	1.3707373077300003e-06	6.309148264984227e-06	0.004006309148264984
F51	G47	6	39	427	46899	1.3915995836540998e-06	6.309148264984227e-06	0.004012618296529968
K75	K76	6	44	377	46899	1.4143415975355533e-06	6.309148264984227e-06	0.004018927444794953
F60	G40	33	655	937	46899	1.6348792080773737e-06	6.309148264984227e-06	0.004025236593059937
F12	K71	7	498	54	46899	1.6794874626226378e-06	6.309148264984227e-06	0.004031545741324921
F17	K76	26	1119	377	46899	1.740367715101655e-06	6.309148264984227e-06	0.004037854889589906
M50	M51	7	40	690	46899	1.770110017401282e-06	6.309148264984227e-06	0.00404416403785489
F11	F16	6	674	27	46899	1.972244656326248e-06	6.309148264984227e-06	0.004050473186119874
L02	L70	9	822	65	46899	1.9878605575299894e-06	6.309148264984227e-06	0.004056782334384858
F17	I45	12	1119	92	46899	2.0174729250356826e-06	6.309148264984227e-06	0.004063091482649842
N18	E79	6	102	169	46899	2.025764109219261e-06	6.309148264984227e-06	0.004069400630914826
E78	I47	11	570	147	46899	2.0737126721712213e-06	6.309148264984227e-06	0.00407570977917981
A46	E66	12	171	592	46899	2.090784098361929e-06	6.309148264984227e-06	0.004082018927444795
E03	F17	13	109	1119	46899	2.13877543300795e-06	6.309148264984227e-06	0.004088328075709779
F34	F45	6	71	250	46899	2.31565187324536e-06	6.309148264984227e-06	0.004094637223974763
E11	K85	6	104	172	46899	2.5124104210286474e-06	6.309148264984227e-06	0.004100946372239747
E79	K21	12	169	614	46899	2.6863712102564894e-06	6.309148264984227e-06	0.004107255520504732
G40	I61	7	937	32	46899	2.70466675870415e-06	6.309148264984227e-06	0.004113564668769716
J18	B17	9	436	125	46899	2.822342356809022e-06	6.309148264984227e-06	0.0041198738170347
M24	M93	9	346	157	46899	2.833462164427901e-06	6.309148264984227e-06	0.004126182965299685
I10	I48	11	817	107	46899	2.850554616509882e-06	6.309148264984227e-06	0.004132492113564669
F12	F22	7	498	59	46899	3.0906264550324782e-06	6.309148264984227e-06	0.004138801261829653
F32	F51	8	1120	39	46899	3.289671414964529e-06	6.309148264984227e-06	0.004145110410094637
J03	L04	7	599	50	46899	3.322987929423966e-06	6.309148264984227e-06	0.0041514195583596215
E87	F17	13	114	1119	46899	3.5527691005184776e-06	6.309148264984227e-06	0.0041577287066246055
F17	F43	53	1119	1134	46899	3.580752143901745e-06	6.309148264984227e-06	0.0041640378548895894
F43	F45	20	1134	250	46899	3.5949760529115483e-06	6.309148264984227e-06	0.004170347003154574
J20	J44	6	182	106	46899	3.888559650121329e-06	6.309148264984227e-06	0.004176656151419558
F12	F29	6	498	40	46899	3.931365831529802e-06	6.309148264984227e-06	0.004182965299684542
F48	K29	9	43	1397	46899	4.07113231449603e-06	6.309148264984227e-06	0.004189274447949527
F31	F33	9	166	343	46899	4.169655917613855e-06	6.309148264984227e-06	0.004195583596214511
F10	F25	21	2246	143	46899	4.869125297434458e-06	6.309148264984227e-06	0.004201892744479495
A04	A09	16	189	1030	46899	5.004252852917583e-06	6.309148264984227e-06	0.004208201892744479
M23	M71	14	2033	77	46899	5.0991968951198785e-06	6.309148264984227e-06	0.004214511041009464
F20	B17	11	740	125	46899	5.104252232606218e-06	6.309148264984227e-06	0.004220820189274448
E87	I10	11	114	817	46899	5.303071203256394e-06	6.309148264984227e-06	0.004227129337539432
K21	K92	15	614	280	46899	5.317734681082164e-06	6.309148264984227e-06	0.004233438485804417
N18	J18	8	102	436	46899	5.353170418830729e-06	6.309148264984227e-06	0.004239747634069401
F19	J15	14	1171	131	46899	5.5205583198933e-06	6.309148264984227e-06	0.0042460567823343846
H65	H93	8	94	478	46899	5.6819536184589005e-06	6.309148264984227e-06	0.0042523659305993685
E10	E87	7	281	114	46899	6.127036862433274e-06	6.309148264984227e-06	0.004258675078864353
M21	M24	7	93	346	46899	6.157803510039322e-06	6.309148264984227e-06	0.004264984227129337
E78	K86	6	570	38	46899	6.228700283806768e-06	6.309148264984227e-06	0.004271293375394321
