ICD1	ICD2	val11	occ1	occ2	NN	pval	bonf_thresh	fdr_thresh
E86	A08	689	1609	3936	64826	0.0	3.971405877680699e-06	3.971405877680699e-06
H65	J35	6258	7580	13958	64826	0.0	3.971405877680699e-06	7.942811755361398e-06
N13	N39	203	630	1144	64826	5.1360465932428595e-197	3.971405877680699e-06	1.1914217633042098e-05
N47	N48	383	8718	643	64826	2.357532479818613e-166	3.971405877680699e-06	1.5885623510722797e-05
E86	A09	422	1609	3887	64826	1.967331712047365e-154	3.971405877680699e-06	1.9857029388403498e-05
K02	K04	162	1435	464	64826	1.7493486951938693e-146	3.971405877680699e-06	2.3828435266084195e-05
K02	K08	135	1435	289	64826	7.438519446093289e-143	3.971405877680699e-06	2.7799841143764893e-05
N43	K40	213	777	1921	64826	2.983867607450536e-141	3.971405877680699e-06	3.1771247021445594e-05
H90	J35	415	601	13958	64826	1.2291843598906054e-138	3.971405877680699e-06	3.5742652899126295e-05
J18	J20	544	2135	5183	64826	3.3305914574317407e-137	3.971405877680699e-06	3.9714058776806996e-05
J00	J20	446	1511	5183	64826	4.9219495202233745e-137	3.971405877680699e-06	4.368546465448769e-05
H65	H90	315	7580	601	64826	1.4425555128358556e-132	3.971405877680699e-06	4.765687053216839e-05
H50	H52	79	567	133	64826	4.272248370480115e-128	3.971405877680699e-06	5.162827640984909e-05
F83	G40	147	451	1489	64826	2.5948342625900395e-125	3.971405877680699e-06	5.5599682287529786e-05
H70	K04	70	148	464	64826	3.457216302545643e-110	3.971405877680699e-06	5.9571088165210487e-05
J20	J45	342	5183	1120	64826	2.7257733527722315e-109	3.971405877680699e-06	6.354249404289119e-05
E86	E87	132	1609	412	64826	6.632800895063107e-107	3.971405877680699e-06	6.751389992057189e-05
H74	J35	189	208	13958	64826	1.3794857539532157e-102	3.971405877680699e-06	7.148530579825259e-05
G40	J96	152	1489	774	64826	8.667937488765302e-94	3.971405877680699e-06	7.545671167593329e-05
K10	K12	52	104	339	64826	4.757980890344893e-91	3.971405877680699e-06	7.942811755361399e-05
F80	F83	80	455	451	64826	6.703667456660761e-87	3.971405877680699e-06	8.339952343129468e-05
J15	J20	270	883	5183	64826	2.4545388630021018e-86	3.971405877680699e-06	8.737092930897538e-05
N13	N28	57	630	106	64826	4.4699017325479076e-86	3.971405877680699e-06	9.134233518665608e-05
K02	K12	103	1435	339	64826	8.293511040366862e-86	3.971405877680699e-06	9.531374106433678e-05
G40	G41	71	1489	120	64826	3.7017900644398146e-84	3.971405877680699e-06	9.928514694201748e-05
G80	G82	48	227	135	64826	5.197615934273722e-84	3.971405877680699e-06	0.00010325655281969818
F83	F90	73	451	394	64826	5.722150729837392e-81	3.971405877680699e-06	0.00010722795869737888
K02	K05	57	1435	73	64826	5.850281344817817e-80	3.971405877680699e-06	0.00011119936457505957
J20	J31	202	5183	556	64826	1.8462909000186108e-79	3.971405877680699e-06	0.00011517077045274027
D69	D70	53	431	149	64826	7.569577557648332e-77	3.971405877680699e-06	0.00011914217633042097
E16	E87	52	168	412	64826	1.00503493407616e-72	3.971405877680699e-06	0.0001231135822081017
G40	G82	64	1489	135	64826	1.784030956385107e-67	3.971405877680699e-06	0.00012708498808578237
D61	D70	32	72	149	64826	2.717022060027535e-66	3.971405877680699e-06	0.00013105639396346306
J30	J45	65	194	1120	64826	1.7007037901838267e-64	3.971405877680699e-06	0.00013502779984114378
F80	F82	49	455	172	64826	2.7635532373795523e-64	3.971405877680699e-06	0.00013899920571882446
H50	H53	48	567	135	64826	1.0980762215673397e-63	3.971405877680699e-06	0.00014297061159650518
F80	H90	70	455	601	64826	1.2235148199547582e-62	3.971405877680699e-06	0.00014694201747418587
E87	A08	134	412	3936	64826	1.7494668454759678e-60	3.971405877680699e-06	0.00015091342335186658
G51	A69	31	150	90	64826	8.294964561252894e-60	3.971405877680699e-06	0.00015488482922954727
G40	G80	71	1489	227	64826	2.808321156991485e-59	3.971405877680699e-06	0.00015885623510722798
E84	K86	24	102	39	64826	6.944318519779459e-59	3.971405877680699e-06	0.00016282764098490867
F81	F90	33	60	394	64826	1.4106143621141373e-57	3.971405877680699e-06	0.00016679904686258936
F84	G40	72	262	1489	64826	1.2729774738041313e-55	3.971405877680699e-06	0.00017077045274027007
G80	M62	33	227	108	64826	3.948904203203786e-55	3.971405877680699e-06	0.00017474185861795076
H74	J39	34	208	136	64826	9.399131411968181e-55	3.971405877680699e-06	0.00017871326449563147
F82	F90	42	172	394	64826	1.0213284070030475e-54	3.971405877680699e-06	0.00018268467037331216
F90	F91	38	394	132	64826	1.1501241573706545e-52	3.971405877680699e-06	0.00018665607625099288
N10	N39	53	166	1144	64826	5.107964886526058e-51	3.971405877680699e-06	0.00019062748212867356
H61	J35	199	336	13958	64826	8.310408903271001e-51	3.971405877680699e-06	0.00019459888800635425
D61	D69	32	72	431	64826	1.4767394910478448e-50	3.971405877680699e-06	0.00019857029388403496
E16	E86	58	168	1609	64826	1.4127900298664525e-49	3.971405877680699e-06	0.00020254169976171565
B37	J21	103	810	1335	64826	2.282332142143581e-49	3.971405877680699e-06	0.00020651310563939637
B37	J20	202	810	5183	64826	5.201672653795714e-49	3.971405877680699e-06	0.00021048451151707705
D64	J96	55	291	774	64826	2.0281299556779923e-48	3.971405877680699e-06	0.00021445591739475777
H52	H53	27	133	135	64826	2.4824091566282624e-46	3.971405877680699e-06	0.00021842732327243846
H10	J20	146	485	5183	64826	3.649853341761873e-46	3.971405877680699e-06	0.00022239872915011914
H90	H91	43	601	197	64826	1.2229357903298136e-45	3.971405877680699e-06	0.00022637013502779986
J20	L22	165	5183	616	64826	1.4733922486418473e-44	3.971405877680699e-06	0.00023034154090548054
G82	M62	25	135	108	64826	1.6354030084746056e-44	3.971405877680699e-06	0.00023431294678316126
C71	H53	26	130	135	64826	1.9320209179658236e-44	3.971405877680699e-06	0.00023828435266084195
J00	L22	90	1511	616	64826	6.566524929372974e-44	3.971405877680699e-06	0.00024225575853852266
F82	F83	37	172	451	64826	8.118239200005837e-44	3.971405877680699e-06	0.0002462271644162034
F89	G40	59	242	1489	64826	1.6497561440639638e-42	3.971405877680699e-06	0.00025019857029388404
N10	N13	39	166	630	64826	4.7023803972437346e-42	3.971405877680699e-06	0.00025416997617156475
K02	K10	42	1435	104	64826	1.077922513951178e-41	3.971405877680699e-06	0.00025814138204924546
H66	J06	212	1468	3421	64826	1.6127471618987498e-40	3.971405877680699e-06	0.0002621127879269261
M13	M25	24	139	141	64826	6.86828748995352e-39	3.971405877680699e-06	0.00026608419380460684
G40	G93	45	1489	143	64826	3.6453564667490193e-38	3.971405877680699e-06	0.00027005559968228755
F90	F98	38	394	309	64826	1.6704641536372887e-37	3.971405877680699e-06	0.00027402700555996827
E87	A09	105	412	3887	64826	2.2418434459014926e-37	3.971405877680699e-06	0.00027799841143764893
C91	C95	15	144	19	64826	2.8653020657513313e-37	3.971405877680699e-06	0.00028196981731532964
C71	G91	24	130	180	64826	6.332554302447303e-37	3.971405877680699e-06	0.00028594122319301036
J45	J46	34	1120	91	64826	3.196173044980452e-36	3.971405877680699e-06	0.000289912629070691
N28	N39	36	106	1144	64826	3.492352150481193e-36	3.971405877680699e-06	0.00029388403494837173
E87	J96	51	412	774	64826	1.7420615184816012e-35	3.971405877680699e-06	0.00029785544082605245
F43	F91	25	269	132	64826	3.5720176036378955e-34	3.971405877680699e-06	0.00030182684670373316
C91	A41	25	144	246	64826	3.7249409613378784e-34	3.971405877680699e-06	0.0003057982525814138
F83	F84	35	451	262	64826	7.523245279569649e-34	3.971405877680699e-06	0.00030976965845909454
J05	J31	40	321	556	64826	1.0180540424218727e-33	3.971405877680699e-06	0.00031374106433677525
F80	F90	40	455	394	64826	1.3839626591425939e-33	3.971405877680699e-06	0.00031771247021445596
B37	L22	59	810	616	64826	1.556800061983908e-33	3.971405877680699e-06	0.0003216838760921366
H66	J20	258	1468	5183	64826	1.8253881580894184e-33	3.971405877680699e-06	0.00032565528196981734
C71	L81	14	130	22	64826	2.6016257912758345e-33	3.971405877680699e-06	0.00032962668784749805
J31	J44	64	556	1107	64826	3.9697160036358874e-33	3.971405877680699e-06	0.0003335980937251787
F90	F93	27	394	134	64826	4.86288479847165e-33	3.971405877680699e-06	0.00033756949960285943
L22	A09	124	616	3887	64826	7.358073154398406e-33	3.971405877680699e-06	0.00034154090548054014
N17	D59	13	41	42	64826	7.760248084576971e-33	3.971405877680699e-06	0.00034551231135822086
F82	F98	27	172	309	64826	8.463998119957955e-33	3.971405877680699e-06	0.0003494837172359015
F43	F90	33	269	394	64826	1.1646493339472306e-32	3.971405877680699e-06	0.00035345512311358223
E23	E34	21	76	280	64826	2.4160335176936026e-32	3.971405877680699e-06	0.00035742652899126295
I88	A09	117	571	3887	64826	8.02519273283415e-32	3.971405877680699e-06	0.0003613979348689436
K40	K45	27	1921	41	64826	1.0811231522371658e-31	3.971405877680699e-06	0.0003653693407466243
K40	K42	56	1921	260	64826	1.3907294765603984e-31	3.971405877680699e-06	0.00036934074662430504
I88	K56	44	571	461	64826	1.781870449556991e-31	3.971405877680699e-06	0.00037331215250198575
J18	J45	123	2135	1120	64826	2.870121188382584e-31	3.971405877680699e-06	0.0003772835583796664
N11	N39	23	39	1144	64826	1.0937139169457703e-30	3.971405877680699e-06	0.0003812549642573471
J20	L20	120	5183	470	64826	1.1835477680213112e-30	3.971405877680699e-06	0.00038522637013502784
C91	D68	19	144	112	64826	1.3196425913955144e-30	3.971405877680699e-06	0.0003891977760127085
K00	K01	17	116	84	64826	1.3400199508861002e-30	3.971405877680699e-06	0.0003931691818903892
C71	D43	14	130	31	64826	2.1252827296981015e-30	3.971405877680699e-06	0.00039714058776806993
J18	J44	120	2135	1107	64826	5.213789671938662e-30	3.971405877680699e-06	0.00040111199364575064
F90	F92	22	394	90	64826	3.5373823830278936e-29	3.971405877680699e-06	0.0004050833995234313
C71	C79	12	130	18	64826	4.6107090143640046e-29	3.971405877680699e-06	0.000409054805401112
B37	J00	82	810	1511	64826	1.4501815252784648e-28	3.971405877680699e-06	0.00041302621127879273
N39	A41	42	1144	246	64826	1.6149980704755098e-28	3.971405877680699e-06	0.0004169976171564734
F93	K05	16	134	73	64826	2.094761404833228e-28	3.971405877680699e-06	0.0004209690230341541
H73	J00	26	54	1511	64826	2.9234446491440803e-28	3.971405877680699e-06	0.0004249404289118348
F94	F98	21	104	309	64826	3.1402910252617375e-28	3.971405877680699e-06	0.00042891183478951554
N32	N39	24	53	1144	64826	3.1447387206717812e-28	3.971405877680699e-06	0.0004328832406671962
C91	D70	19	144	149	64826	4.254520651053448e-28	3.971405877680699e-06	0.0004368546465448769
C91	D69	25	144	431	64826	5.7159291773063455e-28	3.971405877680699e-06	0.0004408260524225576
K60	K61	16	93	117	64826	1.4753165060288005e-27	3.971405877680699e-06	0.0004447974583002383
E10	E14	16	300	40	64826	1.6796177500721538e-27	3.971405877680699e-06	0.000448768864177919
F83	F98	32	451	309	64826	1.780626082061392e-27	3.971405877680699e-06	0.0004527402700555997
J15	J90	23	883	61	64826	2.1200184248030643e-27	3.971405877680699e-06	0.00045671167593328043
J06	J38	132	3421	880	64826	3.43281909745277e-27	3.971405877680699e-06	0.0004606830818109611
G41	J96	27	120	774	64826	1.4307408621647428e-26	3.971405877680699e-06	0.0004646544876886418
N47	L90	55	8718	89	64826	3.7867852361300384e-26	3.971405877680699e-06	0.0004686258935663225
H50	H55	21	567	74	64826	4.088118129077718e-26	3.971405877680699e-06	0.00047259729944400323
F84	F89	24	262	242	64826	4.562824473326086e-26	3.971405877680699e-06	0.0004765687053216839
F90	F94	21	394	104	64826	5.422844946394065e-26	3.971405877680699e-06	0.0004805401111993646
F43	F98	26	269	309	64826	5.575765727338673e-26	3.971405877680699e-06	0.0004845115170770453
C47	C74	8	12	25	64826	6.917849491648041e-26	3.971405877680699e-06	0.000488482922954726
F91	F93	17	132	134	64826	7.046005466565943e-26	3.971405877680699e-06	0.0004924543288324068
G40	G81	30	1489	96	64826	8.224013132283513e-26	3.971405877680699e-06	0.0004964257347100874
E10	E16	22	300	168	64826	2.0789080363089043e-25	3.971405877680699e-06	0.0005003971405877681
D64	D70	21	291	149	64826	2.754716417420348e-25	3.971405877680699e-06	0.0005043685464654488
J45	L20	51	1120	470	64826	3.208466488290078e-25	3.971405877680699e-06	0.0005083399523431295
J12	J20	87	318	5183	64826	7.336059152690931e-25	3.971405877680699e-06	0.0005123113582208102
H65	H74	82	7580	208	64826	1.2150298149151786e-24	3.971405877680699e-06	0.0005162827640984909
D64	E87	28	291	412	64826	2.2337170673784082e-24	3.971405877680699e-06	0.0005202541699761716
F43	F94	18	269	104	64826	3.608806080874372e-24	3.971405877680699e-06	0.0005242255758538522
J00	J15	79	1511	883	64826	4.210805250655655e-24	3.971405877680699e-06	0.000528196981731533
H53	H55	14	135	74	64826	5.905868948701507e-24	3.971405877680699e-06	0.0005321683876092137
L20	L27	19	470	78	64826	6.991750122884662e-24	3.971405877680699e-06	0.0005361397934868944
C91	D61	14	144	72	64826	9.952929965206603e-24	3.971405877680699e-06	0.0005401111993645751
F83	G80	26	451	227	64826	1.0900379787748095e-23	3.971405877680699e-06	0.0005440826052422558
H10	J00	57	485	1511	64826	2.1495724042770012e-23	3.971405877680699e-06	0.0005480540111199365
G82	G93	16	135	143	64826	2.4398710244650466e-23	3.971405877680699e-06	0.0005520254169976171
G91	G93	17	180	143	64826	5.391437000221144e-23	3.971405877680699e-06	0.0005559968228752979
G47	J35	196	471	13958	64826	6.591772168368836e-23	3.971405877680699e-06	0.0005599682287529786
G80	G93	18	227	143	64826	6.856852611030258e-23	3.971405877680699e-06	0.0005639396346306593
N35	N36	13	128	66	64826	6.926466444499879e-23	3.971405877680699e-06	0.00056791104050834
B37	J31	45	810	556	64826	7.763252132113774e-23	3.971405877680699e-06	0.0005718824463860207
H10	J31	36	485	556	64826	1.2793423322845354e-22	3.971405877680699e-06	0.0005758538522637014
F83	J96	40	451	774	64826	1.3608034918802326e-22	3.971405877680699e-06	0.000579825258141382
F83	F91	21	451	132	64826	1.8821700008452055e-22	3.971405877680699e-06	0.0005837966640190627
J15	J96	54	883	774	64826	2.376614315701622e-22	3.971405877680699e-06	0.0005877680698967435
F84	F90	25	262	394	64826	2.790740984305702e-22	3.971405877680699e-06	0.0005917394757744242
C71	E89	9	130	13	64826	2.8079996228849074e-22	3.971405877680699e-06	0.0005957108816521049
N10	N28	15	166	106	64826	3.7016002082043562e-22	3.971405877680699e-06	0.0005996822875297856
J18	J96	85	2135	774	64826	5.666045989701909e-22	3.971405877680699e-06	0.0006036536934074663
G81	I63	10	96	29	64826	6.117868847374862e-22	3.971405877680699e-06	0.0006076250992851469
F70	F83	13	26	451	64826	7.207508655224539e-22	3.971405877680699e-06	0.0006115965051628276
K59	K60	24	1097	93	64826	8.551369005463795e-22	3.971405877680699e-06	0.0006155679110405084
J06	J98	105	3421	706	64826	1.2808726782100619e-21	3.971405877680699e-06	0.0006195393169181891
C71	J96	24	130	774	64826	1.3729132956261114e-21	3.971405877680699e-06	0.0006235107227958698
J20	J96	144	5183	774	64826	1.4614197143153165e-21	3.971405877680699e-06	0.0006274821286735505
E16	A08	50	168	3936	64826	1.5214172846835707e-21	3.971405877680699e-06	0.0006314535345512312
C71	D70	15	130	149	64826	1.725388294627303e-21	3.971405877680699e-06	0.0006354249404289119
F84	J96	31	262	774	64826	1.7950927977926234e-21	3.971405877680699e-06	0.0006393963463065925
E84	J96	22	102	774	64826	1.7958643934623135e-21	3.971405877680699e-06	0.0006433677521842732
F80	F98	27	455	309	64826	2.5721877188678437e-21	3.971405877680699e-06	0.000647339158061954
K72	K76	8	14	71	64826	4.1107713585106664e-21	3.971405877680699e-06	0.0006513105639396347
K56	K59	45	461	1097	64826	6.564674046157651e-21	3.971405877680699e-06	0.0006552819698173154
K40	K46	18	1921	29	64826	7.28862239236799e-21	3.971405877680699e-06	0.0006592533756949961
K35	K65	16	955	34	64826	7.480052344672228e-21	3.971405877680699e-06	0.0006632247815726768
F91	F92	13	132	90	64826	8.105390044134726e-21	3.971405877680699e-06	0.0006671961874503574
K04	K08	26	464	289	64826	1.1069442766814351e-20	3.971405877680699e-06	0.0006711675933280381
J35	J39	79	13958	136	64826	2.288746527811101e-20	3.971405877680699e-06	0.0006751389992057189
J18	J90	24	2135	61	64826	4.2947467681118145e-20	3.971405877680699e-06	0.0006791104050833996
K04	K12	27	464	339	64826	4.7620717225824994e-20	3.971405877680699e-06	0.0006830818109610803
H66	J18	121	1468	2135	64826	5.412552611250289e-20	3.971405877680699e-06	0.000687053216838761
F82	G40	32	172	1489	64826	7.153099895760356e-20	3.971405877680699e-06	0.0006910246227164417
N18	N19	8	45	29	64826	1.1838972894807612e-19	3.971405877680699e-06	0.0006949960285941223
H05	J01	11	71	99	64826	1.4083292940265084e-19	3.971405877680699e-06	0.000698967434471803
F80	F84	24	455	262	64826	1.4332999973479428e-19	3.971405877680699e-06	0.0007029388403494837
B97	J31	17	80	556	64826	3.5553536722997365e-19	3.971405877680699e-06	0.0007069102462271645
H69	J35	47	63	13958	64826	3.573710362712557e-19	3.971405877680699e-06	0.0007108816521048452
D68	A41	15	112	246	64826	3.5824324493242984e-19	3.971405877680699e-06	0.0007148530579825259
H66	H70	29	1468	148	64826	5.891105457499418e-19	3.971405877680699e-06	0.0007188244638602066
C71	G62	8	130	14	64826	6.245109410901614e-19	3.971405877680699e-06	0.0007227958697378872
E16	J96	24	168	774	64826	7.2456697470106515e-19	3.971405877680699e-06	0.0007267672756155679
H26	H27	8	41	39	64826	7.4969558767415135e-19	3.971405877680699e-06	0.0007307386814932486
N18	I15	8	45	37	64826	1.0606045770314915e-18	3.971405877680699e-06	0.0007347100873709294
K71	K76	7	12	71	64826	1.098982924238965e-18	3.971405877680699e-06	0.0007386814932486101
E86	J06	172	1609	3421	64826	1.744156973820266e-18	3.971405877680699e-06	0.0007426528991262908
F43	F92	14	269	90	64826	2.177198641861433e-18	3.971405877680699e-06	0.0007466243050039715
K74	K76	7	13	71	64826	2.379072506176379e-18	3.971405877680699e-06	0.0007505957108816521
J03	L04	46	2203	286	64826	2.3830885807007744e-18	3.971405877680699e-06	0.0007545671167593328
N18	J96	15	45	774	64826	3.0915137994052803e-18	3.971405877680699e-06	0.0007585385226370135
J39	J95	9	136	28	64826	4.0145353734351934e-18	3.971405877680699e-06	0.0007625099285146942
G93	J96	22	143	774	64826	4.029520068110898e-18	3.971405877680699e-06	0.000766481334392375
F80	K07	14	455	58	64826	4.4157967319680615e-18	3.971405877680699e-06	0.0007704527402700557
A41	J96	27	246	774	64826	4.940928973751738e-18	3.971405877680699e-06	0.0007744241461477364
B97	J20	35	80	5183	64826	5.57932216595536e-18	3.971405877680699e-06	0.000778395552025417
J20	J21	200	5183	1335	64826	5.646253478466899e-18	3.971405877680699e-06	0.0007823669579030977
D64	A41	19	291	246	64826	5.887702142125783e-18	3.971405877680699e-06	0.0007863383637807784
D80	D84	8	69	30	64826	6.2140224696380796e-18	3.971405877680699e-06	0.0007903097696584591
N44	N45	13	135	144	64826	6.391167375882104e-18	3.971405877680699e-06	0.0007942811755361399
C71	E23	11	130	76	64826	7.014451981691623e-18	3.971405877680699e-06	0.0007982525814138206
F81	F82	11	60	172	64826	1.0152129968757416e-17	3.971405877680699e-06	0.0008022239872915013
N13	N20	13	630	36	64826	1.1486343239469559e-17	3.971405877680699e-06	0.0008061953931691819
H10	J21	46	485	1335	64826	1.5514320037587605e-17	3.971405877680699e-06	0.0008101667990468626
J21	L22	52	1335	616	64826	1.8153932320984405e-17	3.971405877680699e-06	0.0008141382049245433
G80	M24	10	227	33	64826	1.957634099987109e-17	3.971405877680699e-06	0.000818109610802224
G03	A69	10	79	90	64826	2.113181399077719e-17	3.971405877680699e-06	0.0008220810166799048
F89	G80	17	242	227	64826	2.577494927461812e-17	3.971405877680699e-06	0.0008260524225575855
F79	G40	15	30	1489	64826	2.7383732582933308e-17	3.971405877680699e-06	0.0008300238284352662
C79	D70	8	18	149	64826	2.7626061010895605e-17	3.971405877680699e-06	0.0008339952343129468
I45	I47	9	48	94	64826	3.059347232171588e-17	3.971405877680699e-06	0.0008379666401906275
F89	J96	26	242	774	64826	3.466247685816063e-17	3.971405877680699e-06	0.0008419380460683082
H66	H72	17	1468	44	64826	3.812859643425903e-17	3.971405877680699e-06	0.0008459094519459889
E10	K90	15	300	126	64826	4.365694188185634e-17	3.971405877680699e-06	0.0008498808578236696
G91	J96	23	180	774	64826	4.8886179203486844e-17	3.971405877680699e-06	0.0008538522637013504
I46	J96	10	14	774	64826	5.3282674084209575e-17	3.971405877680699e-06	0.0008578236695790311
J00	J21	86	1511	1335	64826	5.3941044575011403e-17	3.971405877680699e-06	0.0008617950754567117
F80	H68	11	455	29	64826	5.573893154043082e-17	3.971405877680699e-06	0.0008657664813343924
B37	J18	78	810	2135	64826	5.724270772745819e-17	3.971405877680699e-06	0.0008697378872120731
F80	G40	46	455	1489	64826	7.97629450884969e-17	3.971405877680699e-06	0.0008737092930897538
D64	D69	22	291	431	64826	9.088191732065172e-17	3.971405877680699e-06	0.0008776806989674345
F83	F92	15	451	90	64826	9.766349846347945e-17	3.971405877680699e-06	0.0008816521048451153
I88	J03	64	571	2203	64826	1.1243847162508604e-16	3.971405877680699e-06	0.000885623510722796
G93	H47	9	143	37	64826	1.1301722085385512e-16	3.971405877680699e-06	0.0008895949166004766
F83	G82	17	451	135	64826	1.1820746025546771e-16	3.971405877680699e-06	0.0008935663224781573
J18	J21	106	2135	1335	64826	1.5024998713884425e-16	3.971405877680699e-06	0.000897537728355838
N12	N39	16	49	1144	64826	1.5492743374069482e-16	3.971405877680699e-06	0.0009015091342335187
F80	J39	17	455	136	64826	1.553205340500103e-16	3.971405877680699e-06	0.0009054805401111994
N13	N26	13	630	43	64826	1.7086670725209504e-16	3.971405877680699e-06	0.0009094519459888801
H66	J00	90	1468	1511	64826	2.0345363899840559e-16	3.971405877680699e-06	0.0009134233518665609
N17	I15	7	41	37	64826	2.3923511291656383e-16	3.971405877680699e-06	0.0009173947577442416
G82	J96	20	135	774	64826	2.8512036134748316e-16	3.971405877680699e-06	0.0009213661636219222
F81	F83	13	60	451	64826	2.891031421853016e-16	3.971405877680699e-06	0.0009253375694996029
F70	F90	10	26	394	64826	2.9887178680597934e-16	3.971405877680699e-06	0.0009293089753772836
H54	H55	7	22	74	64826	3.172776518357577e-16	3.971405877680699e-06	0.0009332803812549643
F92	F94	10	90	104	64826	3.7224760976145154e-16	3.971405877680699e-06	0.000937251787132645
J15	J91	11	883	20	64826	4.2291455297321623e-16	3.971405877680699e-06	0.0009412231930103258
H52	H55	10	133	74	64826	6.013593965749556e-16	3.971405877680699e-06	0.0009451945988880065
G31	G40	14	29	1489	64826	6.023853493997227e-16	3.971405877680699e-06	0.0009491660047656871
G80	M21	14	227	159	64826	7.457732270637827e-16	3.971405877680699e-06	0.0009531374106433678
J21	J96	56	1335	774	64826	9.484562211096837e-16	3.971405877680699e-06	0.0009571088165210485
C91	C92	7	144	15	64826	1.4596259536637035e-15	3.971405877680699e-06	0.0009610802223987292
B27	J03	38	234	2203	64826	1.4775140093626046e-15	3.971405877680699e-06	0.0009650516282764099
N17	E87	11	41	412	64826	1.592436246593631e-15	3.971405877680699e-06	0.0009690230341540906
J04	J38	67	1627	880	64826	1.9016628085055867e-15	3.971405877680699e-06	0.0009729944400317714
F82	F91	12	172	132	64826	2.1838068104522797e-15	3.971405877680699e-06	0.000976965845909452
H49	H53	8	32	135	64826	2.8896852442945875e-15	3.971405877680699e-06	0.0009809372517871327
K61	L02	13	117	270	64826	3.574411918043541e-15	3.971405877680699e-06	0.0009849086576648135
G82	M24	8	135	33	64826	3.807742558098045e-15	3.971405877680699e-06	0.000988880063542494
F91	F98	14	132	309	64826	3.8467556252956085e-15	3.971405877680699e-06	0.0009928514694201747
C79	H53	7	18	135	64826	4.52958355034944e-15	3.971405877680699e-06	0.0009968228752978555
C71	D33	7	130	19	64826	5.467797930701974e-15	3.971405877680699e-06	0.0010007942811755361
F81	F91	9	60	132	64826	6.173081378469793e-15	3.971405877680699e-06	0.001004765687053217
D64	J18	41	291	2135	64826	6.2116138846025924e-15	3.971405877680699e-06	0.0010087370929308976
J06	A09	317	3421	3887	64826	6.300591648205529e-15	3.971405877680699e-06	0.0010127084988085784
J15	J18	78	883	2135	64826	6.400567716879263e-15	3.971405877680699e-06	0.001016679904686259
I10	I15	7	64	37	64826	6.549174612536811e-15	3.971405877680699e-06	0.0010206513105639396
F81	F98	11	60	309	64826	6.7227795219023886e-15	3.971405877680699e-06	0.0010246227164416204
F83	G81	14	451	96	64826	7.24977297428796e-15	3.971405877680699e-06	0.001028594122319301
D69	A41	19	431	246	64826	7.833373317406392e-15	3.971405877680699e-06	0.0010325655281969819
C71	H91	12	130	197	64826	9.313916314285689e-15	3.971405877680699e-06	0.0010365369340746625
C71	G93	11	130	143	64826	9.44691853701841e-15	3.971405877680699e-06	0.0010405083399523433
J03	J06	203	2203	3421	64826	1.0392333118832421e-14	3.971405877680699e-06	0.001044479745830024
N19	I15	6	29	37	64826	1.0615401380312548e-14	3.971405877680699e-06	0.0010484511517077045
F80	F81	12	455	60	64826	1.2767890959113331e-14	3.971405877680699e-06	0.0010524225575853853
N26	N39	14	43	1144	64826	1.2798096916462427e-14	3.971405877680699e-06	0.001056393963463066
F83	F89	19	451	242	64826	1.3109110906401913e-14	3.971405877680699e-06	0.0010603653693407468
K21	K29	13	337	107	64826	1.8765103460969866e-14	3.971405877680699e-06	0.0010643367752184274
K52	K56	32	830	461	64826	1.8845881855343196e-14	3.971405877680699e-06	0.0010683081810961082
N31	N39	15	54	1144	64826	2.0866259790531563e-14	3.971405877680699e-06	0.0010722795869737888
J96	K86	12	774	39	64826	2.246609218309812e-14	3.971405877680699e-06	0.0010762509928514694
F32	F43	7	13	269	64826	3.290543004542711e-14	3.971405877680699e-06	0.0010802223987291502
K04	K10	14	464	104	64826	3.371861552650486e-14	3.971405877680699e-06	0.0010841938046068308
C71	H55	9	130	74	64826	3.917471832432198e-14	3.971405877680699e-06	0.0010881652104845116
H66	J03	109	1468	2203	64826	4.059872464784171e-14	3.971405877680699e-06	0.0010921366163621922
N39	B37	50	1144	810	64826	4.1145130433332875e-14	3.971405877680699e-06	0.001096108022239873
N44	N50	10	135	110	64826	4.2934594369852525e-14	3.971405877680699e-06	0.0011000794281175537
E73	E74	7	52	59	64826	4.633970439209002e-14	3.971405877680699e-06	0.0011040508339952343
A41	E87	18	246	412	64826	4.7424648767619775e-14	3.971405877680699e-06	0.001108022239872915
J30	J44	24	194	1107	64826	5.593295052355036e-14	3.971405877680699e-06	0.0011119936457505957
C79	H91	7	18	197	64826	6.650197269107056e-14	3.971405877680699e-06	0.0011159650516282765
K60	K62	8	93	66	64826	7.070377797140107e-14	3.971405877680699e-06	0.0011199364575059571
G80	J96	22	227	774	64826	7.885062187156177e-14	3.971405877680699e-06	0.001123907863383638
J34	J35	52	90	13958	64826	8.675318234373064e-14	3.971405877680699e-06	0.0011278792692613186
J15	L22	37	883	616	64826	1.0297557103349014e-13	3.971405877680699e-06	0.0011318506751389992
N18	K65	6	45	34	64826	1.047731877380697e-13	3.971405877680699e-06	0.00113582208101668
M24	M62	7	33	108	64826	1.2047627584416258e-13	3.971405877680699e-06	0.0011397934868943606
H49	H50	10	32	567	64826	1.314393178311114e-13	3.971405877680699e-06	0.0011437648927720414
B99	J02	42	963	725	64826	1.3638771301642243e-13	3.971405877680699e-06	0.001147736298649722
J69	J96	12	45	774	64826	1.5476127060955986e-13	3.971405877680699e-06	0.0011517077045274029
N39	B96	13	1144	41	64826	1.6793732710686758e-13	3.971405877680699e-06	0.0011556791104050835
F89	G82	12	242	135	64826	1.7167660272221988e-13	3.971405877680699e-06	0.001159650516282764
H61	H90	23	336	601	64826	1.7885298748248726e-13	3.971405877680699e-06	0.001163621922160445
D64	J90	10	291	61	64826	2.0965684922735597e-13	3.971405877680699e-06	0.0011675933280381255
J06	J20	392	3421	5183	64826	2.1230640055996215e-13	3.971405877680699e-06	0.0011715647339158063
G62	H53	6	14	135	64826	2.159275353312171e-13	3.971405877680699e-06	0.001175536139793487
J20	J44	160	5183	1107	64826	2.4674347237815316e-13	3.971405877680699e-06	0.0011795075456711678
J00	J03	109	1511	2203	64826	2.5680083733282763e-13	3.971405877680699e-06	0.0011834789515488484
L01	L20	14	119	470	64826	2.7053313822696115e-13	3.971405877680699e-06	0.001187450357426529
E03	E23	8	95	76	64826	2.7331634116648983e-13	3.971405877680699e-06	0.0011914217633042098
F93	K02	22	134	1435	64826	2.8395104445107925e-13	3.971405877680699e-06	0.0011953931691818904
E71	J96	11	36	774	64826	3.001244471107928e-13	3.971405877680699e-06	0.0011993645750595712
B99	J31	36	963	556	64826	3.053726091245036e-13	3.971405877680699e-06	0.0012033359809372518
F92	F93	9	90	134	64826	3.214226431700425e-13	3.971405877680699e-06	0.0012073073868149326
D70	J96	18	149	774	64826	3.276227779154465e-13	3.971405877680699e-06	0.0012112787926926132
M21	M96	6	159	13	64826	3.3488600896870873e-13	3.971405877680699e-06	0.0012152501985702939
I15	J96	11	37	774	64826	4.2249865943380217e-13	3.971405877680699e-06	0.0012192216044479747
H10	J18	51	485	2135	64826	5.034808716710486e-13	3.971405877680699e-06	0.0012231930103256553
F70	F82	7	26	172	64826	5.15926561177732e-13	3.971405877680699e-06	0.001227164416203336
L20	B00	23	470	452	64826	5.300049218987099e-13	3.971405877680699e-06	0.0012311358220810167
E03	J96	15	95	774	64826	5.702533641167261e-13	3.971405877680699e-06	0.0012351072279586975
H73	J20	24	54	5183	64826	5.750477146891964e-13	3.971405877680699e-06	0.0012390786338363781
I89	L03	11	68	408	64826	5.965032916627656e-13	3.971405877680699e-06	0.0012430500397140587
G40	I64	8	1489	9	64826	6.706596133563512e-13	3.971405877680699e-06	0.0012470214455917396
B37	J44	47	810	1107	64826	6.747341971483356e-13	3.971405877680699e-06	0.0012509928514694202
F80	F91	14	455	132	64826	7.444072298873453e-13	3.971405877680699e-06	0.001254964257347101
H10	J06	67	485	3421	64826	8.510458993613573e-13	3.971405877680699e-06	0.0012589356632247816
C91	K12	13	144	339	64826	9.88798018405554e-13	3.971405877680699e-06	0.0012629070691024624
E86	K52	59	1609	830	64826	1.0212873066737615e-12	3.971405877680699e-06	0.001266878474980143
C71	H47	7	130	37	64826	1.084287440588282e-12	3.971405877680699e-06	0.0012708498808578239
F80	H91	16	455	197	64826	1.1011835625691934e-12	3.971405877680699e-06	0.0012748212867355045
F43	F80	18	269	455	64826	1.1593800491979701e-12	3.971405877680699e-06	0.001278792692613185
E86	J03	112	1609	2203	64826	1.1701750001891807e-12	3.971405877680699e-06	0.001282764098490866
H60	H66	18	88	1468	64826	1.1981597742506268e-12	3.971405877680699e-06	0.0012867355043685465
K21	K31	9	337	44	64826	1.5053418699989884e-12	3.971405877680699e-06	0.0012907069102462273
D50	J02	27	444	725	64826	2.006472001733826e-12	3.971405877680699e-06	0.001294678316123908
N32	G91	8	53	180	64826	2.406105898713261e-12	3.971405877680699e-06	0.0012986497220015888
J04	J20	211	1627	5183	64826	2.4219785180294666e-12	3.971405877680699e-06	0.0013026211278792694
J18	J31	54	2135	556	64826	2.474147499886415e-12	3.971405877680699e-06	0.00130659253375695
H26	H52	7	41	133	64826	2.7659374314477363e-12	3.971405877680699e-06	0.0013105639396346308
F81	F92	7	60	90	64826	2.849351631760613e-12	3.971405877680699e-06	0.0013145353455123114
H90	J39	15	601	136	64826	3.334163117871242e-12	3.971405877680699e-06	0.0013185067513899922
F83	G41	13	451	120	64826	3.3610283748533537e-12	3.971405877680699e-06	0.0013224781572676728
E16	E74	8	168	59	64826	3.407269279118919e-12	3.971405877680699e-06	0.0013264495631453536
N11	N13	10	39	630	64826	3.4547127989232422e-12	3.971405877680699e-06	0.0013304209690230342
F82	F93	10	172	134	64826	3.645207050635192e-12	3.971405877680699e-06	0.0013343923749007149
J18	J86	10	2135	15	64826	3.797557642775413e-12	3.971405877680699e-06	0.0013383637807783957
J22	J31	22	386	556	64826	4.904652074720038e-12	3.971405877680699e-06	0.0013423351866560763
H53	H54	6	135	22	64826	5.292209352321599e-12	3.971405877680699e-06	0.001346306592533757
N31	N32	6	54	53	64826	5.5844255998784026e-12	3.971405877680699e-06	0.0013502779984114377
F98	K59	27	309	1097	64826	5.635467464441697e-12	3.971405877680699e-06	0.0013542494042891185
J18	J91	11	2135	20	64826	6.157285852576251e-12	3.971405877680699e-06	0.0013582208101667991
E86	B00	40	1609	452	64826	6.765199786548399e-12	3.971405877680699e-06	0.0013621922160444797
F70	F80	8	26	455	64826	7.746887528497114e-12	3.971405877680699e-06	0.0013661636219221606
F82	F84	12	172	262	64826	7.867564816793053e-12	3.971405877680699e-06	0.0013701350277998412
H53	J96	16	135	774	64826	9.051399426042347e-12	3.971405877680699e-06	0.001374106433677522
N10	N11	7	166	39	64826	9.122457610329381e-12	3.971405877680699e-06	0.0013780778395552026
D50	J00	38	444	1511	64826	9.83662254281441e-12	3.971405877680699e-06	0.0013820492454328834
L04	M43	10	286	90	64826	1.0003581552580712e-11	3.971405877680699e-06	0.001386020651310564
F43	F83	17	269	451	64826	1.0623755697179853e-11	3.971405877680699e-06	0.0013899920571882446
B37	H66	53	810	1468	64826	1.0783693868156308e-11	3.971405877680699e-06	0.0013939634630659255
F83	F94	12	451	104	64826	1.0785618345955279e-11	3.971405877680699e-06	0.001397934868943606
N35	L90	8	128	89	64826	1.1428744218326594e-11	3.971405877680699e-06	0.001401906274821287
F84	G80	13	262	227	64826	1.2715332952526936e-11	3.971405877680699e-06	0.0014058776806989675
J44	L20	33	1107	470	64826	1.3405011095311192e-11	3.971405877680699e-06	0.0014098490865766483
F83	F93	13	451	134	64826	1.3895668232510591e-11	3.971405877680699e-06	0.001413820492454329
N04	N18	6	75	45	64826	1.535835495629945e-11	3.971405877680699e-06	0.0014177918983320095
H66	H92	14	1468	55	64826	1.6068437209736218e-11	3.971405877680699e-06	0.0014217633042096904
B37	A08	100	810	3936	64826	1.702285304559576e-11	3.971405877680699e-06	0.001425734710087371
J06	J18	186	3421	2135	64826	1.7797183003013582e-11	3.971405877680699e-06	0.0014297061159650518
N25	E87	7	19	412	64826	1.8779814207498743e-11	3.971405877680699e-06	0.0014336775218427324
D64	E03	10	291	95	64826	2.054526727912625e-11	3.971405877680699e-06	0.0014376489277204132
J21	J44	60	1335	1107	64826	2.2011980822676833e-11	3.971405877680699e-06	0.0014416203335980938
C71	D64	11	130	291	64826	2.2350938782956875e-11	3.971405877680699e-06	0.0014455917394757744
H90	H93	8	601	23	64826	2.26040486755128e-11	3.971405877680699e-06	0.0014495631453534553
C71	G81	8	130	96	64826	2.40392297273775e-11	3.971405877680699e-06	0.0014535345512311359
F80	F89	16	455	242	64826	2.5024181151641048e-11	3.971405877680699e-06	0.0014575059571088167
N18	D64	8	45	291	64826	2.794450650074233e-11	3.971405877680699e-06	0.0014614773629864973
L22	B08	28	616	638	64826	3.6949779317800853e-11	3.971405877680699e-06	0.001465448768864178
H66	L22	44	1468	616	64826	3.768853695430114e-11	3.971405877680699e-06	0.0014694201747418587
I63	J96	9	29	774	64826	3.8095319896430114e-11	3.971405877680699e-06	0.0014733915806195393
H60	H61	10	88	336	64826	3.8629167836761636e-11	3.971405877680699e-06	0.0014773629864972201
D70	H91	10	149	197	64826	4.0386958936654016e-11	3.971405877680699e-06	0.0014813343923749007
J39	K07	7	136	58	64826	4.207458382558082e-11	3.971405877680699e-06	0.0014853057982525816
G40	H53	20	1489	135	64826	4.555595552961364e-11	3.971405877680699e-06	0.0014892772041302622
N10	N12	7	166	49	64826	4.9865558458569324e-11	3.971405877680699e-06	0.001493248610007943
C71	H49	6	130	32	64826	5.024898783137205e-11	3.971405877680699e-06	0.0014972200158856236
H10	J15	29	485	883	64826	5.2925723527850876e-11	3.971405877680699e-06	0.0015011914217633042
N13	A41	18	630	246	64826	5.4493525216986674e-11	3.971405877680699e-06	0.001505162827640985
K56	A09	66	461	3887	64826	6.181783829999715e-11	3.971405877680699e-06	0.0015091342335186656
E71	E87	8	36	412	64826	6.442319195917728e-11	3.971405877680699e-06	0.0015131056393963465
F82	F89	11	172	242	64826	6.488823672000324e-11	3.971405877680699e-06	0.001517077045274027
F90	G40	34	394	1489	64826	6.507949988219133e-11	3.971405877680699e-06	0.001521048451151708
H66	J02	48	1468	725	64826	6.762167919134431e-11	3.971405877680699e-06	0.0015250198570293885
C91	D64	11	144	291	64826	6.802373079853936e-11	3.971405877680699e-06	0.001528991262907069
G40	I69	9	1489	18	64826	7.010524663577209e-11	3.971405877680699e-06	0.00153296266878475
K59	K62	13	1097	66	64826	7.771711943143842e-11	3.971405877680699e-06	0.0015369340746624305
D68	J96	14	112	774	64826	8.71541729767698e-11	3.971405877680699e-06	0.0015409054805401114
K56	K65	8	461	34	64826	9.505955627093354e-11	3.971405877680699e-06	0.001544876886417792
G62	J96	7	14	774	64826	1.0744545178434414e-10	3.971405877680699e-06	0.0015488482922954728
D64	D68	10	291	112	64826	1.0760857950372415e-10	3.971405877680699e-06	0.0015528196981731534
N36	N39	13	66	1144	64826	1.2970722942697756e-10	3.971405877680699e-06	0.001556791104050834
J20	J98	107	5183	706	64826	1.3938400120004274e-10	3.971405877680699e-06	0.0015607625099285148
G81	J96	13	96	774	64826	1.4755472923758243e-10	3.971405877680699e-06	0.0015647339158061954
G91	I61	6	180	28	64826	1.5090909621675239e-10	3.971405877680699e-06	0.0015687053216838763
H47	H53	6	37	135	64826	1.6072701919612118e-10	3.971405877680699e-06	0.0015726767275615569
J13	J90	6	81	61	64826	1.6557746448669735e-10	3.971405877680699e-06	0.0015766481334392377
F43	F81	8	269	60	64826	1.681416555989752e-10	3.971405877680699e-06	0.0015806195393169183
J03	B00	45	2203	452	64826	1.9319001036842782e-10	3.971405877680699e-06	0.0015845909451945989
J06	A08	298	3421	3936	64826	1.9628903924708913e-10	3.971405877680699e-06	0.0015885623510722797
N17	A41	7	41	246	64826	2.095001516523035e-10	3.971405877680699e-06	0.0015925337569499603
H27	H53	6	39	135	64826	2.2479740573487572e-10	3.971405877680699e-06	0.0015965051628276411
G91	H35	7	180	56	64826	2.3394901573879053e-10	3.971405877680699e-06	0.0016004765687053217
B37	B08	31	810	638	64826	2.3574661880159477e-10	3.971405877680699e-06	0.0016044479745830026
B37	B99	39	810	963	64826	2.4570778516439086e-10	3.971405877680699e-06	0.0016084193804606832
F84	G82	10	262	135	64826	2.4750147179996797e-10	3.971405877680699e-06	0.0016123907863383638
M02	M25	6	38	141	64826	2.4791325684357253e-10	3.971405877680699e-06	0.0016163621922160446
I10	J96	11	64	774	64826	2.743463236175881e-10	3.971405877680699e-06	0.0016203335980937252
B99	J40	27	963	417	64826	2.7752504433278363e-10	3.971405877680699e-06	0.001624305003971406
E23	H53	7	76	135	64826	2.814840684010443e-10	3.971405877680699e-06	0.0016282764098490866
N17	D69	8	41	431	64826	2.822001628024782e-10	3.971405877680699e-06	0.0016322478157267675
D68	D69	11	112	431	64826	2.8413767773788573e-10	3.971405877680699e-06	0.001636219221604448
G81	M62	7	96	108	64826	3.084611346863563e-10	3.971405877680699e-06	0.0016401906274821287
C71	D48	8	130	132	64826	3.143161541989475e-10	3.971405877680699e-06	0.0016441620333598095
N35	N47	45	128	8718	64826	4.121828910469607e-10	3.971405877680699e-06	0.00164813343923749
G47	G71	9	471	59	64826	4.763293208045817e-10	3.971405877680699e-06	0.001652104845115171
B27	L27	8	234	78	64826	4.821603738280666e-10	3.971405877680699e-06	0.0016560762509928515
G40	M62	17	1489	108	64826	4.851655385818468e-10	3.971405877680699e-06	0.0016600476568705324
J15	J86	7	883	15	64826	4.971773746416823e-10	3.971405877680699e-06	0.001664019062748213
E16	E71	6	168	36	64826	5.05672632739145e-10	3.971405877680699e-06	0.0016679904686258936
I99	J96	8	26	774	64826	5.148131006271463e-10	3.971405877680699e-06	0.0016719618745035744
F92	F98	9	90	309	64826	5.6930555437711e-10	3.971405877680699e-06	0.001675933280381255
C64	A41	6	26	246	64826	6.068776276218439e-10	3.971405877680699e-06	0.0016799046862589358
I47	I49	6	94	65	64826	6.092940939401711e-10	3.971405877680699e-06	0.0016838760921366164
F90	F95	9	394	72	64826	6.273659680651102e-10	3.971405877680699e-06	0.0016878474980142973
J12	J18	35	318	2135	64826	6.312908380224799e-10	3.971405877680699e-06	0.0016918189038919779
E88	J96	10	53	774	64826	6.823710502580972e-10	3.971405877680699e-06	0.0016957903097696585
H66	J15	52	1468	883	64826	7.040823003422139e-10	3.971405877680699e-06	0.0016997617156473393
K62	K92	7	66	180	64826	7.674795118101733e-10	3.971405877680699e-06	0.00170373312152502
B37	H10	26	810	485	64826	8.600134391296074e-10	3.971405877680699e-06	0.0017077045274027007
M08	M13	6	47	139	64826	8.705114273140239e-10	3.971405877680699e-06	0.0017116759332803813
J96	J98	31	774	706	64826	9.041944019328576e-10	3.971405877680699e-06	0.0017156473391580621
J31	J40	20	556	417	64826	9.355957204537443e-10	3.971405877680699e-06	0.0017196187450357427
M08	M25	6	47	141	64826	9.488812913730765e-10	3.971405877680699e-06	0.0017235901509134234
N10	A41	10	166	246	64826	1.0199266702383348e-09	3.971405877680699e-06	0.0017275615567911042
I88	L04	17	571	286	64826	1.024935901581334e-09	3.971405877680699e-06	0.0017315329626687848
F51	G40	13	61	1489	64826	1.1102781483751683e-09	3.971405877680699e-06	0.0017355043685464656
D70	H53	8	149	135	64826	1.1151777795879374e-09	3.971405877680699e-06	0.0017394757744241462
F93	F98	10	134	309	64826	1.1332999395496216e-09	3.971405877680699e-06	0.001743447180301827
J06	L50	54	3421	415	64826	1.204643584689359e-09	3.971405877680699e-06	0.0017474185861795076
F79	F83	7	30	451	64826	1.3352201595706074e-09	3.971405877680699e-06	0.0017513899920571882
G31	J96	8	29	774	64826	1.3703754973386504e-09	3.971405877680699e-06	0.001755361397934869
G82	M67	6	135	52	64826	1.371955460736983e-09	3.971405877680699e-06	0.0017593328038125497
G40	G91	21	1489	180	64826	1.393282956740534e-09	3.971405877680699e-06	0.0017633042096902305
D61	D64	8	72	291	64826	1.3972867376514217e-09	3.971405877680699e-06	0.001767275615567911
D50	J20	74	444	5183	64826	1.502315894088767e-09	3.971405877680699e-06	0.001771247021445592
I47	J96	12	94	774	64826	1.5079840995016856e-09	3.971405877680699e-06	0.0017752184273232725
E84	K76	6	102	71	64826	1.723126620103042e-09	3.971405877680699e-06	0.0017791898332009531
G80	G81	8	227	96	64826	2.0321158855002482e-09	3.971405877680699e-06	0.001783161239078634
F91	F94	7	132	104	64826	2.227323604751032e-09	3.971405877680699e-06	0.0017871326449563146
L20	L50	18	470	415	64826	2.2830966309390235e-09	3.971405877680699e-06	0.0017911040508339954
E87	G93	11	412	143	64826	2.439604523137962e-09	3.971405877680699e-06	0.001795075456711676
J12	J96	20	318	774	64826	2.465450483357795e-09	3.971405877680699e-06	0.0017990468625893568
F93	F94	7	134	104	64826	2.4741639306873176e-09	3.971405877680699e-06	0.0018030182684670374
H10	H66	35	485	1468	64826	2.8108023176888853e-09	3.971405877680699e-06	0.0018069896743447183
J90	J96	10	61	774	64826	2.8960817150490945e-09	3.971405877680699e-06	0.0018109610802223989
E87	I15	7	412	37	64826	3.4771262322948558e-09	3.971405877680699e-06	0.0018149324861000795
A04	E86	30	343	1609	64826	3.633693271520592e-09	3.971405877680699e-06	0.0018189038919777603
F84	F92	8	262	90	64826	3.724101764322506e-09	3.971405877680699e-06	0.001822875297855441
D70	E87	11	149	412	64826	3.766821454263796e-09	3.971405877680699e-06	0.0018268467037331217
K02	L03	31	1435	408	64826	3.984721235180679e-09	3.971405877680699e-06	0.0018308181096108023
J45	J98	37	1120	706	64826	4.080581539588559e-09	3.971405877680699e-06	0.0018347895154884831
F84	F91	9	262	132	64826	4.125551515407775e-09	3.971405877680699e-06	0.0018387609213661637
A04	K56	16	343	461	64826	4.878266180340862e-09	3.971405877680699e-06	0.0018427323272438444
J31	J45	32	556	1120	64826	5.0439188968833e-09	3.971405877680699e-06	0.0018467037331215252
H61	H65	77	336	7580	64826	5.049057929138978e-09	3.971405877680699e-06	0.0018506751389992058
E87	J90	8	412	61	64826	5.458160017922093e-09	3.971405877680699e-06	0.0018546465448768866
K08	K12	13	289	339	64826	5.719466032469909e-09	3.971405877680699e-06	0.0018586179507545672
F84	F98	12	262	309	64826	6.512325028199287e-09	3.971405877680699e-06	0.001862589356632248
H68	J35	21	29	13958	64826	6.691024190152365e-09	3.971405877680699e-06	0.0018665607625099286
D70	A41	9	149	246	64826	6.924845353841362e-09	3.971405877680699e-06	0.0018705321683876092
G41	G82	7	120	135	64826	7.098851758623578e-09	3.971405877680699e-06	0.00187450357426529
C71	D61	6	130	72	64826	8.113637385290907e-09	3.971405877680699e-06	0.0018784749801429707
C71	G40	17	130	1489	64826	8.933970599205302e-09	3.971405877680699e-06	0.0018824463860206515
D66	J96	8	36	774	64826	8.974898551807836e-09	3.971405877680699e-06	0.001886417791898332
L03	B01	13	408	250	64826	9.132851442006988e-09	3.971405877680699e-06	0.001890389197776013
B27	L04	11	234	286	64826	9.691032735374274e-09	3.971405877680699e-06	0.0018943606036536935
N31	G91	6	54	180	64826	9.744760905157075e-09	3.971405877680699e-06	0.0018983320095313741
H65	H66	244	7580	1468	64826	9.789874701618409e-09	3.971405877680699e-06	0.001902303415409055
A08	L22	75	3936	616	64826	9.864452183644538e-09	3.971405877680699e-06	0.0019062748212867356
H53	H91	8	135	197	64826	1.0041264873004778e-08	3.971405877680699e-06	0.0019102462271644164
M65	M91	6	120	81	64826	1.0273541767432087e-08	3.971405877680699e-06	0.001914217633042097
H47	J96	8	37	774	64826	1.1330857997296546e-08	3.971405877680699e-06	0.0019181890389197778
J30	J34	7	194	90	64826	1.1677669458041006e-08	3.971405877680699e-06	0.0019221604447974584
G41	G80	8	120	227	64826	1.1982385833657235e-08	3.971405877680699e-06	0.001926131850675139
J06	J11	27	3421	146	64826	1.2058768172269674e-08	3.971405877680699e-06	0.0019301032565528199
D59	D69	7	42	431	64826	1.2073984038010012e-08	3.971405877680699e-06	0.0019340746624305005
J30	J46	7	194	91	64826	1.2618946021116495e-08	3.971405877680699e-06	0.0019380460683081813
B34	J02	33	942	725	64826	1.3296856232488392e-08	3.971405877680699e-06	0.001942017474185862
F80	H65	95	455	7580	64826	1.4179363546903241e-08	3.971405877680699e-06	0.0019459888800635427
I27	J96	8	38	774	64826	1.4202187435115404e-08	3.971405877680699e-06	0.0019499602859412233
H66	H71	10	1468	40	64826	1.571827669702534e-08	3.971405877680699e-06	0.001953931691818904
J12	J21	25	318	1335	64826	1.605998725659897e-08	3.971405877680699e-06	0.0019579030976965848
D69	J96	22	431	774	64826	1.806259701097859e-08	3.971405877680699e-06	0.0019618745035742654
E03	H91	7	95	197	64826	1.8953183495909957e-08	3.971405877680699e-06	0.001965845909451946
H91	J96	15	197	774	64826	1.9471033837583795e-08	3.971405877680699e-06	0.001969817315329627
A41	E16	9	246	168	64826	1.9711200551112175e-08	3.971405877680699e-06	0.0019737887212073076
E23	G93	6	76	143	64826	1.9956357528001225e-08	3.971405877680699e-06	0.001977760127084988
J03	J36	15	2203	73	64826	2.015316024689671e-08	3.971405877680699e-06	0.001981731532962669
J20	L85	12	5183	22	64826	2.0326609388510887e-08	3.971405877680699e-06	0.0019857029388403494
D64	G93	9	291	143	64826	2.0609213292718957e-08	3.971405877680699e-06	0.0019896743447180305
B37	B00	23	810	452	64826	2.09498827628068e-08	3.971405877680699e-06	0.001993645750595711
J04	J06	139	1627	3421	64826	2.1316879895888672e-08	3.971405877680699e-06	0.0019976171564733917
N43	K42	17	777	260	64826	2.2969061665306206e-08	3.971405877680699e-06	0.0020015885623510723
E83	E87	7	48	412	64826	2.3415477078781404e-08	3.971405877680699e-06	0.002005559968228753
J30	L20	12	194	470	64826	2.3424112094016876e-08	3.971405877680699e-06	0.002009531374106434
G93	H53	7	143	135	64826	2.397031524235956e-08	3.971405877680699e-06	0.0020135027799841145
N12	N13	8	49	630	64826	2.4179811349560364e-08	3.971405877680699e-06	0.002017474185861795
J20	J30	40	5183	194	64826	2.5344710854732956e-08	3.971405877680699e-06	0.0020214455917394757
D70	E23	6	149	76	64826	2.5506652492739986e-08	3.971405877680699e-06	0.002025416997617157
D50	A09	58	444	3887	64826	2.5590728970219523e-08	3.971405877680699e-06	0.0020293884034948374
N19	E87	6	29	412	64826	2.6675076826705262e-08	3.971405877680699e-06	0.002033359809372518
K42	K43	6	260	45	64826	2.8066168360644542e-08	3.971405877680699e-06	0.0020373312152501986
F84	K02	23	262	1435	64826	2.8548107080107115e-08	3.971405877680699e-06	0.002041302621127879
H10	J98	22	485	706	64826	2.896580179882468e-08	3.971405877680699e-06	0.0020452740270055603
J95	J96	7	28	774	64826	3.205229144098035e-08	3.971405877680699e-06	0.002049245432883241
D80	J15	10	69	883	64826	3.4426905669853805e-08	3.971405877680699e-06	0.0020532168387609215
I84	K59	6	13	1097	64826	3.5914949707960005e-08	3.971405877680699e-06	0.002057188244638602
J18	J98	53	2135	706	64826	3.609470319702396e-08	3.971405877680699e-06	0.002061159650516283
E66	I10	7	325	64	64826	3.628639062603142e-08	3.971405877680699e-06	0.0020651310563939637
J31	L20	19	556	470	64826	3.790130069789444e-08	3.971405877680699e-06	0.0020691024622716443
C71	E03	6	130	95	64826	4.346450477536143e-08	3.971405877680699e-06	0.002073073868149325
F83	G31	6	451	29	64826	4.5498082606019835e-08	3.971405877680699e-06	0.0020770452740270055
A04	L22	17	343	616	64826	4.603257140677308e-08	3.971405877680699e-06	0.0020810166799046866
H10	J22	16	485	386	64826	5.107096332246997e-08	3.971405877680699e-06	0.002084988085782367
D50	D84	6	444	30	64826	5.156124188755733e-08	3.971405877680699e-06	0.002088959491660048
F43	F82	9	269	172	64826	5.1946071692109536e-08	3.971405877680699e-06	0.0020929308975377284
E84	K90	6	102	126	64826	5.5262729246013665e-08	3.971405877680699e-06	0.002096902303415409
G81	H53	6	96	135	64826	5.795909471743287e-08	3.971405877680699e-06	0.00210087370929309
F95	F98	7	72	309	64826	5.901898955433385e-08	3.971405877680699e-06	0.0021048451151707706
B99	D70	14	963	149	64826	5.919486351607596e-08	3.971405877680699e-06	0.0021088165210484512
J38	J98	30	880	706	64826	6.135643357977994e-08	3.971405877680699e-06	0.002112787926926132
D50	K50	6	444	31	64826	6.356660484259264e-08	3.971405877680699e-06	0.002116759332803813
H65	J39	39	7580	136	64826	6.747860609293585e-08	3.971405877680699e-06	0.0021207307386814935
H35	K40	12	56	1921	64826	7.394007878132223e-08	3.971405877680699e-06	0.002124702144559174
F83	G93	10	451	143	64826	7.53875355418014e-08	3.971405877680699e-06	0.0021286735504368547
J38	J95	7	880	28	64826	7.661753709491558e-08	3.971405877680699e-06	0.0021326449563145353
D50	L22	19	444	616	64826	7.671595915619983e-08	3.971405877680699e-06	0.0021366163621922164
D64	E16	9	291	168	64826	8.284915348296348e-08	3.971405877680699e-06	0.002140587768069897
F82	G82	7	172	135	64826	8.51821217788071e-08	3.971405877680699e-06	0.0021445591739475776
F83	K59	26	451	1097	64826	8.758332339042396e-08	3.971405877680699e-06	0.002148530579825258
E66	F83	14	325	451	64826	9.082302724820691e-08	3.971405877680699e-06	0.002152501985702939
F43	F93	8	269	134	64826	1.0509752183459844e-07	3.971405877680699e-06	0.00215647339158062
G51	G81	6	150	96	64826	1.0836155156482547e-07	3.971405877680699e-06	0.0021604447974583004
B37	E86	47	810	1609	64826	1.1045497372073337e-07	3.971405877680699e-06	0.002164416203335981
J20	J42	23	5183	84	64826	1.1347332318905211e-07	3.971405877680699e-06	0.0021683876092136616
A04	K29	8	343	107	64826	1.1707034013860527e-07	3.971405877680699e-06	0.0021723590150913427
B37	J22	20	810	386	64826	1.290179318375108e-07	3.971405877680699e-06	0.0021763304209690233
K21	K22	6	337	45	64826	1.2961544880563167e-07	3.971405877680699e-06	0.002180301826846704
E66	F90	13	325	394	64826	1.3095580527524998e-07	3.971405877680699e-06	0.0021842732327243845
A41	J90	6	246	61	64826	1.3098152867398405e-07	3.971405877680699e-06	0.002188244638602065
E86	B08	40	1609	638	64826	1.321937607711015e-07	3.971405877680699e-06	0.002192216044479746
J96	K65	7	774	34	64826	1.3684330700032296e-07	3.971405877680699e-06	0.0021961874503574268
D64	J15	18	291	883	64826	1.406835442419715e-07	3.971405877680699e-06	0.0022001588562351074
D80	J96	9	69	774	64826	1.4086402564957606e-07	3.971405877680699e-06	0.002204130262112788
H65	J33	18	7580	40	64826	1.4275001662859896e-07	3.971405877680699e-06	0.0022081016679904686
J35	J36	36	13958	73	64826	1.457821116836e-07	3.971405877680699e-06	0.0022120730738681496
B25	D69	6	37	431	64826	1.6289840415051176e-07	3.971405877680699e-06	0.00221604447974583
D69	J90	7	431	61	64826	1.7514338734960101e-07	3.971405877680699e-06	0.002220015885623511
L01	B00	9	119	452	64826	1.7681635670149906e-07	3.971405877680699e-06	0.0022239872915011914
N20	N39	8	36	1144	64826	1.792177543276299e-07	3.971405877680699e-06	0.0022279586973788725
E71	E86	9	36	1609	64826	1.7983812099249366e-07	3.971405877680699e-06	0.002231930103256553
J93	J96	6	22	774	64826	1.8013906245765908e-07	3.971405877680699e-06	0.0022359015091342337
F80	J35	145	455	13958	64826	1.8042545562015301e-07	3.971405877680699e-06	0.0022398729150119143
D48	L72	6	132	119	64826	1.8264375946948482e-07	3.971405877680699e-06	0.002243844320889595
E87	I50	6	412	40	64826	2.0318782312446085e-07	3.971405877680699e-06	0.002247815726767276
G40	I63	8	1489	29	64826	2.124140007751742e-07	3.971405877680699e-06	0.0022517871326449565
B37	J02	28	810	725	64826	2.17322731742165e-07	3.971405877680699e-06	0.002255758538522637
B25	J96	7	37	774	64826	2.5387396483803377e-07	3.971405877680699e-06	0.0022597299444003177
G25	G40	11	65	1489	64826	2.601517482644505e-07	3.971405877680699e-06	0.0022637013502779984
D68	D70	6	112	149	64826	2.607821437133072e-07	3.971405877680699e-06	0.0022676727561556794
K60	K92	6	93	180	64826	2.629455833355443e-07	3.971405877680699e-06	0.00227164416203336
A37	J21	10	58	1335	64826	2.823527207865754e-07	3.971405877680699e-06	0.0022756155679110406
E03	G40	13	95	1489	64826	2.8674602279336184e-07	3.971405877680699e-06	0.002279586973788721
N04	J96	9	75	774	64826	2.9292309932874124e-07	3.971405877680699e-06	0.0022835583796664023
H10	L22	19	485	616	64826	2.9687514440763096e-07	3.971405877680699e-06	0.002287529785544083
J98	A08	78	706	3936	64826	3.0305012451914615e-07	3.971405877680699e-06	0.0022915011914217635
G41	G93	6	120	143	64826	3.079235578655486e-07	3.971405877680699e-06	0.002295472597299444
J18	L22	46	2135	616	64826	3.242267323513825e-07	3.971405877680699e-06	0.0022994440031771247
K01	K02	12	84	1435	64826	3.4447500010356735e-07	3.971405877680699e-06	0.0023034154090548057
J13	J18	14	81	2135	64826	3.9043969875278154e-07	3.971405877680699e-06	0.0023073868149324863
E66	F91	8	325	132	64826	3.9327853423302746e-07	3.971405877680699e-06	0.002311358220810167
J38	J39	12	880	136	64826	3.9676061247078807e-07	3.971405877680699e-06	0.0023153296266878475
F82	H50	11	172	567	64826	4.130507534174835e-07	3.971405877680699e-06	0.002319301032565528
G82	H53	6	135	135	64826	4.394612439347176e-07	3.971405877680699e-06	0.002323272438443209
J44	J45	44	1107	1120	64826	4.4649631616612276e-07	3.971405877680699e-06	0.00232724384432089
K08	K10	7	289	104	64826	4.778692209369759e-07	3.971405877680699e-06	0.0023312152501985704
I88	A08	66	571	3936	64826	4.907631806523222e-07	3.971405877680699e-06	0.002335186656076251
K56	K63	6	461	42	64826	5.28774862360327e-07	3.971405877680699e-06	0.002339158061953932
N17	J96	7	41	774	64826	5.318822119641959e-07	3.971405877680699e-06	0.0023431294678316126
E70	J96	6	26	774	64826	5.336869696474894e-07	3.971405877680699e-06	0.0023471008737092932
J18	J40	35	2135	417	64826	5.739233328960882e-07	3.971405877680699e-06	0.002351072279586974
E66	F98	11	325	309	64826	5.799093044843736e-07	3.971405877680699e-06	0.0023550436854646545
N19	N39	7	29	1144	64826	5.818637033639937e-07	3.971405877680699e-06	0.0023590150913423355
L20	L21	6	470	42	64826	5.916450027125637e-07	3.971405877680699e-06	0.002362986497220016
K29	K92	6	107	180	64826	6.037111834391575e-07	3.971405877680699e-06	0.0023669579030976967
J18	J42	14	2135	84	64826	6.198080803771551e-07	3.971405877680699e-06	0.0023709293089753773
F84	G47	12	262	471	64826	6.208434002708433e-07	3.971405877680699e-06	0.002374900714853058
B37	A41	15	810	246	64826	6.280230843358553e-07	3.971405877680699e-06	0.002378872120730739
J00	A09	138	1511	3887	64826	7.145292705081835e-07	3.971405877680699e-06	0.0023828435266084196
B37	L20	21	810	470	64826	7.173595668604148e-07	3.971405877680699e-06	0.0023868149324861
F95	G40	11	72	1489	64826	7.586337273946802e-07	3.971405877680699e-06	0.002390786338363781
N30	N39	8	43	1144	64826	7.699349151933209e-07	3.971405877680699e-06	0.002394757744241462
F80	F94	8	455	104	64826	7.920639882102589e-07	3.971405877680699e-06	0.0023987291501191424
H10	J02	20	485	725	64826	8.272678989175293e-07	3.971405877680699e-06	0.002402700555996823
N13	N32	7	630	53	64826	8.287611149776243e-07	3.971405877680699e-06	0.0024066719618745036
N39	L22	30	1144	616	64826	8.471682032386969e-07	3.971405877680699e-06	0.0024106433677521842
B37	A09	84	810	3887	64826	9.091442912476373e-07	3.971405877680699e-06	0.0024146147736298653
N13	N31	7	630	54	64826	9.442319990954161e-07	3.971405877680699e-06	0.002418586179507546
E63	G40	6	16	1489	64826	9.55572037656563e-07	3.971405877680699e-06	0.0024225575853852265
F83	M62	8	451	108	64826	9.89189230360249e-07	3.971405877680699e-06	0.002426528991262907
B80	K35	7	37	955	64826	1.0319706062910146e-06	3.971405877680699e-06	0.0024305003971405877
J45	J96	34	1120	774	64826	1.0345126460853383e-06	3.971405877680699e-06	0.0024344718030182688
N19	J96	6	29	774	64826	1.0680578866693067e-06	3.971405877680699e-06	0.0024384432088959494
E23	F83	7	76	451	64826	1.0886075706923878e-06	3.971405877680699e-06	0.00244241461477363
H27	H50	6	39	567	64826	1.113467710472499e-06	3.971405877680699e-06	0.0024463860206513106
D50	J15	21	444	883	64826	1.1341996658323387e-06	3.971405877680699e-06	0.0024503574265289916
J02	J03	51	725	2203	64826	1.1639248277949613e-06	3.971405877680699e-06	0.002454328832406672
E87	J18	34	412	2135	64826	1.2088326426319228e-06	3.971405877680699e-06	0.002458300238284353
D70	A04	8	149	343	64826	1.474783002652331e-06	3.971405877680699e-06	0.0024622716441620334
B37	E87	19	810	412	64826	1.509128363569312e-06	3.971405877680699e-06	0.002466243050039714
J02	J20	95	725	5183	64826	1.5248007865554265e-06	3.971405877680699e-06	0.002470214455917395
E72	J96	6	31	774	64826	1.6221958945728603e-06	3.971405877680699e-06	0.0024741858617950757
N39	J96	34	1144	774	64826	1.6444847374144078e-06	3.971405877680699e-06	0.0024781572676727563
E66	K76	6	325	71	64826	1.6508576549714386e-06	3.971405877680699e-06	0.002482128673550437
F82	H52	6	172	133	64826	1.6582443778466691e-06	3.971405877680699e-06	0.0024861000794281175
L22	L30	8	616	86	64826	1.7587403495149977e-06	3.971405877680699e-06	0.0024900714853057985
D64	K92	8	291	180	64826	1.793824405277598e-06	3.971405877680699e-06	0.002494042891183479
J03	L22	45	2203	616	64826	1.8014777776428563e-06	3.971405877680699e-06	0.0024980142970611597
N43	N47	151	777	8718	64826	1.8488901561859102e-06	3.971405877680699e-06	0.0025019857029388404
F89	H50	12	242	567	64826	1.8507214363748353e-06	3.971405877680699e-06	0.0025059571088165214
B34	D70	12	942	149	64826	2.130526513712392e-06	3.971405877680699e-06	0.002509928514694202
G91	H53	6	180	135	64826	2.3532182540554448e-06	3.971405877680699e-06	0.0025138999205718826
F89	K02	19	242	1435	64826	2.386736223284655e-06	3.971405877680699e-06	0.002517871326449563
K50	K52	6	31	830	64826	2.4244565504012784e-06	3.971405877680699e-06	0.002521842732327244
C71	H50	9	130	567	64826	2.4251613576368675e-06	3.971405877680699e-06	0.002525814138204925
G40	M41	8	1489	39	64826	2.4832909411767958e-06	3.971405877680699e-06	0.0025297855440826055
A04	E87	12	343	412	64826	2.561626825778701e-06	3.971405877680699e-06	0.002533756949960286
G40	I61	7	1489	28	64826	2.580343406647004e-06	3.971405877680699e-06	0.0025377283558379667
E16	J98	11	168	706	64826	2.726829081926408e-06	3.971405877680699e-06	0.0025416997617156477
K59	K92	14	1097	180	64826	2.778408800371995e-06	3.971405877680699e-06	0.0025456711675933283
C71	D69	8	130	431	64826	2.865366262709903e-06	3.971405877680699e-06	0.002549642573471009
E16	J06	25	168	3421	64826	2.8675092386231464e-06	3.971405877680699e-06	0.0025536139793486895
F89	F98	9	242	309	64826	2.893077325604537e-06	3.971405877680699e-06	0.00255758538522637
H02	J96	8	74	774	64826	2.9995078161400165e-06	3.971405877680699e-06	0.002561556791104051
G40	G83	6	1489	19	64826	3.0516534617283467e-06	3.971405877680699e-06	0.002565528196981732
N31	K59	8	54	1097	64826	3.424618803548285e-06	3.971405877680699e-06	0.0025694996028594124
K76	A09	16	71	3887	64826	3.672108163250566e-06	3.971405877680699e-06	0.002573471008737093
J00	B00	28	1511	452	64826	3.7560600880312297e-06	3.971405877680699e-06	0.0025774424146147736
L02	L04	9	270	286	64826	3.7609828701965633e-06	3.971405877680699e-06	0.0025814138204924546
J00	B08	35	1511	638	64826	3.854859167619258e-06	3.971405877680699e-06	0.0025853852263701353
C71	F83	8	130	451	64826	3.9953045712280495e-06	3.971405877680699e-06	0.002589356632247816
J40	J44	22	417	1107	64826	4.10503929019216e-06	3.971405877680699e-06	0.0025933280381254965
D57	J15	6	32	883	64826	4.206030835526236e-06	3.971405877680699e-06	0.0025972994440031775
J41	J45	7	39	1120	64826	4.281854158660277e-06	3.971405877680699e-06	0.002601270849880858
J31	J98	20	556	706	64826	4.356118836685474e-06	3.971405877680699e-06	0.0026052422557585387
B37	D50	19	810	444	64826	4.454100493571519e-06	3.971405877680699e-06	0.0026092136616362193
G40	K21	23	1489	337	64826	4.461751544894809e-06	3.971405877680699e-06	0.0026131850675139
H66	J44	50	1468	1107	64826	4.4896422969642575e-06	3.971405877680699e-06	0.002617156473391581
B30	J20	10	23	5183	64826	4.568842276500858e-06	3.971405877680699e-06	0.0026211278792692616
J18	J93	7	2135	22	64826	4.591938443031335e-06	3.971405877680699e-06	0.002625099285146942
D64	E86	22	291	1609	64826	4.69719330105685e-06	3.971405877680699e-06	0.002629070691024623
N13	N18	6	630	45	64826	4.855918392149635e-06	3.971405877680699e-06	0.0026330420969023034
G91	H50	10	180	567	64826	4.8989860320942826e-06	3.971405877680699e-06	0.0026370135027799844
E87	J15	19	412	883	64826	5.198675292585097e-06	3.971405877680699e-06	0.002640984908657665
J02	L04	14	725	286	64826	5.305762048146899e-06	3.971405877680699e-06	0.0026449563145353456
E72	G40	7	31	1489	64826	5.395804446993444e-06	3.971405877680699e-06	0.0026489277204130262
F83	I10	6	451	64	64826	5.846431893636241e-06	3.971405877680699e-06	0.0026528991262907073
J20	J41	13	5183	39	64826	5.975138879487552e-06	3.971405877680699e-06	0.002656870532168388
J39	J96	10	136	774	64826	6.1212137962997e-06	3.971405877680699e-06	0.0026608419380460685
E87	K76	6	412	71	64826	6.421538999767442e-06	3.971405877680699e-06	0.002664813343923749
F89	G41	6	242	120	64826	6.5119460652111365e-06	3.971405877680699e-06	0.0026687847498014297
J00	L50	26	1511	415	64826	6.7267740559163864e-06	3.971405877680699e-06	0.0026727561556791108
A38	J03	16	127	2203	64826	6.974858017300855e-06	3.971405877680699e-06	0.0026767275615567914
D64	J20	46	291	5183	64826	7.2781526823037775e-06	3.971405877680699e-06	0.002680698967434472
G82	K21	7	135	337	64826	7.551989524978576e-06	3.971405877680699e-06	0.0026846703733121526
G40	J69	8	1489	45	64826	7.700914183174139e-06	3.971405877680699e-06	0.002688641779189833
G40	G71	9	1489	59	64826	7.774290152354092e-06	3.971405877680699e-06	0.002692613185067514
J00	L20	28	1511	470	64826	7.784561989077528e-06	3.971405877680699e-06	0.002696584590945195
J03	J18	111	2203	2135	64826	7.95781764312575e-06	3.971405877680699e-06	0.0027005559968228754
N28	L22	8	106	616	64826	8.467085336862179e-06	3.971405877680699e-06	0.002704527402700556
J69	J98	6	45	706	64826	9.270943532804052e-06	3.971405877680699e-06	0.002708498808578237
E86	J98	38	1609	706	64826	9.80316922114817e-06	3.971405877680699e-06	0.0027124702144559177
F89	H91	7	242	197	64826	1.0408229570576805e-05	3.971405877680699e-06	0.0027164416203335983
B34	G41	10	942	120	64826	1.1020843736066448e-05	3.971405877680699e-06	0.002720413026211279
F45	K59	7	46	1097	64826	1.173834568540428e-05	3.971405877680699e-06	0.0027243844320889595
B99	H66	44	963	1468	64826	1.2430909908010102e-05	3.971405877680699e-06	0.0027283558379666405
E87	G41	7	412	120	64826	1.2778306084169709e-05	3.971405877680699e-06	0.002732327243844321
D50	H66	26	444	1468	64826	1.3303370845419278e-05	3.971405877680699e-06	0.0027362986497220017
J18	J69	9	2135	45	64826	1.3594255336040813e-05	3.971405877680699e-06	0.0027402700555996824
D70	L22	9	149	616	64826	1.429912196320414e-05	3.971405877680699e-06	0.002744241461477363
J20	J40	59	5183	417	64826	1.4588644178524047e-05	3.971405877680699e-06	0.002748212867355044
K00	K08	6	116	289	64826	1.4662173846996641e-05	3.971405877680699e-06	0.0027521842732327246
K04	K05	6	464	73	64826	1.477668087248097e-05	3.971405877680699e-06	0.002756155679110405
E86	J96	40	1609	774	64826	1.4800091594042608e-05	3.971405877680699e-06	0.002760127084988086
E66	K02	21	325	1435	64826	1.5027333161859342e-05	3.971405877680699e-06	0.002764098490865767
D50	J18	33	444	2135	64826	1.547020411192433e-05	3.971405877680699e-06	0.0027680698967434475
H90	K07	6	601	58	64826	1.665313032980533e-05	3.971405877680699e-06	0.002772041302621128
J33	J35	21	40	13958	64826	1.6708471133784126e-05	3.971405877680699e-06	0.0027760127084988087
J15	J45	34	883	1120	64826	1.6855912422991664e-05	3.971405877680699e-06	0.0027799841143764893
F89	G93	6	242	143	64826	1.772621403781332e-05	3.971405877680699e-06	0.0027839555202541703
H66	J98	35	1468	706	64826	1.8010817286016538e-05	3.971405877680699e-06	0.002787926926131851
G40	I15	7	1489	37	64826	1.8733421785172515e-05	3.971405877680699e-06	0.0027918983320095315
A41	G93	6	246	143	64826	1.9437861071640555e-05	3.971405877680699e-06	0.002795869737887212
L01	L22	8	119	616	64826	1.976978729050856e-05	3.971405877680699e-06	0.0027998411437648927
N13	B37	22	630	810	64826	2.0016034951437817e-05	3.971405877680699e-06	0.002803812549642574
J39	J98	9	136	706	64826	2.0084717949251854e-05	3.971405877680699e-06	0.0028077839555202544
H10	B09	6	485	75	64826	2.2127549556478636e-05	3.971405877680699e-06	0.002811755361397935
D69	A04	11	431	343	64826	2.2737229119227184e-05	3.971405877680699e-06	0.0028157267672756156
E66	F80	11	325	455	64826	2.276328537586762e-05	3.971405877680699e-06	0.0028196981731532966
K52	K92	11	830	180	64826	2.3655298518283755e-05	3.971405877680699e-06	0.0028236695790309773
J00	J02	36	1511	725	64826	2.4318476325408915e-05	3.971405877680699e-06	0.002827640984908658
B99	J22	18	963	386	64826	2.470023718371409e-05	3.971405877680699e-06	0.0028316123907863385
L01	B08	8	119	638	64826	2.5358087958850957e-05	3.971405877680699e-06	0.002835583796664019
J04	J05	22	1627	321	64826	2.5744136652911886e-05	3.971405877680699e-06	0.0028395552025417
B37	J40	17	810	417	64826	2.581784754535635e-05	3.971405877680699e-06	0.0028435266084193807
G82	H50	8	135	567	64826	2.732722870397493e-05	3.971405877680699e-06	0.0028474980142970613
F84	G93	6	262	143	64826	2.766741731954118e-05	3.971405877680699e-06	0.002851469420174742
J02	L22	20	725	616	64826	2.7810667742493934e-05	3.971405877680699e-06	0.0028554408260524225
B37	K21	15	810	337	64826	2.807123787258999e-05	3.971405877680699e-06	0.0028594122319301036
D50	J03	33	444	2203	64826	2.8663557900844686e-05	3.971405877680699e-06	0.002863383637807784
A08	K56	51	3936	461	64826	2.9861278373539908e-05	3.971405877680699e-06	0.002867355043685465
E87	K52	17	412	830	64826	3.006675161523175e-05	3.971405877680699e-06	0.0028713264495631454
J06	J42	15	3421	84	64826	3.1004436687388205e-05	3.971405877680699e-06	0.0028752978554408264
E66	G47	11	325	471	64826	3.1155332058381594e-05	3.971405877680699e-06	0.002879269261318507
N13	K21	13	630	337	64826	3.209259233490869e-05	3.971405877680699e-06	0.0028832406671961876
I88	L02	11	571	270	64826	3.290991492712616e-05	3.971405877680699e-06	0.0028872120730738682
F82	G80	6	172	227	64826	3.50151196551574e-05	3.971405877680699e-06	0.002891183478951549
L22	B00	15	616	452	64826	3.583253966577507e-05	3.971405877680699e-06	0.00289515488482923
D64	H53	6	291	135	64826	3.593908301500829e-05	3.971405877680699e-06	0.0028991262907069105
J38	J45	33	880	1120	64826	3.7298704720477795e-05	3.971405877680699e-06	0.002903097696584591
N13	N35	8	630	128	64826	3.917511256183612e-05	3.971405877680699e-06	0.0029070691024622717
J01	L03	6	99	408	64826	4.099046449122454e-05	3.971405877680699e-06	0.0029110405083399523
D64	J21	18	291	1335	64826	4.169660307861986e-05	3.971405877680699e-06	0.0029150119142176334
A49	J06	26	208	3421	64826	4.3356612367255865e-05	3.971405877680699e-06	0.002918983320095314
D18	D48	6	308	132	64826	4.342361296000564e-05	3.971405877680699e-06	0.0029229547259729946
D64	H66	19	291	1468	64826	4.411619800153993e-05	3.971405877680699e-06	0.002926926131850675
F89	K21	8	242	337	64826	4.446811052002189e-05	3.971405877680699e-06	0.002930897537728356
F80	F93	7	455	134	64826	4.889098606990018e-05	3.971405877680699e-06	0.002934868943606037
E03	J15	8	95	883	64826	4.9159083585019245e-05	3.971405877680699e-06	0.0029388403494837174
B27	I88	10	234	571	64826	5.000279621379786e-05	3.971405877680699e-06	0.002942811755361398
N10	B37	10	166	810	64826	5.076067709542184e-05	3.971405877680699e-06	0.0029467831612390786
B99	H10	20	963	485	64826	5.0914563866956966e-05	3.971405877680699e-06	0.0029507545671167597
J96	K56	17	774	461	64826	5.114465691416543e-05	3.971405877680699e-06	0.0029547259729944403
E73	K52	6	52	830	64826	5.3356490050843365e-05	3.971405877680699e-06	0.002958697378872121
J13	J96	7	81	774	64826	5.4447584589150277e-05	3.971405877680699e-06	0.0029626687847498015
A49	L03	8	208	408	64826	5.8393479023586336e-05	3.971405877680699e-06	0.002966640190627482
D69	H91	8	431	197	64826	5.843322098630539e-05	3.971405877680699e-06	0.002970611596505163
B97	J18	11	80	2135	64826	6.261225883107027e-05	3.971405877680699e-06	0.0029745830023828438
B37	H92	6	810	55	64826	6.433330806760484e-05	3.971405877680699e-06	0.0029785544082605244
B37	B97	7	810	80	64826	6.676554460017388e-05	3.971405877680699e-06	0.002982525814138205
H65	H69	19	7580	63	64826	6.960097301566768e-05	3.971405877680699e-06	0.002986497220015886
G71	J96	6	59	774	64826	7.476582638749136e-05	3.971405877680699e-06	0.0029904686258935666
D50	K52	17	444	830	64826	7.544674020574175e-05	3.971405877680699e-06	0.002994440031771247
E10	J96	13	300	774	64826	7.846216059551618e-05	3.971405877680699e-06	0.002998411437648928
N17	N39	6	41	1144	64826	7.908406484273246e-05	3.971405877680699e-06	0.0030023828435266084
J21	J98	31	1335	706	64826	8.616113740455211e-05	3.971405877680699e-06	0.0030063542494042895
H10	J40	12	485	417	64826	8.697941933374078e-05	3.971405877680699e-06	0.00301032565528197
J96	M86	6	774	61	64826	9.029476025720806e-05	3.971405877680699e-06	0.0030142970611596507
E86	L22	32	1609	616	64826	9.190162958839687e-05	3.971405877680699e-06	0.0030182684670373313
E84	K56	6	102	461	64826	9.476479687749536e-05	3.971405877680699e-06	0.003022239872915012
D18	J96	13	308	774	64826	0.0001020433487475688	3.971405877680699e-06	0.003026211278792693
I88	K11	6	571	84	64826	0.00010338191197452768	3.971405877680699e-06	0.0030301826846703735
B37	J98	22	810	706	64826	0.00010597911682194167	3.971405877680699e-06	0.003034154090548054
G40	I10	8	1489	64	64826	0.00010759620702196895	3.971405877680699e-06	0.0030381254964257347
B34	D50	18	942	444	64826	0.00011157545627235436	3.971405877680699e-06	0.003042096902303416
B34	B09	7	942	75	64826	0.00011263691860590648	3.971405877680699e-06	0.0030460683081810964
J46	J96	7	91	774	64826	0.0001143661388306261	3.971405877680699e-06	0.003050039714058777
H10	J44	21	485	1107	64826	0.00011801345986647117	3.971405877680699e-06	0.0030540111199364576
H10	J30	8	485	194	64826	0.00011853096309153994	3.971405877680699e-06	0.003057982525814138
E86	I88	30	1609	571	64826	0.00012310831004814658	3.971405877680699e-06	0.0030619539316918193
C91	A04	6	144	343	64826	0.00012681027237837112	3.971405877680699e-06	0.0030659253375695
H65	H93	10	7580	23	64826	0.00012759451623492538	3.971405877680699e-06	0.0030698967434471805
B99	B09	7	963	75	64826	0.00012899234771813394	3.971405877680699e-06	0.003073868149324861
B34	L22	22	942	616	64826	0.0001296128035429665	3.971405877680699e-06	0.003077839555202542
B37	L01	8	810	119	64826	0.0001331422014830573	3.971405877680699e-06	0.0030818109610802227
G44	J06	15	95	3421	64826	0.00013387405212524244	3.971405877680699e-06	0.0030857823669579033
D70	K52	9	149	830	64826	0.0001404812160646875	3.971405877680699e-06	0.003089753772835584
N13	L22	17	630	616	64826	0.00014117600823784982	3.971405877680699e-06	0.0030937251787132645
J12	J15	14	318	883	64826	0.0001420950310417522	3.971405877680699e-06	0.0030976965845909456
J22	J44	18	386	1107	64826	0.00014316275548156032	3.971405877680699e-06	0.003101667990468626
I88	K59	23	571	1097	64826	0.00014548924038193905	3.971405877680699e-06	0.003105639396346307
H04	H10	8	200	485	64826	0.0001461294124308989	3.971405877680699e-06	0.0031096108022239874
J40	J45	19	417	1120	64826	0.00014828994295739038	3.971405877680699e-06	0.003113582208101668
F80	H61	10	455	336	64826	0.00015293499586577032	3.971405877680699e-06	0.003117553613979349
H10	J03	33	485	2203	64826	0.00015450527603659518	3.971405877680699e-06	0.0031215250198570296
I80	J06	6	17	3421	64826	0.00016053604912108973	3.971405877680699e-06	0.0031254964257347102
B99	J44	33	963	1107	64826	0.00016157126017221635	3.971405877680699e-06	0.003129467831612391
A41	J15	12	246	883	64826	0.000163273897562562	3.971405877680699e-06	0.003133439237490072
B37	J15	25	810	883	64826	0.0001649289365790349	3.971405877680699e-06	0.0031374106433677525
N39	J00	47	1144	1511	64826	0.00016705820961283448	3.971405877680699e-06	0.003141382049245433
E87	G91	7	412	180	64826	0.00016750232368902796	3.971405877680699e-06	0.0031453534551231137
A49	B01	6	208	250	64826	0.00016926167443095136	3.971405877680699e-06	0.0031493248610007943
H65	H91	41	7580	197	64826	0.0001720605808900692	3.971405877680699e-06	0.0031532962668784754
J04	J40	24	1627	417	64826	0.00017539493680957937	3.971405877680699e-06	0.003157267672756156
D64	G91	6	291	180	64826	0.00017560970934588	3.971405877680699e-06	0.0031612390786338366
B99	L22	22	963	616	64826	0.0001762410892963931	3.971405877680699e-06	0.003165210484511517
D64	A04	8	291	343	64826	0.0001795737951292993	3.971405877680699e-06	0.0031691818903891978
J00	L30	9	1511	86	64826	0.00018250674049997251	3.971405877680699e-06	0.003173153296266879
G80	H50	9	227	567	64826	0.00019640524937946134	3.971405877680699e-06	0.0031771247021445594
A49	J18	18	208	2135	64826	0.00020274962572824787	3.971405877680699e-06	0.00318109610802224
E66	J45	16	325	1120	64826	0.0002038157332292233	3.971405877680699e-06	0.0031850675138999206
G80	K21	7	227	337	64826	0.00020397220946547322	3.971405877680699e-06	0.0031890389197776017
D50	D64	9	444	291	64826	0.00020423218622038839	3.971405877680699e-06	0.0031930103256552823
J21	L21	6	1335	42	64826	0.00020991423004986944	3.971405877680699e-06	0.003196981731532963
J96	K76	6	774	71	64826	0.00021057452342636493	3.971405877680699e-06	0.0032009531374106435
G47	J96	16	471	774	64826	0.00021359881090210212	3.971405877680699e-06	0.003204924543288324
J06	L22	54	3421	616	64826	0.00021541233083003085	3.971405877680699e-06	0.003208895949166005
D61	J96	6	72	774	64826	0.00022741723310310802	3.971405877680699e-06	0.0032128673550436858
D64	F83	9	291	451	64826	0.00022911848718766635	3.971405877680699e-06	0.0032168387609213664
J18	L20	31	2135	470	64826	0.00024088391685429778	3.971405877680699e-06	0.003220810166799047
J06	J45	87	3421	1120	64826	0.00024300230906747108	3.971405877680699e-06	0.0032247815726767276
A49	E86	15	208	1609	64826	0.00024388349298475303	3.971405877680699e-06	0.0032287529785544086
E66	F82	6	325	172	64826	0.0002486224031564379	3.971405877680699e-06	0.003232724384432089
J15	J46	7	883	91	64826	0.0002551919629927185	3.971405877680699e-06	0.00323669579030977
J18	J95	6	2135	28	64826	0.00025580938152937246	3.971405877680699e-06	0.0032406671961874504
H55	J96	6	74	774	64826	0.00026427450633384453	3.971405877680699e-06	0.0032446386020651315
J10	J18	14	142	2135	64826	0.00026638521630133226	3.971405877680699e-06	0.003248610007942812
A04	I88	11	343	571	64826	0.00027016797050422297	3.971405877680699e-06	0.0032525814138204927
B97	J06	13	80	3421	64826	0.0002741180111895582	3.971405877680699e-06	0.0032565528196981733
B99	F50	7	963	85	64826	0.00028226937636445363	3.971405877680699e-06	0.003260524225575854
J30	J40	7	194	417	64826	0.0002845437414903384	3.971405877680699e-06	0.003264495631453535
D64	H91	6	291	197	64826	0.00028535177717085186	3.971405877680699e-06	0.0032684670373312155
J02	A08	68	725	3936	64826	0.0002864520875386939	3.971405877680699e-06	0.003272438443208896
G93	J18	14	143	2135	64826	0.00028646572786027353	3.971405877680699e-06	0.0032764098490865767
E03	J18	11	95	2135	64826	0.000297815628201701	3.971405877680699e-06	0.0032803812549642574
D69	B01	8	431	250	64826	0.0002991440171288886	3.971405877680699e-06	0.0032843526608419384
B96	H66	6	41	1468	64826	0.000304616381357627	3.971405877680699e-06	0.003288324066719619
E23	J96	6	76	774	64826	0.0003056667028246692	3.971405877680699e-06	0.0032922954725972996
B07	B08	8	170	638	64826	0.0003060143584384916	3.971405877680699e-06	0.00329626687847498
D69	K56	11	431	461	64826	0.0003064047614464329	3.971405877680699e-06	0.0033002382843526613
J96	K29	7	774	107	64826	0.0003127280959776399	3.971405877680699e-06	0.003304209690230342
G40	I47	9	1489	94	64826	0.00032167606428772257	3.971405877680699e-06	0.0033081810961080225
E86	E88	7	1609	53	64826	0.00032570562808394653	3.971405877680699e-06	0.003312152501985703
B34	H10	18	942	485	64826	0.0003258257982349447	3.971405877680699e-06	0.0033161239078633837
K40	K43	7	1921	45	64826	0.00033588144493931933	3.971405877680699e-06	0.0033200953137410647
N39	D70	10	1144	149	64826	0.0003382983304572657	3.971405877680699e-06	0.0033240667196187453
J31	L22	15	556	616	64826	0.000341997790007157	3.971405877680699e-06	0.003328038125496426
B37	D64	12	810	291	64826	0.0003466084819325417	3.971405877680699e-06	0.0033320095313741065
L02	L03	8	270	408	64826	0.0003471692110008353	3.971405877680699e-06	0.003335980937251787
D50	G82	6	444	135	64826	0.00035634473330068415	3.971405877680699e-06	0.003339952343129468
E23	G40	8	76	1489	64826	0.0003598320928018486	3.971405877680699e-06	0.003343923749007149
J21	K42	15	1335	260	64826	0.0003715201047061157	3.971405877680699e-06	0.0033478951548848294
N43	N50	7	777	110	64826	0.00037873218513435555	3.971405877680699e-06	0.00335186656076251
J98	K21	12	706	337	64826	0.0003801101851379924	3.971405877680699e-06	0.003355837966640191
F83	H53	6	451	135	64826	0.0003870160286689014	3.971405877680699e-06	0.0033598093725178716
D64	H10	9	291	485	64826	0.00038862888336253006	3.971405877680699e-06	0.0033637807783955522
H65	H92	16	7580	55	64826	0.0004005585488320267	3.971405877680699e-06	0.003367752184273233
D18	K40	21	308	1921	64826	0.00040108970811568814	3.971405877680699e-06	0.0033717235901509135
N04	K52	6	75	830	64826	0.00041154893584628797	3.971405877680699e-06	0.0033756949960285945
B99	D50	17	963	444	64826	0.00042482147067609817	3.971405877680699e-06	0.003379666401906275
A04	A09	37	343	3887	64826	0.0004375160739546522	3.971405877680699e-06	0.0033836378077839557
J10	L22	7	142	616	64826	0.0004452583610917842	3.971405877680699e-06	0.0033876092136616363
J44	L22	23	1107	616	64826	0.000479484374687402	3.971405877680699e-06	0.003391580619539317
G71	K59	6	59	1097	64826	0.0004862489728638806	3.971405877680699e-06	0.003395552025416998
B99	J03	53	963	2203	64826	0.0004934915464734178	3.971405877680699e-06	0.0033995234312946786
B34	J96	24	942	774	64826	0.0005183696245791162	3.971405877680699e-06	0.003403494837172359
B99	B00	17	963	452	64826	0.0005190277452211913	3.971405877680699e-06	0.00340746624305004
D64	L22	10	291	616	64826	0.0005321699480541695	3.971405877680699e-06	0.003411437648927721
D50	B08	13	444	638	64826	0.000540514055308771	3.971405877680699e-06	0.0034154090548054014
F89	J15	11	242	883	64826	0.0005465549267953294	3.971405877680699e-06	0.003419380460683082
J02	A09	66	725	3887	64826	0.0005547832819143973	3.971405877680699e-06	0.0034233518665607626
E34	E66	7	280	325	64826	0.0005778269470959806	3.971405877680699e-06	0.0034273232724384432
E86	B01	16	1609	250	64826	0.0005812242556745181	3.971405877680699e-06	0.0034312946783161243
I15	J06	8	37	3421	64826	0.0005813057005704127	3.971405877680699e-06	0.003435266084193805
A41	H10	8	246	485	64826	0.0005844356847647036	3.971405877680699e-06	0.0034392374900714855
K35	K56	17	955	461	64826	0.0005893286951514934	3.971405877680699e-06	0.003443208895949166
B37	J06	65	810	3421	64826	0.0006068365016948712	3.971405877680699e-06	0.0034471803018268467
B37	D70	8	810	149	64826	0.000609985767613066	3.971405877680699e-06	0.0034511517077045278
E66	G40	18	325	1489	64826	0.0006107381221701483	3.971405877680699e-06	0.0034551231135822084
J06	J44	84	3421	1107	64826	0.0006262289629664676	3.971405877680699e-06	0.003459094519459889
H66	J40	21	1468	417	64826	0.0006504368809061239	3.971405877680699e-06	0.0034630659253375696
F83	K21	9	451	337	64826	0.0006612824455747081	3.971405877680699e-06	0.0034670373312152506
L20	L22	13	470	616	64826	0.000661423153384491	3.971405877680699e-06	0.003471008737092931
J20	J69	11	5183	45	64826	0.0006658673134258025	3.971405877680699e-06	0.003474980142970612
G71	J18	8	59	2135	64826	0.0006798361555200429	3.971405877680699e-06	0.0034789515488482924
B34	D69	16	942	431	64826	0.0006806729804100878	3.971405877680699e-06	0.003482922954725973
E87	F83	10	412	451	64826	0.0007061560548896271	3.971405877680699e-06	0.003486894360603654
F83	H50	12	451	567	64826	0.0007211775339752482	3.971405877680699e-06	0.0034908657664813347
D59	A09	9	42	3887	64826	0.0007260733582869657	3.971405877680699e-06	0.0034948371723590153
D70	B08	7	149	638	64826	0.0007285683726968008	3.971405877680699e-06	0.003498808578236696
H10	J12	9	485	318	64826	0.0007323650181065894	3.971405877680699e-06	0.0035027799841143765
J98	L50	13	706	415	64826	0.0007349972020096842	3.971405877680699e-06	0.0035067513899920575
K35	K37	6	955	73	64826	0.0007406466647865807	3.971405877680699e-06	0.003510722795869738
F89	F90	7	242	394	64826	0.000757802050218971	3.971405877680699e-06	0.0035146942017474187
E87	K56	10	412	461	64826	0.0008337187674373848	3.971405877680699e-06	0.0035186656076250994
J96	K21	12	774	337	64826	0.0008469365527486981	3.971405877680699e-06	0.0035226370135027804
D64	K21	7	291	337	64826	0.0008944992487372596	3.971405877680699e-06	0.003526608419380461
G47	K21	9	471	337	64826	0.0008965285661356995	3.971405877680699e-06	0.0035305798252581416
J21	L20	21	1335	470	64826	0.0008966260047930176	3.971405877680699e-06	0.003534551231135822
F98	G40	17	309	1489	64826	0.0009180457811427951	3.971405877680699e-06	0.003538522637013503
E73	A09	10	52	3887	64826	0.0009214588097631176	3.971405877680699e-06	0.003542494042891184
J09	J20	17	92	5183	64826	0.0009253921781237454	3.971405877680699e-06	0.0035464654487688645
H66	J04	57	1468	1627	64826	0.0009374345358978991	3.971405877680699e-06	0.003550436854646545
H10	L20	11	485	470	64826	0.000948695361924958	3.971405877680699e-06	0.0035544082605242257
F89	K59	12	242	1097	64826	0.0009602028491120454	3.971405877680699e-06	0.0035583796664019063
E87	F89	7	412	242	64826	0.0009816897892204154	3.971405877680699e-06	0.0035623510722795873
D80	J20	14	69	5183	64826	0.0009895064021493297	3.971405877680699e-06	0.003566322478157268
D70	K59	9	149	1097	64826	0.0010441882401172916	3.971405877680699e-06	0.0035702938840349485
A49	H10	7	208	485	64826	0.0010455965470051699	3.971405877680699e-06	0.003574265289912629
B34	M60	6	942	79	64826	0.0010468440022436964	3.971405877680699e-06	0.00357823669579031
H66	J12	17	1468	318	64826	0.0010766925708537434	3.971405877680699e-06	0.003582208101667991
A02	L22	6	121	616	64826	0.0010978576746188012	3.971405877680699e-06	0.0035861795075456714
E61	J20	9	34	5183	64826	0.0011002566501374393	3.971405877680699e-06	0.003590150913423352
J00	J04	58	1511	1627	64826	0.0011069015507713035	3.971405877680699e-06	0.0035941223193010326
G24	J03	7	48	2203	64826	0.0011261181241185908	3.971405877680699e-06	0.0035980937251787136
J03	J09	10	2203	92	64826	0.0011548607805511614	3.971405877680699e-06	0.0036020651310563943
F80	G80	7	455	227	64826	0.0012001973815241758	3.971405877680699e-06	0.003606036536934075
E86	F50	8	1609	85	64826	0.0012573169944942702	3.971405877680699e-06	0.0036100079428117555
D70	E86	11	149	1609	64826	0.001301510381534458	3.971405877680699e-06	0.0036139793486894365
J12	J44	14	318	1107	64826	0.0013016358970980213	3.971405877680699e-06	0.003617950754567117
J22	L22	11	386	616	64826	0.001323425971806098	3.971405877680699e-06	0.0036219221604447977
B37	A49	9	810	208	64826	0.0013256963358635183	3.971405877680699e-06	0.0036258935663224783
E88	G40	6	53	1489	64826	0.0013282286875129954	3.971405877680699e-06	0.003629864972200159
D69	B08	12	431	638	64826	0.0013356163407636712	3.971405877680699e-06	0.00363383637807784
N13	B99	20	630	963	64826	0.0014300225841196433	3.971405877680699e-06	0.0036378077839555206
J12	J45	14	318	1120	64826	0.0014503497308160367	3.971405877680699e-06	0.003641779189833201
F80	K02	21	455	1435	64826	0.0014530923583585314	3.971405877680699e-06	0.003645750595710882
E66	K59	14	325	1097	64826	0.0014666796082923716	3.971405877680699e-06	0.0036497220015885624
H66	J22	19	1468	386	64826	0.0014898894434805334	3.971405877680699e-06	0.0036536934074662434
H66	H90	26	1468	601	64826	0.0014984285756138038	3.971405877680699e-06	0.003657664813343924
D70	J02	7	149	725	64826	0.0015183023354562542	3.971405877680699e-06	0.0036616362192216046
B99	D64	12	963	291	64826	0.001536287104438979	3.971405877680699e-06	0.0036656076250992852
J96	K92	8	774	180	64826	0.0015441990878225344	3.971405877680699e-06	0.0036695790309769663
G40	H55	7	1489	74	64826	0.0015695542526597574	3.971405877680699e-06	0.003673550436854647
E87	G40	20	412	1489	64826	0.0015822718547187408	3.971405877680699e-06	0.0036775218427323275
D50	K92	6	444	180	64826	0.0015936236600333832	3.971405877680699e-06	0.003681493248610008
F98	B00	8	309	452	64826	0.0016029239845126188	3.971405877680699e-06	0.0036854646544876887
E45	G40	6	55	1489	64826	0.0016134439710233969	3.971405877680699e-06	0.0036894360603653698
D18	K42	6	308	260	64826	0.0016208850572781697	3.971405877680699e-06	0.0036934074662430504
J18	M41	6	2135	39	64826	0.0016270169747880459	3.971405877680699e-06	0.003697378872120731
B99	B08	20	963	638	64826	0.0016564570772478024	3.971405877680699e-06	0.0037013502779984116
J10	J96	7	142	774	64826	0.0016683238952742178	3.971405877680699e-06	0.003705321683876092
G41	J06	15	120	3421	64826	0.0016719833358493708	3.971405877680699e-06	0.003709293089753773
D50	G40	21	444	1489	64826	0.0016831622680986663	3.971405877680699e-06	0.003713264495631454
F83	G91	6	451	180	64826	0.0017238440974008248	3.971405877680699e-06	0.0037172359015091344
J02	J31	15	725	556	64826	0.0017444500551554395	3.971405877680699e-06	0.003721207307386815
J15	J21	32	883	1335	64826	0.00175526630534166	3.971405877680699e-06	0.003725178713264496
N28	N43	6	106	777	64826	0.0018005635883182934	3.971405877680699e-06	0.0037291501191421767
F50	A08	13	85	3936	64826	0.0018099211272930825	3.971405877680699e-06	0.0037331215250198573
N13	N43	17	630	777	64826	0.0018515528099808255	3.971405877680699e-06	0.003737092930897538
B34	J06	71	942	3421	64826	0.0018517959027421847	3.971405877680699e-06	0.0037410643367752185
J06	B09	11	3421	75	64826	0.0018772545368350348	3.971405877680699e-06	0.0037450357426528995
J00	J10	10	1511	142	64826	0.0019077732768057233	3.971405877680699e-06	0.00374900714853058
J12	B00	8	318	452	64826	0.001916371795557724	3.971405877680699e-06	0.0037529785544082607
D69	E87	9	431	412	64826	0.0019363811883192415	3.971405877680699e-06	0.0037569499602859414
J15	J98	20	883	706	64826	0.0019627589641049003	3.971405877680699e-06	0.003760921366163622
B00	B08	12	452	638	64826	0.001981764444331093	3.971405877680699e-06	0.003764892772041303
L03	L22	11	408	616	64826	0.0020407654951464112	3.971405877680699e-06	0.0037688641779189836
J03	A09	165	2203	3887	64826	0.0020414921877238597	3.971405877680699e-06	0.003772835583796664
F89	H90	8	242	601	64826	0.002046655592396602	3.971405877680699e-06	0.003776806989674345
J10	J20	22	142	5183	64826	0.0020840826416035356	3.971405877680699e-06	0.003780778395552026
D50	H10	10	444	485	64826	0.0021057853484239266	3.971405877680699e-06	0.0037847498014297065
E86	J00	56	1609	1511	64826	0.0022390982102683866	3.971405877680699e-06	0.003788721207307387
G47	J98	13	471	706	64826	0.0022585174900447407	3.971405877680699e-06	0.0037926926131850677
H10	J45	18	485	1120	64826	0.0022655096484085085	3.971405877680699e-06	0.0037966640190627483
G51	J96	7	150	774	64826	0.002275909528626174	3.971405877680699e-06	0.0038006354249404293
H66	J31	24	1468	556	64826	0.0022878595082378183	3.971405877680699e-06	0.00380460683081811
N39	B99	30	1144	963	64826	0.0022989325003384504	3.971405877680699e-06	0.0038085782366957905
H71	J35	17	40	13958	64826	0.0023149335379974443	3.971405877680699e-06	0.003812549642573471
K29	K59	7	107	1097	64826	0.0023515244892871353	3.971405877680699e-06	0.0038165210484511517
H10	J96	14	485	774	64826	0.00239237963853029	3.971405877680699e-06	0.003820492454328833
D70	G40	10	149	1489	64826	0.002443332147223176	3.971405877680699e-06	0.0038244638602065134
K91	A09	7	32	3887	64826	0.002469108539926843	3.971405877680699e-06	0.003828435266084194
G40	G43	8	1489	102	64826	0.002485063416850366	3.971405877680699e-06	0.0038324066719618746
L03	B00	9	408	452	64826	0.0024925456834697405	3.971405877680699e-06	0.0038363780778395556
B97	J44	6	80	1107	64826	0.002515263324179369	3.971405877680699e-06	0.0038403494837172363
A49	J02	8	208	725	64826	0.002537037852121479	3.971405877680699e-06	0.003844320889594917
G82	J15	7	135	883	64826	0.002614787091617504	3.971405877680699e-06	0.0038482922954725975
K29	K52	6	107	830	64826	0.0026198805440802025	3.971405877680699e-06	0.003852263701350278
J31	K21	9	556	337	64826	0.002762294117384813	3.971405877680699e-06	0.003856235107227959
E86	J02	31	1609	725	64826	0.002783868862511926	3.971405877680699e-06	0.0038602065131056397
F82	K59	9	172	1097	64826	0.002794722244040897	3.971405877680699e-06	0.0038641779189833203
E84	J15	6	102	883	64826	0.0027967561858162236	3.971405877680699e-06	0.003868149324861001
K12	B00	8	339	452	64826	0.0028362460976909852	3.971405877680699e-06	0.0038721207307386815
D64	A09	30	291	3887	64826	0.0028596183602549938	3.971405877680699e-06	0.0038760921366163626
K52	L22	17	830	616	64826	0.0028847959620442063	3.971405877680699e-06	0.003880063542494043
J11	J20	22	146	5183	64826	0.002966282127292504	3.971405877680699e-06	0.003884034948371724
D80	J21	6	69	1335	64826	0.002999797749137529	3.971405877680699e-06	0.0038880063542494044
N10	E86	11	166	1609	64826	0.0030462212613913834	3.971405877680699e-06	0.0038919777601270854
G47	J30	6	471	194	64826	0.0031028800486376613	3.971405877680699e-06	0.003895949166004766
D72	A09	8	42	3887	64826	0.0031277973235406906	3.971405877680699e-06	0.0038999205718824466
D69	K59	16	431	1097	64826	0.003154996386192525	3.971405877680699e-06	0.0039038919777601272
B99	J12	12	963	318	64826	0.003176505104438209	3.971405877680699e-06	0.003907863383637808
E10	E87	7	300	412	64826	0.0032929154043630122	3.971405877680699e-06	0.003911834789515489
A02	E86	9	121	1609	64826	0.003304511516511635	3.971405877680699e-06	0.0039158061953931695
D64	G40	15	291	1489	64826	0.003310864451068345	3.971405877680699e-06	0.00391977760127085
E66	L04	6	325	286	64826	0.003392736079639736	3.971405877680699e-06	0.003923749007148531
E86	G71	6	1609	59	64826	0.0034009272592256386	3.971405877680699e-06	0.003927720413026211
J42	J45	6	84	1120	64826	0.003401541578415385	3.971405877680699e-06	0.003931691818903892
F84	J15	10	262	883	64826	0.0034498174068705624	3.971405877680699e-06	0.0039356632247815725
N19	J06	6	29	3421	64826	0.0035737940838850473	3.971405877680699e-06	0.003939634630659254
F83	H90	11	451	601	64826	0.0036213757597997856	3.971405877680699e-06	0.003943606036536935
F80	J96	13	455	774	64826	0.0036622837026443057	3.971405877680699e-06	0.003947577442414615
E34	F83	7	280	451	64826	0.0036972649340235725	3.971405877680699e-06	0.003951548848292296
G82	J98	6	135	706	64826	0.0037542639064458115	3.971405877680699e-06	0.003955520254169976
A49	J96	8	208	774	64826	0.00376166763658465	3.971405877680699e-06	0.003959491660047657
J20	J38	93	5183	880	64826	0.0037789484210385776	3.971405877680699e-06	0.003963463065925338
J02	J18	38	725	2135	64826	0.0038045549502848256	3.971405877680699e-06	0.003967434471803018
E34	F80	7	280	455	64826	0.0038783616309652435	3.971405877680699e-06	0.003971405877680699
A49	L22	7	208	616	64826	0.003969627549187931	3.971405877680699e-06	0.00397537728355838
