ICD1	ICD2	val11	occ1	occ2	NN	pval	bonf_thresh	fdr_thresh
N13	N20	199	304	691	38921	1.791103994088717e-279	1.0090817356205853e-05	1.0090817356205853e-05
J34	M95	231	2345	309	38921	1.0427670689050448e-214	1.0090817356205853e-05	2.0181634712411707e-05
J32	J34	313	618	2345	38921	3.5763649856650726e-214	1.0090817356205853e-05	3.027245206861756e-05
N20	N23	164	691	322	38921	3.1506058217249497e-202	1.0090817356205853e-05	4.0363269424823414e-05
K21	K44	129	444	303	38921	1.9394585468499902e-172	1.0090817356205853e-05	5.0454086781029264e-05
H91	H93	110	306	397	38921	3.9516300886683175e-142	1.0090817356205853e-05	6.054490413723512e-05
N13	N23	95	304	322	38921	4.744367446869855e-125	1.0090817356205853e-05	7.063572149344098e-05
F11	F13	79	342	161	38921	2.283691086343615e-120	1.0090817356205853e-05	8.072653884964683e-05
K21	K29	151	444	1116	38921	4.0773006135181645e-119	1.0090817356205853e-05	9.081735620585268e-05
K29	K44	119	1116	303	38921	2.8097807598213145e-102	1.0090817356205853e-05	0.00010090817356205853
B18	F19	106	291	831	38921	1.0148331067662806e-100	1.0090817356205853e-05	0.00011099899091826439
M51	M54	127	549	783	38921	2.480185952783026e-96	1.0090817356205853e-05	0.00012108980827447024
F10	F60	145	1537	424	38921	1.0938843248361249e-94	1.0090817356205853e-05	0.0001311806256306761
E66	I10	101	429	552	38921	6.723676791376351e-93	1.0090817356205853e-05	0.00014127144298688195
K02	K04	60	216	213	38921	1.7941280335394236e-86	1.0090817356205853e-05	0.0001513622603430878
F11	F19	99	342	831	38921	1.1857010384216433e-82	1.0090817356205853e-05	0.00016145307769929366
F11	F14	49	342	85	38921	4.6898477689436463e-79	1.0090817356205853e-05	0.00017154389505549952
B18	F11	69	291	342	38921	1.7390804014656632e-78	1.0090817356205853e-05	0.00018163471241170536
E78	E79	72	540	229	38921	9.333173026933295e-77	1.0090817356205853e-05	0.00019172552976791122
F43	F60	97	772	424	38921	2.427496278107301e-73	1.0090817356205853e-05	0.00020181634712411706
H83	H93	55	142	397	38921	2.886503853808789e-72	1.0090817356205853e-05	0.00021190716448032292
F32	F60	87	631	424	38921	4.809028686144462e-69	1.0090817356205853e-05	0.00022199798183652878
M23	M94	84	1755	163	38921	2.7807598670836546e-68	1.0090817356205853e-05	0.00023208879919273462
F19	B17	69	831	176	38921	3.6393025532118273e-68	1.0090817356205853e-05	0.00024217961654894048
F10	K70	55	1537	67	38921	9.503126681738711e-66	1.0090817356205853e-05	0.0002522704339051463
F19	F60	93	831	424	38921	1.4505187768871455e-65	1.0090817356205853e-05	0.0002623612512613522
F10	F43	156	1537	772	38921	1.6590748537905388e-65	1.0090817356205853e-05	0.00027245206861755805
F32	F43	101	631	772	38921	1.893880227070256e-60	1.0090817356205853e-05	0.0002825428859737639
E78	K76	68	540	314	38921	3.0483288836513057e-60	1.0090817356205853e-05	0.0002926337033299698
F11	F12	55	342	260	38921	2.132033567942112e-59	1.0090817356205853e-05	0.0003027245206861756
F13	F19	61	161	831	38921	3.042845628444687e-59	1.0090817356205853e-05	0.00031281533804238145
E78	I10	82	540	552	38921	7.700875372316314e-59	1.0090817356205853e-05	0.0003229061553985873
C62	C77	27	180	35	38921	2.679414754659209e-57	1.0090817356205853e-05	0.0003329969727547932
C62	D40	29	180	54	38921	2.764358656649445e-54	1.0090817356205853e-05	0.00034308779011099904
E66	E78	70	429	540	38921	4.749643953955095e-53	1.0090817356205853e-05	0.00035317860746720485
N47	N48	75	962	303	38921	2.0874427960637545e-52	1.0090817356205853e-05	0.0003632694248234107
K01	K07	47	332	217	38921	6.497662618963429e-52	1.0090817356205853e-05	0.0003733602421796166
F20	F23	54	400	296	38921	8.946819015924599e-51	1.0090817356205853e-05	0.00038345105953582244
K04	K08	34	213	110	38921	1.596524700163426e-50	1.0090817356205853e-05	0.0003935418768920283
J32	J33	44	618	118	38921	2.6537861763230637e-48	1.0090817356205853e-05	0.0004036326942482341
E79	K76	44	229	314	38921	2.976498839882509e-47	1.0090817356205853e-05	0.00041372351160444
B18	F13	38	291	161	38921	7.055734922007759e-46	1.0090817356205853e-05	0.00042381432896064584
J33	J34	62	118	2345	38921	7.89414478994277e-44	1.0090817356205853e-05	0.0004339051463168517
F10	F32	115	1537	631	38921	1.4224190620283035e-43	1.0090817356205853e-05	0.00044399596367305756
F11	B17	39	342	176	38921	4.699580201685687e-43	1.0090817356205853e-05	0.00045408678102926343
E66	K76	50	429	314	38921	2.016092354184601e-42	1.0090817356205853e-05	0.00046417759838546924
F13	F14	26	161	85	38921	5.31645053934972e-42	1.0090817356205853e-05	0.0004742684157416751
F12	F14	29	260	85	38921	5.374112349279281e-42	1.0090817356205853e-05	0.00048435923309788097
F12	F23	40	260	296	38921	5.620038319506243e-40	1.0090817356205853e-05	0.0004944500504540868
F12	F20	44	260	400	38921	6.008377083390088e-40	1.0090817356205853e-05	0.0005045408678102926
J30	J34	65	150	2345	38921	3.342740917816824e-39	1.0090817356205853e-05	0.0005146316851664985
K02	K08	28	216	110	38921	8.361902512268364e-39	1.0090817356205853e-05	0.0005247225025227044
K26	K29	49	146	1116	38921	1.3137984282000167e-38	1.0090817356205853e-05	0.0005348133198789102
C77	C78	14	35	24	38921	2.161096186100734e-38	1.0090817356205853e-05	0.0005449041372351161
B18	B17	34	291	176	38921	6.901155811004246e-38	1.0090817356205853e-05	0.000554994954591322
F12	F13	31	260	161	38921	3.9430754243815023e-36	1.0090817356205853e-05	0.0005650857719475278
F10	F13	54	1537	161	38921	2.952494988067864e-35	1.0090817356205853e-05	0.0005751765893037337
F13	F60	35	161	424	38921	4.333502217210655e-35	1.0090817356205853e-05	0.0005852674066599395
K01	K04	35	332	213	38921	2.51538311455083e-34	1.0090817356205853e-05	0.0005953582240161453
K80	K81	20	241	40	38921	3.793427942320154e-34	1.0090817356205853e-05	0.0006054490413723512
E66	F17	59	429	703	38921	6.125954694779173e-34	1.0090817356205853e-05	0.000615539858728557
M22	M23	60	192	1755	38921	7.72631831042397e-34	1.0090817356205853e-05	0.0006256306760847629
F14	F19	33	85	831	38921	5.586004815048399e-33	1.0090817356205853e-05	0.0006357214934409688
B94	F19	20	21	831	38921	6.366307588319457e-33	1.0090817356205853e-05	0.0006458123107971746
K60	K61	36	239	359	38921	1.2137468038134534e-32	1.0090817356205853e-05	0.0006559031281533805
F10	F19	116	1537	831	38921	1.7365718468400964e-32	1.0090817356205853e-05	0.0006659939455095863
B35	A46	18	41	178	38921	5.839523295695608e-32	1.0090817356205853e-05	0.0006760847628657922
F12	F60	38	260	424	38921	3.5869232599627155e-31	1.0090817356205853e-05	0.0006861755802219981
K02	K12	27	216	181	38921	1.2074242549259152e-30	1.0090817356205853e-05	0.0006962663975782039
I26	I80	17	55	118	38921	2.872736398234927e-30	1.0090817356205853e-05	0.0007063572149344097
E79	I10	39	229	552	38921	3.106031348844064e-30	1.0090817356205853e-05	0.0007164480322906156
F19	F43	78	831	772	38921	4.665123382315642e-30	1.0090817356205853e-05	0.0007265388496468214
C62	C78	15	180	24	38921	6.575697411530233e-30	1.0090817356205853e-05	0.0007366296670030273
B18	F14	23	291	85	38921	1.1786551890788165e-29	1.0090817356205853e-05	0.0007467204843592331
K02	K05	17	216	37	38921	3.4111025716960854e-29	1.0090817356205853e-05	0.000756811301715439
H33	H35	18	137	70	38921	4.2866730223995447e-29	1.0090817356205853e-05	0.0007669021190716449
M23	M65	61	1755	239	38921	6.28323532547914e-29	1.0090817356205853e-05	0.0007769929364278507
K01	K09	21	332	59	38921	7.253587295375321e-29	1.0090817356205853e-05	0.0007870837537840566
M23	M24	73	1755	350	38921	2.566454774865014e-28	1.0090817356205853e-05	0.0007971745711402625
E66	E79	34	429	229	38921	4.606397341020214e-28	1.0090817356205853e-05	0.0008072653884964682
J34	J35	228	2345	1786	38921	1.5623959908898575e-27	1.0090817356205853e-05	0.0008173562058526741
F12	F19	45	260	831	38921	1.8992613565299087e-27	1.0090817356205853e-05	0.00082744702320888
E10	E14	18	211	59	38921	4.1574675845047176e-27	1.0090817356205853e-05	0.0008375378405650858
B16	B17	20	106	176	38921	5.852773209124313e-27	1.0090817356205853e-05	0.0008476286579212917
M23	M25	65	1755	302	38921	3.6170469463493277e-26	1.0090817356205853e-05	0.0008577194752774975
F33	F60	27	137	424	38921	4.264978915627376e-26	1.0090817356205853e-05	0.0008678102926337034
F41	F45	28	293	244	38921	1.036490454593138e-24	1.0090817356205853e-05	0.0008779011099899093
F19	F20	51	831	400	38921	1.5145178639317228e-24	1.0090817356205853e-05	0.0008879919273461151
A15	A16	16	87	123	38921	3.529717562824976e-24	1.0090817356205853e-05	0.000898082744702321
F32	F33	29	631	137	38921	5.3747923073194315e-24	1.0090817356205853e-05	0.0009081735620585269
E10	E11	17	211	68	38921	5.518631314620781e-24	1.0090817356205853e-05	0.0009182643794147326
I10	K76	38	552	314	38921	6.3447495563552e-24	1.0090817356205853e-05	0.0009283551967709385
F31	F60	22	92	424	38921	1.7514384530106272e-23	1.0090817356205853e-05	0.0009384460141271443
F19	F32	62	831	631	38921	2.0030521526215832e-23	1.0090817356205853e-05	0.0009485368314833502
N18	I10	21	64	552	38921	2.459858209501149e-23	1.0090817356205853e-05	0.0009586276488395561
K04	K12	22	213	181	38921	2.9529301666913725e-23	1.0090817356205853e-05	0.0009687184661957619
B18	B94	13	291	21	38921	3.360399545409166e-23	1.0090817356205853e-05	0.0009788092835519677
B24	B17	15	55	176	38921	3.73749985347073e-23	1.0090817356205853e-05	0.0009889001009081735
H50	H53	14	95	74	38921	3.959030271935015e-23	1.0090817356205853e-05	0.0009989909182643794
F10	F12	52	1537	260	38921	3.1113393012848313e-22	1.0090817356205853e-05	0.0010090817356205853
F17	I10	52	703	552	38921	3.2287266804759517e-22	1.0090817356205853e-05	0.0010191725529767911
K21	K26	25	444	146	38921	3.614972986609785e-22	1.0090817356205853e-05	0.001029263370332997
E78	F17	51	540	703	38921	7.346031564959443e-22	1.0090817356205853e-05	0.0010393541876892029
B18	B24	16	291	55	38921	1.441263096046376e-21	1.0090817356205853e-05	0.0010494450050454087
K35	K65	24	1442	50	38921	1.79029187033223e-21	1.0090817356205853e-05	0.0010595358224016146
M17	M23	27	59	1755	38921	4.506208159077827e-21	1.0090817356205853e-05	0.0010696266397578205
H33	H52	17	137	155	38921	9.063091135097906e-21	1.0090817356205853e-05	0.0010797174571140263
M22	M94	19	192	163	38921	9.524295750417508e-21	1.0090817356205853e-05	0.0010898082744702322
F13	F43	30	161	772	38921	1.4062773011879337e-20	1.0090817356205853e-05	0.001099899091826438
J18	J90	16	415	47	38921	2.3251689205951372e-20	1.0090817356205853e-05	0.001109989909182644
F14	B17	15	85	176	38921	5.026608679509109e-20	1.0090817356205853e-05	0.0011200807265388498
K56	K66	12	133	46	38921	5.3747044924654657e-20	1.0090817356205853e-05	0.0011301715438950556
I84	K60	29	490	239	38921	5.541127762175061e-20	1.0090817356205853e-05	0.0011402623612512615
F10	F17	85	1537	703	38921	6.149334187496675e-20	1.0090817356205853e-05	0.0011503531786074674
D16	L05	49	298	1326	38921	6.349297376497095e-20	1.0090817356205853e-05	0.0011604439959636732
K80	K85	18	241	129	38921	2.2573569607259247e-19	1.0090817356205853e-05	0.001170534813319879
N20	N39	32	691	230	38921	2.5883104632293455e-19	1.0090817356205853e-05	0.001180625630676085
J03	J35	75	506	1786	38921	3.429853773346019e-19	1.0090817356205853e-05	0.0011907164480322906
K01	K02	23	332	216	38921	1.5398435120987424e-18	1.0090817356205853e-05	0.0012008072653884965
E73	E74	7	31	17	38921	1.8958020663205452e-18	1.0090817356205853e-05	0.0012108980827447023
H50	H52	14	95	155	38921	2.1459356625780737e-18	1.0090817356205853e-05	0.0012209889001009082
H83	H90	13	142	80	38921	2.9586922666537437e-18	1.0090817356205853e-05	0.001231079717457114
I84	K62	21	490	119	38921	3.0526370138280093e-18	1.0090817356205853e-05	0.00124117053481332
E10	E78	27	211	540	38921	3.139659468682597e-18	1.0090817356205853e-05	0.0012512613521695258
H52	H53	13	155	74	38921	3.220585255301793e-18	1.0090817356205853e-05	0.0012613521695257316
N46	I86	20	90	573	38921	3.2283811531165063e-18	1.0090817356205853e-05	0.0012714429868819375
F32	F41	33	631	293	38921	3.275344428273849e-18	1.0090817356205853e-05	0.0012815338042381434
K25	K29	26	101	1116	38921	7.148100288701684e-18	1.0090817356205853e-05	0.0012916246215943492
I42	I50	7	43	15	38921	7.678790721557648e-18	1.0090817356205853e-05	0.001301715438950555
H66	H90	12	114	80	38921	1.1204856404157702e-17	1.0090817356205853e-05	0.001311806256306761
N18	D64	10	64	65	38921	1.1520802474196e-17	1.0090817356205853e-05	0.0013218970736629668
D69	D70	8	70	21	38921	1.4450748853068018e-17	1.0090817356205853e-05	0.0013319878910191727
E66	G47	26	429	260	38921	2.3382492690264688e-17	1.0090817356205853e-05	0.0013420787083753786
G44	H81	18	241	167	38921	2.5671998963635705e-17	1.0090817356205853e-05	0.0013521695257315844
E10	H36	8	211	10	38921	2.9103750619880204e-17	1.0090817356205853e-05	0.0013622603430877903
H71	H90	10	57	80	38921	2.998339799064407e-17	1.0090817356205853e-05	0.0013723511604439961
F10	F33	33	1537	137	38921	3.642254088479311e-17	1.0090817356205853e-05	0.001382441977800202
F10	G40	81	1537	721	38921	3.719697506576597e-17	1.0090817356205853e-05	0.0013925327951564079
F43	F70	18	772	58	38921	3.9829954267958645e-17	1.0090817356205853e-05	0.0014026236125126135
J30	J45	19	150	328	38921	4.698785823118051e-17	1.0090817356205853e-05	0.0014127144298688194
M24	M65	23	350	239	38921	4.7581301548588833e-17	1.0090817356205853e-05	0.0014228052472250253
F19	F23	36	831	296	38921	4.9306183777800534e-17	1.0090817356205853e-05	0.0014328960645812311
H43	H33	9	23	137	38921	4.977033461951447e-17	1.0090817356205853e-05	0.001442986881937437
M24	M25	25	350	302	38921	7.296257636632915e-17	1.0090817356205853e-05	0.0014530776992936428
I10	I11	10	552	13	38921	8.360023376303843e-17	1.0090817356205853e-05	0.0014631685166498487
H90	H93	16	80	397	38921	1.511529880263201e-16	1.0090817356205853e-05	0.0014732593340060546
G55	M51	9	10	549	38921	2.0455594204236634e-16	1.0090817356205853e-05	0.0014833501513622604
F54	G51	9	25	146	38921	2.2228279168533163e-16	1.0090817356205853e-05	0.0014934409687184663
C71	D43	7	26	38	38921	3.0534062465933573e-16	1.0090817356205853e-05	0.0015035317860746722
K29	K92	31	1116	173	38921	3.443522918243144e-16	1.0090817356205853e-05	0.001513622603430878
N18	N19	8	64	32	38921	3.45932498275171e-16	1.0090817356205853e-05	0.0015237134207870839
J43	J93	9	18	236	38921	4.4069421338590026e-16	1.0090817356205853e-05	0.0015338042381432898
J37	J38	7	14	86	38921	6.788164601429079e-16	1.0090817356205853e-05	0.0015438950554994956
F20	F60	29	400	424	38921	1.3345530729747229e-15	1.0090817356205853e-05	0.0015539858728557015
M42	M54	16	50	783	38921	1.6125460939353585e-15	1.0090817356205853e-05	0.0015640766902119073
F17	J45	33	703	328	38921	2.2205589324041224e-15	1.0090817356205853e-05	0.0015741675075681132
H90	H91	14	80	306	38921	2.423571439450474e-15	1.0090817356205853e-05	0.001584258324924319
F19	F61	17	831	58	38921	2.9554864384554597e-15	1.0090817356205853e-05	0.001594349142280525
D62	K26	8	20	146	38921	3.914933670237301e-15	1.0090817356205853e-05	0.0016044399596367308
H20	H30	6	40	15	38921	3.953845385643255e-15	1.0090817356205853e-05	0.0016145307769929364
F20	F22	13	400	52	38921	5.1924069459004635e-15	1.0090817356205853e-05	0.0016246215943491423
K22	K92	12	87	173	38921	5.36807283746387e-15	1.0090817356205853e-05	0.0016347124117053482
K08	K12	13	110	181	38921	5.506919280550065e-15	1.0090817356205853e-05	0.001644803229061554
F32	F45	27	631	244	38921	5.97123900804156e-15	1.0090817356205853e-05	0.00165489404641776
B27	J03	21	168	506	38921	8.04297992359736e-15	1.0090817356205853e-05	0.0016649848637739658
B18	F12	20	291	260	38921	1.2004946348023648e-14	1.0090817356205853e-05	0.0016750756811301716
K20	K29	16	42	1116	38921	1.5533758174781224e-14	1.0090817356205853e-05	0.0016851664984863775
H10	H11	7	36	48	38921	2.2303571558484236e-14	1.0090817356205853e-05	0.0016952573158425834
F13	B17	14	161	176	38921	2.5056389314107158e-14	1.0090817356205853e-05	0.0017053481331987892
H66	H72	9	114	50	38921	2.60490056747156e-14	1.0090817356205853e-05	0.001715438950554995
K50	K56	14	220	133	38921	3.7900857781541284e-14	1.0090817356205853e-05	0.001725529767911201
K01	K08	15	332	110	38921	3.803160170242689e-14	1.0090817356205853e-05	0.0017356205852674068
K21	K25	16	444	101	38921	4.14630590430155e-14	1.0090817356205853e-05	0.0017457114026236127
K85	K86	7	129	16	38921	4.1576414236329967e-14	1.0090817356205853e-05	0.0017558022199798185
K50	K51	14	220	135	38921	4.675386240440794e-14	1.0090817356205853e-05	0.0017658930373360244
A16	A18	7	123	17	38921	5.0156373733585164e-14	1.0090817356205853e-05	0.0017759838546922303
J01	J32	22	170	618	38921	5.1266881045087117e-14	1.0090817356205853e-05	0.0017860746720484361
F60	F61	13	424	58	38921	5.129776284582965e-14	1.0090817356205853e-05	0.001796165489404642
B18	B16	14	291	106	38921	7.125153852677284e-14	1.0090817356205853e-05	0.0018062563067608479
D50	K51	10	72	135	38921	8.022378562607477e-14	1.0090817356205853e-05	0.0018163471241170537
F12	F43	29	260	772	38921	8.160798441448512e-14	1.0090817356205853e-05	0.0018264379414732596
M53	M54	21	125	783	38921	9.15868087123645e-14	1.0090817356205853e-05	0.0018365287588294652
H66	H71	9	114	57	38921	9.195779443996254e-14	1.0090817356205853e-05	0.001846619576185671
H17	H18	6	19	51	38921	9.994926863719545e-14	1.0090817356205853e-05	0.001856710393541877
J35	J36	55	1786	388	38921	1.2720217045533736e-13	1.0090817356205853e-05	0.0018668012108980828
K56	K63	10	133	78	38921	1.5900537892378e-13	1.0090817356205853e-05	0.0018768920282542887
M25	M66	10	302	37	38921	1.9728167115302688e-13	1.0090817356205853e-05	0.0018869828456104945
E79	G40	26	229	721	38921	2.221242635173376e-13	1.0090817356205853e-05	0.0018970736629667004
M43	M51	13	53	549	38921	3.8218968993662476e-13	1.0090817356205853e-05	0.0019071644803229063
N13	N39	18	304	230	38921	4.0899138001313486e-13	1.0090817356205853e-05	0.0019172552976791121
B24	F19	15	55	831	38921	4.1511827333372575e-13	1.0090817356205853e-05	0.001927346115035318
K29	K76	37	1116	314	38921	4.616825045264449e-13	1.0090817356205853e-05	0.0019374369323915239
K02	K03	6	216	8	38921	7.559595871530021e-13	1.0090817356205853e-05	0.0019475277497477297
B96	K29	10	15	1116	38921	9.5163939604098e-13	1.0090817356205853e-05	0.0019576185671039354
F40	F41	10	45	293	38921	1.267482199320854e-12	1.0090817356205853e-05	0.0019677093844601415
G40	K70	15	721	67	38921	1.2750530474826996e-12	1.0090817356205853e-05	0.001977800201816347
E10	E16	7	211	16	38921	1.3668110830618645e-12	1.0090817356205853e-05	0.001987891019172553
A16	B16	10	123	106	38921	1.6885147304617182e-12	1.0090817356205853e-05	0.001997981836528759
B18	K73	10	291	47	38921	1.8970454754371816e-12	1.0090817356205853e-05	0.002008072653884965
M23	M67	62	1755	515	38921	2.692640253403276e-12	1.0090817356205853e-05	0.0020181634712411706
J30	J32	19	150	618	38921	4.00047562141172e-12	1.0090817356205853e-05	0.0020282542885973766
F10	F70	18	1537	58	38921	4.950724685162079e-12	1.0090817356205853e-05	0.0020383451059535823
B27	K75	9	168	61	38921	5.994815070927077e-12	1.0090817356205853e-05	0.0020484359233097884
M13	M25	11	69	302	38921	6.258438283098618e-12	1.0090817356205853e-05	0.002058526740665994
E11	E78	13	68	540	38921	9.569726168347356e-12	1.0090817356205853e-05	0.0020686175580222
I45	I47	8	67	103	38921	1.0453219405125729e-11	1.0090817356205853e-05	0.0020787083753784057
D50	K50	10	72	220	38921	1.070843150108501e-11	1.0090817356205853e-05	0.002088799192734612
D18	I61	6	69	29	38921	1.1428150851472889e-11	1.0090817356205853e-05	0.0020988900100908175
N39	N41	9	230	49	38921	1.2565794519587791e-11	1.0090817356205853e-05	0.0021089808274470235
J03	J36	26	506	388	38921	1.3593482217708142e-11	1.0090817356205853e-05	0.002119071644803229
M22	M67	19	192	515	38921	1.4113375223660132e-11	1.0090817356205853e-05	0.0021291624621594353
M17	M22	9	59	192	38921	1.4552027294780382e-11	1.0090817356205853e-05	0.002139253279515641
N19	I10	10	32	552	38921	1.4805892829830123e-11	1.0090817356205853e-05	0.002149344096871847
F12	B17	14	260	176	38921	1.7510984360220913e-11	1.0090817356205853e-05	0.0021594349142280526
K00	K01	9	37	332	38921	2.163723721674942e-11	1.0090817356205853e-05	0.0021695257315842583
K21	K22	13	444	87	38921	2.2157346076953033e-11	1.0090817356205853e-05	0.0021796165489404644
I83	I87	7	378	14	38921	2.4958066379087393e-11	1.0090817356205853e-05	0.00218970736629667
K25	K44	12	101	303	38921	2.5631225234865526e-11	1.0090817356205853e-05	0.002199798183652876
M41	M54	12	42	783	38921	2.5725223146168905e-11	1.0090817356205853e-05	0.0022098890010090817
D64	D69	7	65	70	38921	2.8650663467608513e-11	1.0090817356205853e-05	0.002219979818365288
F60	F70	11	424	58	38921	3.241878830935046e-11	1.0090817356205853e-05	0.0022300706357214935
K20	K44	9	42	303	38921	3.320133259009291e-11	1.0090817356205853e-05	0.0022401614530776996
M19	M75	8	88	94	38921	4.6844002216558986e-11	1.0090817356205853e-05	0.002250252270433905
F32	K70	13	631	67	38921	5.385338267658853e-11	1.0090817356205853e-05	0.0022603430877901113
K29	K58	20	1116	112	38921	6.417065007279011e-11	1.0090817356205853e-05	0.002270433905146317
F17	K29	54	703	1116	38921	8.316187297823167e-11	1.0090817356205853e-05	0.002280524722502523
M42	M51	11	50	549	38921	9.050350465682808e-11	1.0090817356205853e-05	0.0022906155398587287
F43	F61	13	772	58	38921	9.242614266887005e-11	1.0090817356205853e-05	0.0023007063572149347
F12	F16	6	260	13	38921	1.383999620320186e-10	1.0090817356205853e-05	0.0023107971745711404
G40	G41	8	721	16	38921	1.506471726753168e-10	1.0090817356205853e-05	0.0023208879919273465
J18	J86	7	415	16	38921	1.5689584046842584e-10	1.0090817356205853e-05	0.002330978809283552
G43	G44	13	184	241	38921	1.608988191071774e-10	1.0090817356205853e-05	0.002341069626639758
F12	F33	12	260	137	38921	1.6262465700458824e-10	1.0090817356205853e-05	0.002351160443995964
F17	K76	26	703	314	38921	1.6410447569490842e-10	1.0090817356205853e-05	0.00236125126135217
K29	K52	67	1116	1002	38921	1.8834030628506086e-10	1.0090817356205853e-05	0.0023713420787083756
F17	F41	25	703	293	38921	1.9597658411423633e-10	1.0090817356205853e-05	0.002381432896064581
F25	F60	12	87	424	38921	2.0326947984344123e-10	1.0090817356205853e-05	0.0023915237134207873
H60	H66	7	53	114	38921	2.116079171290105e-10	1.0090817356205853e-05	0.002401614530776993
E11	E66	11	68	429	38921	2.2407193346289565e-10	1.0090817356205853e-05	0.002411705348133199
F12	F25	10	260	87	38921	3.790902355274888e-10	1.0090817356205853e-05	0.0024217961654894047
K50	K65	8	220	50	38921	4.015205637546553e-10	1.0090817356205853e-05	0.0024318869828456107
N31	N39	7	30	230	38921	4.164512326893448e-10	1.0090817356205853e-05	0.0024419778002018164
F30	F31	6	39	92	38921	4.528225707209072e-10	1.0090817356205853e-05	0.0024520686175580225
C62	D70	6	180	21	38921	4.609356305538754e-10	1.0090817356205853e-05	0.002462159434914228
M65	M94	12	239	163	38921	4.670016948322624e-10	1.0090817356205853e-05	0.002472250252270434
I80	I82	7	118	58	38921	5.201645013455095e-10	1.0090817356205853e-05	0.00248234106962664
F23	F61	9	296	58	38921	5.79115887799176e-10	1.0090817356205853e-05	0.002492431886982846
F12	F31	10	260	92	38921	6.63565037086292e-10	1.0090817356205853e-05	0.0025025227043390516
F34	F60	11	76	424	38921	6.841615011205581e-10	1.0090817356205853e-05	0.0025126135216952577
E66	I80	13	429	118	38921	7.224277050578113e-10	1.0090817356205853e-05	0.0025227043390514633
K01	K05	8	332	37	38921	8.02139148352837e-10	1.0090817356205853e-05	0.0025327951564076694
F17	J18	29	703	415	38921	8.033464615121667e-10	1.0090817356205853e-05	0.002542885973763875
A02	K52	17	101	1002	38921	8.829178470793358e-10	1.0090817356205853e-05	0.002552976791120081
H26	H52	7	48	155	38921	8.898551040867744e-10	1.0090817356205853e-05	0.0025630676084762868
F54	H81	6	25	167	38921	9.4370657505621e-10	1.0090817356205853e-05	0.002573158425832493
M24	M75	11	350	94	38921	9.438167479055952e-10	1.0090817356205853e-05	0.0025832492431886985
E11	E14	6	68	59	38921	9.5047833852622e-10	1.0090817356205853e-05	0.002593340060544904
N62	D24	6	260	17	38921	9.760246341353179e-10	1.0090817356205853e-05	0.00260343087790111
F19	B16	16	831	106	38921	9.978355613620428e-10	1.0090817356205853e-05	0.002613521695257316
N23	N39	15	322	230	38921	1.0877194617215476e-09	1.0090817356205853e-05	0.002623612512613522
F10	F63	10	1537	20	38921	1.152650539475828e-09	1.0090817356205853e-05	0.0026337033299697276
D50	K92	8	72	173	38921	1.2163603461647775e-09	1.0090817356205853e-05	0.0026437941473259337
M17	M21	6	59	71	38921	1.2393448770444847e-09	1.0090817356205853e-05	0.0026538849646821393
C43	D22	7	61	130	38921	1.4792367764072983e-09	1.0090817356205853e-05	0.0026639757820383454
K22	K44	10	87	303	38921	1.6620833904031276e-09	1.0090817356205853e-05	0.002674066599394551
F17	J20	18	703	167	38921	1.7057325020658009e-09	1.0090817356205853e-05	0.002684157416750757
F41	I10	21	293	552	38921	1.7820150583876398e-09	1.0090817356205853e-05	0.0026942482341069628
K73	B17	7	47	176	38921	1.8516891686345129e-09	1.0090817356205853e-05	0.002704339051463169
K26	K44	12	146	303	38921	1.9390563650119478e-09	1.0090817356205853e-05	0.0027144298688193745
K29	K80	27	1116	241	38921	1.9918505075995863e-09	1.0090817356205853e-05	0.0027245206861755806
I47	I49	7	103	80	38921	2.0037181449662172e-09	1.0090817356205853e-05	0.0027346115035317862
K51	K52	19	135	1002	38921	2.105846980368845e-09	1.0090817356205853e-05	0.0027447023208879923
F33	F43	17	137	772	38921	2.2008568917105758e-09	1.0090817356205853e-05	0.002754793138244198
F12	F32	21	260	631	38921	2.2143575454871253e-09	1.0090817356205853e-05	0.002764883955600404
J45	L20	10	328	83	38921	2.2242399091961665e-09	1.0090817356205853e-05	0.0027749747729566097
I20	I51	6	49	95	38921	2.314544350166469e-09	1.0090817356205853e-05	0.0027850655903128158
I47	I48	7	103	82	38921	2.387631062217585e-09	1.0090817356205853e-05	0.0027951564076690214
K35	K37	18	1442	87	38921	2.649311379457146e-09	1.0090817356205853e-05	0.002805247225025227
F11	B16	11	342	106	38921	2.715588348073969e-09	1.0090817356205853e-05	0.002815338042381433
F60	K70	10	424	67	38921	3.0208216222572796e-09	1.0090817356205853e-05	0.0028254288597376388
N43	N45	11	180	203	38921	3.238173478065836e-09	1.0090817356205853e-05	0.002835519677093845
K22	K29	16	87	1116	38921	3.298113052601987e-09	1.0090817356205853e-05	0.0028456104944500505
F19	K73	11	831	47	38921	3.40379977857665e-09	1.0090817356205853e-05	0.0028557013118062566
F10	F11	39	1537	342	38921	3.6729080971869933e-09	1.0090817356205853e-05	0.0028657921291624622
I31	I51	6	53	95	38921	3.7701456005819e-09	1.0090817356205853e-05	0.0028758829465186683
F13	F41	12	161	293	38921	4.0616179911705104e-09	1.0090817356205853e-05	0.002885973763874874
K81	K85	6	40	129	38921	4.1255465441557186e-09	1.0090817356205853e-05	0.00289606458123108
H35	I10	11	70	552	38921	4.301212164708245e-09	1.0090817356205853e-05	0.0029061553985872857
A15	B16	7	87	106	38921	4.441281926359743e-09	1.0090817356205853e-05	0.0029162462159434918
K25	K26	8	101	146	38921	4.86458330627217e-09	1.0090817356205853e-05	0.0029263370332996974
J30	J35	26	150	1786	38921	5.124129537202507e-09	1.0090817356205853e-05	0.0029364278506559035
F40	K02	7	45	216	38921	5.580431903136112e-09	1.0090817356205853e-05	0.002946518668012109
I45	I48	6	67	82	38921	6.537464926414792e-09	1.0090817356205853e-05	0.0029566094853683152
F19	G40	42	831	721	38921	6.5720819339179766e-09	1.0090817356205853e-05	0.002966700302724521
I26	J18	9	55	415	38921	6.7363863136445665e-09	1.0090817356205853e-05	0.002976791120080727
I10	I12	6	552	12	38921	6.808006161064042e-09	1.0090817356205853e-05	0.0029868819374369326
M20	M21	6	78	71	38921	6.8752905286760915e-09	1.0090817356205853e-05	0.0029969727547931387
M25	M65	14	302	239	38921	6.879010616420234e-09	1.0090817356205853e-05	0.0030070635721493443
H25	H33	6	41	137	38921	6.920809912575953e-09	1.0090817356205853e-05	0.00301715438950555
E78	F32	30	540	631	38921	7.003322563990609e-09	1.0090817356205853e-05	0.003027245206861756
M43	M54	11	53	783	38921	7.200859328308372e-09	1.0090817356205853e-05	0.0030373360242179617
E79	F17	20	229	703	38921	8.531827514104915e-09	1.0090817356205853e-05	0.0030474268415741678
M50	M51	9	44	549	38921	9.466329394560767e-09	1.0090817356205853e-05	0.0030575176589303734
F13	F32	16	161	631	38921	9.724217460788075e-09	1.0090817356205853e-05	0.0030676084762865795
K36	K66	6	131	46	38921	1.086381806246963e-08	1.0090817356205853e-05	0.003077699293642785
F41	F42	7	293	38	38921	1.3181820639429972e-08	1.0090817356205853e-05	0.0030877901109989912
F14	F43	13	85	772	38921	1.323906629378469e-08	1.0090817356205853e-05	0.003097880928355197
K50	K63	8	220	78	38921	1.5311367608078076e-08	1.0090817356205853e-05	0.003107971745711403
C71	G40	8	26	721	38921	1.5523592910716427e-08	1.0090817356205853e-05	0.0031180625630676086
G51	A69	6	146	45	38921	1.8139153850115135e-08	1.0090817356205853e-05	0.0031281533804238147
F32	G44	19	631	241	38921	1.8971046118890428e-08	1.0090817356205853e-05	0.0031382441977800203
J30	J33	8	150	118	38921	2.062002631232345e-08	1.0090817356205853e-05	0.0031483350151362264
E78	K29	41	540	1116	38921	2.1521607642823722e-08	1.0090817356205853e-05	0.003158425832492432
F17	F32	34	703	631	38921	2.1984505160519244e-08	1.0090817356205853e-05	0.003168516649848638
E78	K71	9	540	49	38921	2.2369228578079347e-08	1.0090817356205853e-05	0.003178607467204844
M93	M94	8	111	163	38921	2.4380516807701094e-08	1.0090817356205853e-05	0.00318869828456105
F20	F29	7	400	31	38921	2.443091617760329e-08	1.0090817356205853e-05	0.0031987891019172555
D43	G40	9	38	721	38921	2.4655915190782556e-08	1.0090817356205853e-05	0.0032088799192734616
F79	G40	9	38	721	38921	2.4655915190782556e-08	1.0090817356205853e-05	0.0032189707366296672
K29	K31	9	1116	26	38921	2.5547824593346412e-08	1.0090817356205853e-05	0.003229061553985873
F41	F43	23	293	772	38921	2.886538768222636e-08	1.0090817356205853e-05	0.003239152371342079
E78	K70	10	540	67	38921	2.9711920433238783e-08	1.0090817356205853e-05	0.0032492431886982846
F41	F60	17	293	424	38921	3.048358860736655e-08	1.0090817356205853e-05	0.0032593340060544907
M65	M93	9	239	111	38921	3.1316901054490364e-08	1.0090817356205853e-05	0.0032694248234106963
F14	F60	10	85	424	38921	3.202137898539251e-08	1.0090817356205853e-05	0.0032795156407669024
F23	F43	23	296	772	38921	3.483189083304542e-08	1.0090817356205853e-05	0.003289606458123108
F60	G40	27	424	721	38921	3.651501826872871e-08	1.0090817356205853e-05	0.003299697275479314
E86	A09	11	63	763	38921	3.73067551050825e-08	1.0090817356205853e-05	0.00330978809283552
F31	F33	7	92	137	38921	3.91669174917032e-08	1.0090817356205853e-05	0.003319878910191726
L20	B00	6	83	89	38921	3.947796674768973e-08	1.0090817356205853e-05	0.0033299697275479315
F44	F60	8	47	424	38921	4.027767028399051e-08	1.0090817356205853e-05	0.0033400605449041376
N39	N45	11	230	203	38921	4.10156850534626e-08	1.0090817356205853e-05	0.0033501513622603432
F32	F34	11	631	76	38921	4.1167332173440876e-08	1.0090817356205853e-05	0.0033602421796165493
F19	F33	16	831	137	38921	4.335675494764981e-08	1.0090817356205853e-05	0.003370332996972755
F17	G58	12	703	85	38921	4.341559571226747e-08	1.0090817356205853e-05	0.003380423814328961
M47	M51	9	52	549	38921	4.4446198817945e-08	1.0090817356205853e-05	0.0033905146316851667
A16	J44	6	123	62	38921	4.685094553476598e-08	1.0090817356205853e-05	0.0034006054490413728
K00	K04	6	37	213	38921	5.051463289480377e-08	1.0090817356205853e-05	0.0034106962663975784
F11	F32	22	342	631	38921	5.787150221860415e-08	1.0090817356205853e-05	0.0034207870837537845
K63	K92	7	78	173	38921	6.146644647418993e-08	1.0090817356205853e-05	0.00343087790110999
F25	F31	6	87	92	38921	6.399570749128419e-08	1.0090817356205853e-05	0.0034409687184661962
J45	J96	7	328	43	38921	7.03369976703738e-08	1.0090817356205853e-05	0.003451059535822402
E78	M54	32	540	783	38921	7.528642458647696e-08	1.0090817356205853e-05	0.0034611503531786075
F60	B17	13	424	176	38921	8.084741012537906e-08	1.0090817356205853e-05	0.0034712411705348136
F19	J69	9	831	38	38921	8.267003866675898e-08	1.0090817356205853e-05	0.0034813319878910193
I31	J18	8	53	415	38921	9.102970760181045e-08	1.0090817356205853e-05	0.0034914228052472253
F11	J96	7	342	43	38921	9.34251192815387e-08	1.0090817356205853e-05	0.003501513622603431
M65	M66	6	239	37	38921	9.981208785434834e-08	1.0090817356205853e-05	0.003511604439959637
K76	K85	10	314	129	38921	1.0674036084432736e-07	1.0090817356205853e-05	0.0035216952573158427
F20	F79	7	400	38	38921	1.1021169492916782e-07	1.0090817356205853e-05	0.003531786074672049
N39	G82	6	230	39	38921	1.1057404589672896e-07	1.0090817356205853e-05	0.0035418768920282544
H65	H66	6	77	114	38921	1.1065241185203532e-07	1.0090817356205853e-05	0.0035519677093844605
F17	J42	7	703	23	38921	1.1605157993735543e-07	1.0090817356205853e-05	0.003562058526740666
K01	K10	7	332	46	38921	1.241118379348387e-07	1.0090817356205853e-05	0.0035721493440968722
I10	I42	8	552	43	38921	1.4587939711906532e-07	1.0090817356205853e-05	0.003582240161453078
L02	L73	9	597	55	38921	1.5022360365359137e-07	1.0090817356205853e-05	0.003592330978809284
M17	M94	6	59	163	38921	1.844605691783694e-07	1.0090817356205853e-05	0.0036024217961654896
M16	M25	6	33	302	38921	1.9283604925952596e-07	1.0090817356205853e-05	0.0036125126135216957
M22	M24	12	192	350	38921	2.012060763025908e-07	1.0090817356205853e-05	0.0036226034308779013
F23	F60	16	296	424	38921	2.0362799714079762e-07	1.0090817356205853e-05	0.0036326942482341074
H83	H91	10	142	306	38921	2.0739864814048667e-07	1.0090817356205853e-05	0.003642785065590313
K07	K10	6	217	46	38921	2.179383181463382e-07	1.0090817356205853e-05	0.003652875882946519
K61	L02	21	359	597	38921	2.2539572263401505e-07	1.0090817356205853e-05	0.003662966700302725
F17	J40	11	703	81	38921	2.3802420127769057e-07	1.0090817356205853e-05	0.0036730575176589304
F10	F34	15	1537	76	38921	2.4350087368505893e-07	1.0090817356205853e-05	0.0036831483350151365
N47	L90	13	962	88	38921	2.573316162891988e-07	1.0090817356205853e-05	0.003693239152371342
L02	L74	8	597	43	38921	2.6436727649800344e-07	1.0090817356205853e-05	0.0037033299697275483
F32	K76	20	631	314	38921	2.6971392162205187e-07	1.0090817356205853e-05	0.003713420787083754
F34	F43	11	76	772	38921	3.093003563142918e-07	1.0090817356205853e-05	0.00372351160443996
K50	K52	21	220	1002	38921	3.096931104687007e-07	1.0090817356205853e-05	0.0037336024217961656
F43	F44	9	772	47	38921	3.150790326757414e-07	1.0090817356205853e-05	0.0037436932391523717
F10	F61	13	1537	58	38921	3.2442808281735676e-07	1.0090817356205853e-05	0.0037537840565085774
N47	A63	26	962	334	38921	3.3284652793362414e-07	1.0090817356205853e-05	0.0037638748738647834
C43	D48	6	61	175	38921	3.429399219407231e-07	1.0090817356205853e-05	0.003773965691220989
A41	J18	6	27	415	38921	3.471351493099341e-07	1.0090817356205853e-05	0.003784056508577195
F17	J93	18	703	236	38921	3.6140445696786374e-07	1.0090817356205853e-05	0.003794147325933401
H35	H52	6	70	155	38921	3.845398376240058e-07	1.0090817356205853e-05	0.003804238143289607
E66	K57	8	429	62	38921	4.102354654908653e-07	1.0090817356205853e-05	0.0038143289606458125
F45	G44	11	244	241	38921	4.190694898256149e-07	1.0090817356205853e-05	0.0038244197780020186
I10	I45	9	552	67	38921	4.4811695234689316e-07	1.0090817356205853e-05	0.0038345105953582243
F43	F45	19	772	244	38921	5.147070609475153e-07	1.0090817356205853e-05	0.0038446014127144303
G40	G93	9	721	53	38921	5.232347074170342e-07	1.0090817356205853e-05	0.003854692230070636
M23	M93	19	1755	111	38921	5.382083601381947e-07	1.0090817356205853e-05	0.003864783047426842
F17	F45	18	703	244	38921	5.892282244211343e-07	1.0090817356205853e-05	0.0038748738647830477
H93	M53	10	397	125	38921	6.818041225630792e-07	1.0090817356205853e-05	0.0038849646821392534
H90	J30	6	80	150	38921	7.03976846013966e-07	1.0090817356205853e-05	0.0038950554994954594
F17	K21	25	703	444	38921	7.212912343895179e-07	1.0090817356205853e-05	0.003905146316851665
K76	K80	12	314	241	38921	7.22753152330874e-07	1.0090817356205853e-05	0.003915237134207871
F13	F34	6	161	76	38921	7.852162420908605e-07	1.0090817356205853e-05	0.003925327951564077
J01	J20	8	170	167	38921	7.881428756242365e-07	1.0090817356205853e-05	0.003935418768920283
F43	K70	10	772	67	38921	7.959383098344041e-07	1.0090817356205853e-05	0.003945509586276489
F20	F32	22	400	631	38921	8.414202651608829e-07	1.0090817356205853e-05	0.003955600403632694
E78	F41	17	540	293	38921	9.153700259914592e-07	1.0090817356205853e-05	0.0039656912209889
N45	N50	7	203	99	38921	9.391431477908458e-07	1.0090817356205853e-05	0.003975782038345106
K70	K76	7	67	314	38921	1.195450818242338e-06	1.0090817356205853e-05	0.0039858728557013124
K50	K60	10	220	239	38921	1.219169324499858e-06	1.0090817356205853e-05	0.003995963673057518
M24	M67	18	350	515	38921	1.2671091604646578e-06	1.0090817356205853e-05	0.004006054490413724
M21	M25	7	71	302	38921	1.3737632512688992e-06	1.0090817356205853e-05	0.00401614530776993
F17	F19	36	703	831	38921	1.67894888017128e-06	1.0090817356205853e-05	0.004026236125126136
F17	J44	9	703	62	38921	1.6796113917002027e-06	1.0090817356205853e-05	0.004036326942482341
M51	M96	6	549	27	38921	1.7636798865843073e-06	1.0090817356205853e-05	0.004046417759838547
A41	I10	6	27	552	38921	1.820028454259612e-06	1.0090817356205853e-05	0.004056508577194753
F43	F63	6	772	20	38921	1.8258467869257327e-06	1.0090817356205853e-05	0.004066599394550959
N50	I86	10	99	573	38921	2.132095542303465e-06	1.0090817356205853e-05	0.0040766902119071646
F44	G40	8	47	721	38921	2.217406801183308e-06	1.0090817356205853e-05	0.004086781029263371
N18	N39	6	64	230	38921	2.246466067632555e-06	1.0090817356205853e-05	0.004096871846619577
E10	I10	14	211	552	38921	2.262622548474781e-06	1.0090817356205853e-05	0.004106962663975782
G40	G80	6	721	22	38921	2.2929315694830156e-06	1.0090817356205853e-05	0.004117053481331988
F17	I48	10	703	82	38921	2.3033702001335493e-06	1.0090817356205853e-05	0.004127144298688194
N20	N30	6	691	23	38921	2.3911280897145553e-06	1.0090817356205853e-05	0.0041372351160444
J35	J39	12	1786	51	38921	2.5182577567331817e-06	1.0090817356205853e-05	0.004147325933400605
F10	K71	11	1537	49	38921	2.5675293771436696e-06	1.0090817356205853e-05	0.0041574167507568115
M22	M25	10	192	302	38921	2.909631561240813e-06	1.0090817356205853e-05	0.0041675075681130175
G47	J34	36	260	2345	38921	2.9244897024587906e-06	1.0090817356205853e-05	0.004177598385469224
J15	J18	9	111	415	38921	3.1659054274145997e-06	1.0090817356205853e-05	0.004187689202825429
M22	M65	9	192	239	38921	3.2568578620127914e-06	1.0090817356205853e-05	0.004197780020181635
F17	K70	9	703	67	38921	3.2671905532943844e-06	1.0090817356205853e-05	0.004207870837537841
E66	K80	13	429	241	38921	3.2754983816458895e-06	1.0090817356205853e-05	0.004217961654894047
F20	F25	8	400	87	38921	3.341399827739253e-06	1.0090817356205853e-05	0.004228052472250252
E78	M51	23	540	549	38921	3.433777016625281e-06	1.0090817356205853e-05	0.004238143289606458
F11	K73	6	342	47	38921	3.491949282247092e-06	1.0090817356205853e-05	0.0042482341069626645
H66	H91	8	114	306	38921	3.5631101442288765e-06	1.0090817356205853e-05	0.0042583249243188705
M21	M24	7	71	350	38921	3.635204837435167e-06	1.0090817356205853e-05	0.004268415741675076
F17	F60	23	703	424	38921	3.6995003179862243e-06	1.0090817356205853e-05	0.004278506559031282
D64	I10	8	65	552	38921	3.863403788757943e-06	1.0090817356205853e-05	0.004288597376387488
I51	J03	9	95	506	38921	4.316118199709202e-06	1.0090817356205853e-05	0.004298688193743694
K26	K92	7	146	173	38921	4.37885482991585e-06	1.0090817356205853e-05	0.004308779011099899
L02	L03	17	597	299	38921	4.613891080506965e-06	1.0090817356205853e-05	0.004318869828456105
F19	J15	12	831	111	38921	4.739555719636167e-06	1.0090817356205853e-05	0.004328960645812311
F23	F70	6	296	58	38921	5.340323492134079e-06	1.0090817356205853e-05	0.004339051463168517
I10	I20	7	552	49	38921	5.699744413142847e-06	1.0090817356205853e-05	0.004349142280524723
F11	F43	21	342	772	38921	6.019581272097793e-06	1.0090817356205853e-05	0.004359233097880929
K29	K50	20	1116	220	38921	6.344810876786964e-06	1.0090817356205853e-05	0.004369323915237135
F11	F60	15	342	424	38921	6.409909141255803e-06	1.0090817356205853e-05	0.00437941473259334
M17	M25	6	59	302	38921	6.623241361718873e-06	1.0090817356205853e-05	0.004389505549949546
N43	K40	19	180	1258	38921	6.669700005818103e-06	1.0090817356205853e-05	0.004399596367305752
F32	F40	7	631	45	38921	7.572291970328561e-06	1.0090817356205853e-05	0.004409687184661958
D10	J34	12	44	2345	38921	7.677685543347997e-06	1.0090817356205853e-05	0.0044197780020181635
J06	J20	8	234	167	38921	8.436894302556485e-06	1.0090817356205853e-05	0.00442986881937437
F34	F45	6	76	244	38921	8.647719634853141e-06	1.0090817356205853e-05	0.004439959636730576
J31	J35	11	48	1786	38921	8.656268490109683e-06	1.0090817356205853e-05	0.004450050454086782
F17	I51	10	703	95	38921	8.818472362530757e-06	1.0090817356205853e-05	0.004460141271442987
M47	M54	8	52	783	38921	8.915179369333333e-06	1.0090817356205853e-05	0.004470232088799193
F32	F50	6	631	31	38921	9.245375511089226e-06	1.0090817356205853e-05	0.004480322906155399
K60	K62	7	239	119	38921	9.41973191099092e-06	1.0090817356205853e-05	0.004490413723511605
L03	L60	10	299	223	38921	9.988022057417023e-06	1.0090817356205853e-05	0.00450050454086781
F32	F44	7	631	47	38921	1.0204388189902299e-05	1.0090817356205853e-05	0.0045105953582240165
L02	L72	19	597	386	38921	1.0295892698717755e-05	1.0090817356205853e-05	0.0045206861755802226
E73	K52	7	31	1002	38921	1.1243570768450475e-05	1.0090817356205853e-05	0.004530776992936428
E03	E66	7	69	429	38921	1.1274581261461148e-05	1.0090817356205853e-05	0.004540867810292634
M12	M23	7	19	1755	38921	1.1689389308220607e-05	1.0090817356205853e-05	0.00455095862764884
N17	I10	7	55	552	38921	1.251225457514414e-05	1.0090817356205853e-05	0.004561049445005046
F71	G40	6	29	721	38921	1.3071542828750392e-05	1.0090817356205853e-05	0.004571140262361251
I84	K92	11	490	173	38921	1.360509459652261e-05	1.0090817356205853e-05	0.004581231079717457
J18	J45	14	415	328	38921	1.3853559622339528e-05	1.0090817356205853e-05	0.004591321897073663
J02	J03	8	85	506	38921	1.5471638246323873e-05	1.0090817356205853e-05	0.0046014127144298695
J01	J18	10	170	415	38921	1.5919201972901993e-05	1.0090817356205853e-05	0.004611503531786075
K40	K42	16	1258	143	38921	1.683391095835655e-05	1.0090817356205853e-05	0.004621594349142281
F10	F41	28	1537	293	38921	1.7156191569550174e-05	1.0090817356205853e-05	0.004631685166498487
M19	M65	6	88	239	38921	1.7920401466493097e-05	1.0090817356205853e-05	0.004641775983854693
E78	K21	19	540	444	38921	1.7955623516029908e-05	1.0090817356205853e-05	0.004651866801210898
K21	K76	14	444	314	38921	1.801894321536276e-05	1.0090817356205853e-05	0.004661957618567104
E11	K76	6	68	314	38921	1.8897555894720713e-05	1.0090817356205853e-05	0.00467204843592331
F31	F32	9	92	631	38921	1.9211439133518817e-05	1.0090817356205853e-05	0.004682139253279516
F43	F71	6	772	29	38921	1.9217656213898046e-05	1.0090817356205853e-05	0.004692230070635722
I10	I25	6	552	40	38921	2.0186183467224712e-05	1.0090817356205853e-05	0.004702320887991928
J31	J34	12	48	2345	38921	2.0254703781681183e-05	1.0090817356205853e-05	0.004712411705348134
F17	B17	13	703	176	38921	2.099565049060894e-05	1.0090817356205853e-05	0.00472250252270434
J18	B17	10	415	176	38921	2.148432868527684e-05	1.0090817356205853e-05	0.004732593340060545
A16	B17	6	123	176	38921	2.1532144848939304e-05	1.0090817356205853e-05	0.004742684157416751
J03	B00	8	506	89	38921	2.1700131466072568e-05	1.0090817356205853e-05	0.004752774974772957
F10	B17	20	1537	176	38921	2.32940717299191e-05	1.0090817356205853e-05	0.004762865792129162
F07	F10	10	51	1537	38921	2.607972003936382e-05	1.0090817356205853e-05	0.0047729566094853685
F17	K71	7	703	49	38921	2.7059664653850894e-05	1.0090817356205853e-05	0.004793138244197781
F17	I20	7	703	49	38921	2.7059664653850894e-05	1.0090817356205853e-05	0.004783047426841575
K01	K12	9	332	181	38921	2.790784121096313e-05	1.0090817356205853e-05	0.004803229061553986
F10	F14	13	1537	85	38921	2.8261857054267273e-05	1.0090817356205853e-05	0.004813319878910192
K04	K07	8	213	217	38921	2.8396784756365048e-05	1.0090817356205853e-05	0.004823410696266398
J30	M95	8	150	309	38921	2.8586574782037606e-05	1.0090817356205853e-05	0.004833501513622604
M54	M62	9	783	79	38921	3.0212222408230794e-05	1.0090817356205853e-05	0.004843592330978809
F11	F33	8	342	137	38921	3.0629530151615365e-05	1.0090817356205853e-05	0.004853683148335015
E11	F17	8	68	703	38921	3.099049203415788e-05	1.0090817356205853e-05	0.0048637739656912215
F32	F42	6	631	38	38921	3.1483856877662856e-05	1.0090817356205853e-05	0.004873864783047428
K21	K92	10	444	173	38921	3.2838756407128596e-05	1.0090817356205853e-05	0.004883955600403633
K29	K51	14	1116	135	38921	3.575171154495779e-05	1.0090817356205853e-05	0.004894046417759839
M25	M62	6	302	79	38921	3.5884178802723974e-05	1.0090817356205853e-05	0.004904137235116045
B18	F10	27	291	1537	38921	4.032361924029221e-05	1.0090817356205853e-05	0.004914228052472251
K44	K76	11	303	314	38921	4.0608951812571584e-05	1.0090817356205853e-05	0.004924318869828456
F07	G40	7	51	721	38921	4.1476346527832505e-05	1.0090817356205853e-05	0.004934409687184662
F32	F61	7	631	58	38921	4.1826254205161636e-05	1.0090817356205853e-05	0.004944500504540868
J01	K04	7	170	213	38921	4.503084684592833e-05	1.0090817356205853e-05	0.004954591321897074
H65	J35	13	77	1786	38921	4.5217619146331316e-05	1.0090817356205853e-05	0.00496468213925328
E14	E66	6	59	429	38921	4.7629380892122226e-05	1.0090817356205853e-05	0.004974772956609486
E03	E78	7	69	540	38921	4.884826758826804e-05	1.0090817356205853e-05	0.004984863773965692
E11	I10	7	68	552	38921	5.100433087478628e-05	1.0090817356205853e-05	0.004994954591321897
F45	I10	13	244	552	38921	5.264229997633367e-05	1.0090817356205853e-05	0.005005045408678103
D17	K42	6	178	143	38921	5.3483333565830355e-05	1.0090817356205853e-05	0.005015136226034309
A16	J18	8	123	415	38921	5.5301981098857034e-05	1.0090817356205853e-05	0.005025227043390515
E03	I10	7	69	552	38921	5.6075255544416886e-05	1.0090817356205853e-05	0.0050353178607467205
H81	H91	8	167	306	38921	5.72415986623047e-05	1.0090817356205853e-05	0.005045408678102927
F17	I26	7	703	55	38921	5.82127905692555e-05	1.0090817356205853e-05	0.005055499495459133
F07	F43	7	51	772	38921	6.373805551811428e-05	1.0090817356205853e-05	0.005065590312815339
F10	F20	33	1537	400	38921	6.394714369996212e-05	1.0090817356205853e-05	0.005075681130171544
I10	I51	8	552	95	38921	6.418959924078379e-05	1.0090817356205853e-05	0.00508577194752775
G40	J69	6	721	38	38921	6.59376937788868e-05	1.0090817356205853e-05	0.005095862764883956
M19	M25	6	88	302	38921	6.59984524491886e-05	1.0090817356205853e-05	0.005105953582240162
D17	K40	17	178	1258	38921	7.1791893149597e-05	1.0090817356205853e-05	0.005116044399596367
F14	F32	8	85	631	38921	7.342961814255775e-05	1.0090817356205853e-05	0.0051261352169525735
K51	A09	11	135	763	38921	7.58671158758445e-05	1.0090817356205853e-05	0.00513622603430878
A46	L03	8	178	299	38921	7.622548850183825e-05	1.0090817356205853e-05	0.005146316851664986
G40	G82	6	721	39	38921	7.671198543161407e-05	1.0090817356205853e-05	0.005156407669021191
M24	M62	6	350	79	38921	8.106966167082e-05	1.0090817356205853e-05	0.005166498486377397
J32	J45	16	618	328	38921	8.40867158407954e-05	1.0090817356205853e-05	0.005176589303733603
F33	F41	7	137	293	38921	8.519075002281492e-05	1.0090817356205853e-05	0.005186680121089808
F12	F17	15	260	703	38921	8.907252012096589e-05	1.0090817356205853e-05	0.005196770938446014
F19	K70	8	831	67	38921	8.961343394021063e-05	1.0090817356205853e-05	0.00520686175580222
F10	F15	6	1537	20	38921	9.029749020820967e-05	1.0090817356205853e-05	0.0052169525731584265
M65	M67	12	239	515	38921	9.266768673336111e-05	1.0090817356205853e-05	0.005227043390514632
B18	F32	15	291	631	38921	9.490535611584176e-05	1.0090817356205853e-05	0.005237134207870838
F70	G40	7	58	721	38921	9.630996417928867e-05	1.0090817356205853e-05	0.005247225025227044
K29	K81	7	1116	40	38921	0.0001274631981196766	1.0090817356205853e-05	0.00525731584258325
E78	F33	9	540	137	38921	0.00013285227292480402	1.0090817356205853e-05	0.005267406659939455
F45	K44	9	244	303	38921	0.00013786781108249182	1.0090817356205853e-05	0.005277497477295661
E78	G35	8	540	110	38921	0.0001549231188700513	1.0090817356205853e-05	0.005287588294651867
E14	E78	6	59	540	38921	0.0001676602474559136	1.0090817356205853e-05	0.005297679112008073
F10	K85	15	1537	129	38921	0.00018189147711254288	1.0090817356205853e-05	0.005307769929364279
J06	J45	9	234	328	38921	0.00018206702799909957	1.0090817356205853e-05	0.005317860746720485
F17	J15	9	703	111	38921	0.00019118398543141083	1.0090817356205853e-05	0.005327951564076691
M23	M66	8	1755	37	38921	0.00020126368247172152	1.0090817356205853e-05	0.005338042381432897
D50	K29	9	72	1116	38921	0.00021375904570526696	1.0090817356205853e-05	0.005348133198789102
F13	G40	11	161	721	38921	0.00022135062619753842	1.0090817356205853e-05	0.005358224016145308
J01	J34	23	170	2345	38921	0.00023786639017374996	1.0090817356205853e-05	0.005368314833501514
M50	M54	6	44	783	38921	0.00023935654573906367	1.0090817356205853e-05	0.00537840565085772
E78	E86	6	540	63	38921	0.00024129179930001293	1.0090817356205853e-05	0.0053884964682139255
J18	J93	10	415	236	38921	0.00024596310202148856	1.0090817356205853e-05	0.005398587285570132
K44	K58	6	303	112	38921	0.0002539299573715532	1.0090817356205853e-05	0.005408678102926338
E78	G43	10	540	184	38921	0.0002707679091826432	1.0090817356205853e-05	0.005418768920282543
J03	J06	11	506	234	38921	0.0002729879326398641	1.0090817356205853e-05	0.005428859737638749
E03	G40	7	69	721	38921	0.0002899765930255434	1.0090817356205853e-05	0.005438950554994955
M25	M94	7	302	163	38921	0.00029992979001446	1.0090817356205853e-05	0.005449041372351161
F17	M47	6	703	52	38921	0.00034150437813927723	1.0090817356205853e-05	0.005459132189707366
F10	K76	26	1537	314	38921	0.00034390225984992135	1.0090817356205853e-05	0.0054692230070635724
M51	M53	8	549	125	38921	0.000414188620029645	1.0090817356205853e-05	0.0054793138244197785
K44	K92	7	303	173	38921	0.0004379591510270604	1.0090817356205853e-05	0.005489404641775985
E78	K85	8	540	129	38921	0.0004586597388158352	1.0090817356205853e-05	0.00549949545913219
M00	M23	7	32	1755	38921	0.0004666129870163434	1.0090817356205853e-05	0.005509586276488396
F45	M54	14	244	783	38921	0.00047297731347644404	1.0090817356205853e-05	0.005519677093844602
E66	K21	14	429	444	38921	0.0004746880683220918	1.0090817356205853e-05	0.005529767911200808
E78	F10	38	540	1537	38921	0.0004886761415889237	1.0090817356205853e-05	0.005539858728557013
F25	F32	7	87	631	38921	0.0005428100936791762	1.0090817356205853e-05	0.005549949545913219
J20	J45	7	167	328	38921	0.0005675788640637847	1.0090817356205853e-05	0.005560040363269425
N48	I86	13	303	573	38921	0.0006250307328494283	1.0090817356205853e-05	0.0055701311806256315
F10	F79	7	1537	38	38921	0.000636245997292891	1.0090817356205853e-05	0.005580221997981837
K44	K80	8	303	241	38921	0.0006470284116568575	1.0090817356205853e-05	0.005590312815338043
E87	G40	6	58	721	38921	0.0007068852868074614	1.0090817356205853e-05	0.005600403632694249
F13	F17	10	161	703	38921	0.0007330764717521376	1.0090817356205853e-05	0.005610494450050454
F45	K29	17	244	1116	38921	0.0007436953832087991	1.0090817356205853e-05	0.00562058526740666
M25	M67	12	302	515	38921	0.0007747044811809645	1.0090817356205853e-05	0.005630676084762866
E66	J18	13	429	415	38921	0.0007940143009859776	1.0090817356205853e-05	0.005640766902119072
K44	K59	7	303	192	38921	0.0008116903225258593	1.0090817356205853e-05	0.0056508577194752775
F19	F22	6	831	52	38921	0.000821092510716781	1.0090817356205853e-05	0.005660948536831484
M51	M62	6	549	79	38921	0.0008922571682307995	1.0090817356205853e-05	0.00567103935418769
E03	F32	6	69	631	38921	0.0008948018304956671	1.0090817356205853e-05	0.005681130171543896
H93	J30	7	397	150	38921	0.0009202583397129795	1.0090817356205853e-05	0.005691220988900101
E86	F17	6	63	703	38921	0.0009641553890505295	1.0090817356205853e-05	0.005701311806256307
M24	M53	6	350	125	38921	0.0009690038151509031	1.0090817356205853e-05	0.005711402623612513
K44	K52	18	303	1002	38921	0.0009735056819643326	1.0090817356205853e-05	0.005721493440968719
F41	M54	15	293	783	38921	0.0009779954395993777	1.0090817356205853e-05	0.0057315842583249245
E78	K58	7	540	112	38921	0.0009846797685627074	1.0090817356205853e-05	0.0057416750756811305
F10	F31	11	1537	92	38921	0.0010076798079349189	1.0090817356205853e-05	0.005751765893037337
E79	K29	16	229	1116	38921	0.0010189124770155203	1.0090817356205853e-05	0.005761856710393543
A15	F17	7	87	703	38921	0.0010202075969475742	1.0090817356205853e-05	0.005771947527749748
N17	F19	6	55	831	38921	0.0011077583370587966	1.0090817356205853e-05	0.005782038345105954
A63	K60	8	334	239	38921	0.0011468164770147365	1.0090817356205853e-05	0.00579212916246216
E86	K52	7	63	1002	38921	0.001159232135557245	1.0090817356205853e-05	0.005802219979818366
F45	J45	8	244	328	38921	0.0011661716636078034	1.0090817356205853e-05	0.005812310797174571
E78	K44	12	540	303	38921	0.00119449335359278	1.0090817356205853e-05	0.0058224016145307774
F19	F34	7	831	76	38921	0.0012027999149248085	1.0090817356205853e-05	0.0058324924318869835
E78	J30	8	540	150	38921	0.0012301043305486844	1.0090817356205853e-05	0.005842583249243189
B18	J18	10	291	415	38921	0.0012411841469812262	1.0090817356205853e-05	0.005852674066599395
K29	K85	11	1116	129	38921	0.0012590814291315285	1.0090817356205853e-05	0.005862764883955601
E66	M54	19	429	783	38921	0.001267650282432759	1.0090817356205853e-05	0.005872855701311807
G44	M54	13	241	783	38921	0.0013045707351901645	1.0090817356205853e-05	0.005882946518668012
G56	M67	8	159	515	38921	0.0013231338619888447	1.0090817356205853e-05	0.005893037336024218
G47	I10	11	260	552	38921	0.0013299871629393032	1.0090817356205853e-05	0.005903128153380424
G58	I10	6	85	552	38921	0.0013446353770757565	1.0090817356205853e-05	0.0059132189707366304
M23	M71	11	1755	84	38921	0.0013694112149780341	1.0090817356205853e-05	0.005923309788092836
K02	K07	6	216	217	38921	0.0013973456933736952	1.0090817356205853e-05	0.005933400605449042
I10	J30	8	552	150	38921	0.001412850505852584	1.0090817356205853e-05	0.005943491422805248
D14	J34	6	22	2345	38921	0.0015335858933886145	1.0090817356205853e-05	0.005953582240161454
G40	B17	10	721	176	38921	0.0017352610363446088	1.0090817356205853e-05	0.005963673057517659
K29	K63	8	1116	78	38921	0.0017746110937383265	1.0090817356205853e-05	0.005973763874873865
K21	K58	6	444	112	38921	0.0018440342084755817	1.0090817356205853e-05	0.005983854692230071
E87	F10	8	58	1537	38921	0.001923258636437338	1.0090817356205853e-05	0.005993945509586277
E03	K52	7	69	1002	38921	0.001979694953959152	1.0090817356205853e-05	0.0060040363269424826
I10	M53	7	552	125	38921	0.002103195721090689	1.0090817356205853e-05	0.006014127144298689
E78	G44	10	540	241	38921	0.0021309004075617355	1.0090817356205853e-05	0.006024217961654895
J18	J20	7	415	167	38921	0.0021932670027596645	1.0090817356205853e-05	0.0060343087790111
E78	F45	10	540	244	38921	0.002330711959535036	1.0090817356205853e-05	0.006044399596367306
F17	K25	7	703	101	38921	0.002420122210893792	1.0090817356205853e-05	0.006054490413723512
D16	M25	8	298	302	38921	0.0024295643693882374	1.0090817356205853e-05	0.006064581231079718
F17	K85	8	703	129	38921	0.0024517835072107247	1.0090817356205853e-05	0.006074672048435923
F60	K76	10	424	314	38921	0.0025310644139573874	1.0090817356205853e-05	0.0060847628657921295
D64	K29	7	65	1116	38921	0.0025629815152398644	1.0090817356205853e-05	0.0060948536831483355
K29	K71	6	1116	49	38921	0.0026781591154981447	1.0090817356205853e-05	0.006104944500504542
N39	K76	7	230	314	38921	0.0027820831687324615	1.0090817356205853e-05	0.006115035317860747
I10	K29	28	552	1116	38921	0.0028924534951131884	1.0090817356205853e-05	0.006125126135216953
M23	M76	7	1755	43	38921	0.0029012306755919217	1.0090817356205853e-05	0.006135216952573159
H90	J34	12	80	2345	38921	0.0029444067116486177	1.0090817356205853e-05	0.006145307769929365
K61	L05	23	359	1326	38921	0.0030889011486377404	1.0090817356205853e-05	0.00615539858728557
N20	N35	6	691	81	38921	0.0032246441001433927	1.0090817356205853e-05	0.006165489404641776
B18	G40	13	291	721	38921	0.0033075286340845302	1.0090817356205853e-05	0.0061755802219979825
J03	J18	13	506	415	38921	0.0033735701211845535	1.0090817356205853e-05	0.0061856710393541885
N39	J18	8	230	415	38921	0.0034592271407437422	1.0090817356205853e-05	0.006195761856710394
K52	K76	17	1002	314	38921	0.0034861358407811114	1.0090817356205853e-05	0.0062058526740666
F13	L02	8	161	597	38921	0.0035488732774971612	1.0090817356205853e-05	0.006215943491422806
E78	B16	6	540	106	38921	0.0036788399831479872	1.0090817356205853e-05	0.006226034308779012
F17	K44	13	703	303	38921	0.003761756179296936	1.0090817356205853e-05	0.006236125126135217
F17	J06	11	703	234	38921	0.0037680748106385716	1.0090817356205853e-05	0.006246215943491423
F32	G40	22	631	721	38921	0.0038642083588920897	1.0090817356205853e-05	0.006256306760847629
F19	J18	18	831	415	38921	0.00392569826542862	1.0090817356205853e-05	0.006266397578203835
N35	N47	7	81	962	38921	0.0039313549705762224	1.0090817356205853e-05	0.006276488395560041
K35	K56	12	1442	133	38921	0.003996126849208909	1.0090817356205853e-05	0.006286579212916247
F10	F30	6	1537	39	38921	0.00400728620499343	1.0090817356205853e-05	0.006296670030272453
F10	F22	7	1537	52	38921	0.004179093381261603	1.0090817356205853e-05	0.006306760847628658
I10	M54	21	552	783	38921	0.004443997554579349	1.0090817356205853e-05	0.006316851664984864
M21	M23	9	71	1755	38921	0.004532465858750201	1.0090817356205853e-05	0.00632694248234107
E79	F10	18	229	1537	38921	0.004542589986778908	1.0090817356205853e-05	0.006337033299697276
K29	A09	35	1116	763	38921	0.004801812708466478	1.0090817356205853e-05	0.0063471241170534815
A04	K21	6	136	444	38921	0.004826985052521232	1.0090817356205853e-05	0.006357214934409688
M54	M79	9	783	158	38921	0.004870183178148788	1.0090817356205853e-05	0.006367305751765894
N48	A63	8	303	334	38921	0.004919454507007414	1.0090817356205853e-05	0.0063773965691221
K76	M54	14	314	783	38921	0.00493707134972371	1.0090817356205853e-05	0.006387487386478305
F14	G40	6	85	721	38921	0.0050243112653088695	1.0090817356205853e-05	0.006397578203834511
F11	G40	14	342	721	38921	0.005084440453518656	1.0090817356205853e-05	0.006407669021190717
E10	F17	10	211	703	38921	0.0053007283509402155	1.0090817356205853e-05	0.006417759838546923
F19	L03	14	831	299	38921	0.005386366295051292	1.0090817356205853e-05	0.006427850655903128
N43	I86	8	180	573	38921	0.005421895159177655	1.0090817356205853e-05	0.0064379414732593345
A04	A09	8	136	763	38921	0.00551617467266857	1.0090817356205853e-05	0.0064480322906155406
E66	F41	9	429	293	38921	0.005548086560828965	1.0090817356205853e-05	0.006458123107971746
A04	K29	10	136	1116	38921	0.005958817199899682	1.0090817356205853e-05	0.006468213925327952
