ICD1	ICD2	val11	occ1	occ2	NN	pval	bonf_thresh	fdr_thresh
J32	J34	279	643	1456	53633	1.0745399901155423e-263	5.065856129685917e-06	5.065856129685917e-06
J34	M95	212	1456	317	53633	1.4012043162953182e-254	5.065856129685917e-06	1.0131712259371834e-05
F11	F13	122	300	249	53633	1.6433200211809056e-214	5.065856129685917e-06	1.5197568389057751e-05
N13	N20	183	619	578	53633	2.233720208380412e-214	5.065856129685917e-06	2.0263424518743667e-05
F32	F60	278	1482	955	53633	6.904211410694314e-204	5.065856129685917e-06	2.5329280648429583e-05
N80	N97	286	1328	1365	53633	9.344833924999865e-181	5.065856129685917e-06	3.0395136778115502e-05
F10	F60	205	950	955	53633	2.2453731001570385e-160	5.065856129685917e-06	3.546099290780142e-05
N20	N23	120	578	288	53633	1.5328911333416942e-159	5.065856129685917e-06	4.0526849037487334e-05
H91	H93	105	337	359	53633	2.331600315553359e-147	5.065856129685917e-06	4.559270516717325e-05
F43	F60	226	1470	955	53633	1.5494913960346123e-143	5.065856129685917e-06	5.0658561296859166e-05
N77	B37	62	64	281	53633	5.604916884993863e-142	5.065856129685917e-06	5.572441742654508e-05
F32	F43	270	1482	1470	53633	9.138209289832688e-142	5.065856129685917e-06	6.0790273556231004e-05
K29	K44	158	1751	340	53633	2.2731470342654334e-140	5.065856129685917e-06	6.585612968591691e-05
F33	F60	152	526	955	53633	1.3790673821868517e-138	5.065856129685917e-06	7.092198581560284e-05
N97	E28	138	1365	318	53633	2.0863590262459124e-132	5.065856129685917e-06	7.598784194528875e-05
K21	K29	155	436	1751	53633	6.908202880690971e-116	5.065856129685917e-06	8.105369807497467e-05
F11	F19	89	300	425	53633	1.1861056014411186e-114	5.065856129685917e-06	8.611955420466059e-05
B18	F11	73	207	300	53633	2.0820712607271856e-112	5.065856129685917e-06	9.11854103343465e-05
F19	F60	113	425	955	53633	5.8185336222223434e-98	5.065856129685917e-06	9.625126646403242e-05
M51	M54	130	531	1136	53633	5.896240235970917e-98	5.065856129685917e-06	0.00010131712259371833
F32	F33	142	1482	526	53633	2.1803427350783784e-97	5.065856129685917e-06	0.00010638297872340425
K21	K44	82	436	340	53633	4.52211851721456e-96	5.065856129685917e-06	0.00011144883485309016
N13	N23	86	619	288	53633	6.179297315660946e-96	5.065856129685917e-06	0.00011651469098277609
N73	N80	133	515	1328	53633	1.2672711980236432e-94	5.065856129685917e-06	0.00012158054711246201
N70	N73	118	1004	515	53633	1.6358991981822312e-91	5.065856129685917e-06	0.00012664640324214793
N73	N97	126	515	1365	53633	5.1452281164254875e-85	5.065856129685917e-06	0.00013171225937183383
F32	F50	135	1482	585	53633	6.33666663188709e-83	5.065856129685917e-06	0.00013677811550151975
F50	F60	113	585	955	53633	2.7618027281612377e-81	5.065856129685917e-06	0.00014184397163120567
F13	F19	66	249	425	53633	6.306672612669212e-81	5.065856129685917e-06	0.0001469098277608916
E66	I10	103	1131	430	53633	1.1691022953823831e-76	5.065856129685917e-06	0.0001519756838905775
B18	F19	60	207	425	53633	3.3807483287962033e-76	5.065856129685917e-06	0.0001570415400202634
N80	N83	215	1328	2077	53633	1.7243322651300555e-72	5.065856129685917e-06	0.00016210739614994934
F33	F43	118	526	1470	53633	2.219755279739796e-71	5.065856129685917e-06	0.00016717325227963526
F13	F60	76	249	955	53633	5.956830181339221e-71	5.065856129685917e-06	0.00017223910840932118
F10	F43	151	950	1470	53633	2.0115939626816662e-69	5.065856129685917e-06	0.00017730496453900708
F32	F41	128	1482	661	53633	7.56382413772545e-69	5.065856129685917e-06	0.000182370820668693
F11	F12	44	300	131	53633	2.9348291130564366e-66	5.065856129685917e-06	0.00018743667679837892
N80	N94	119	1328	658	53633	7.967783309303635e-66	5.065856129685917e-06	0.00019250253292806485
N80	K66	79	1328	242	53633	3.7550998942203575e-65	5.065856129685917e-06	0.00019756838905775074
K01	K07	86	597	657	53633	1.872993734548589e-64	5.065856129685917e-06	0.00020263424518743666
B18	F13	46	207	249	53633	8.638795625614436e-64	5.065856129685917e-06	0.00020770010131712259
K80	K81	63	1497	127	53633	7.273188316374214e-63	5.065856129685917e-06	0.0002127659574468085
F10	F13	70	950	249	53633	9.600873942782738e-63	5.065856129685917e-06	0.00021783181357649443
F13	F32	77	249	1482	53633	6.283196756792843e-58	5.065856129685917e-06	0.00022289766970618033
F11	F14	29	300	46	53633	1.9309374696495305e-54	5.065856129685917e-06	0.00022796352583586625
F19	F32	91	425	1482	53633	5.314011457472157e-53	5.065856129685917e-06	0.00023302938196555217
N73	N83	113	515	2077	53633	9.346282648453101e-52	5.065856129685917e-06	0.0002380952380952381
F19	B17	33	425	71	53633	1.865817325924317e-50	5.065856129685917e-06	0.00024316109422492402
M22	M23	46	156	713	53633	2.501994198464316e-48	5.065856129685917e-06	0.00024822695035460994
F10	F19	72	950	425	53633	7.551231910375804e-48	5.065856129685917e-06	0.00025329280648429586
F12	F13	33	131	249	53633	7.794217858002014e-48	5.065856129685917e-06	0.00025835866261398173
E10	E14	26	215	61	53633	1.0731033752830231e-46	5.065856129685917e-06	0.00026342451874366765
E73	E74	26	144	96	53633	2.284826293710118e-45	5.065856129685917e-06	0.0002684903748733536
M23	M94	36	713	87	53633	2.2655948646296854e-44	5.065856129685917e-06	0.0002735562310030395
C73	E89	18	108	27	53633	3.063950134018276e-43	5.065856129685917e-06	0.0002786220871327254
J33	J34	45	102	1456	53633	7.564173484295127e-43	5.065856129685917e-06	0.00028368794326241134
F60	F61	40	955	104	53633	1.585656402541768e-42	5.065856129685917e-06	0.00028875379939209727
N70	N76	81	1004	647	53633	1.1248867175136073e-41	5.065856129685917e-06	0.0002938196555217832
K80	K85	54	1497	169	53633	1.3360298444350467e-41	5.065856129685917e-06	0.0002988855116514691
L93	M32	18	45	71	53633	2.475710901345314e-41	5.065856129685917e-06	0.000303951367781155
J32	J33	35	643	102	53633	2.733830003872781e-41	5.065856129685917e-06	0.0003090172239108409
N18	I10	29	80	430	53633	2.27860524564703e-40	5.065856129685917e-06	0.0003140830800405268
F13	F14	22	249	46	53633	1.2897896555663386e-39	5.065856129685917e-06	0.00031914893617021275
E66	K76	50	1131	195	53633	3.1620000475167265e-39	5.065856129685917e-06	0.00032421479229989867
F50	M81	30	585	75	53633	3.184405633503503e-39	5.065856129685917e-06	0.0003292806484295846
N97	K66	58	1365	242	53633	5.3070359555404955e-39	5.065856129685917e-06	0.0003343465045592705
I26	I80	31	201	229	53633	6.049281205526826e-39	5.065856129685917e-06	0.00033941236068895644
F43	F50	88	1470	585	53633	1.1386315837569169e-38	5.065856129685917e-06	0.00034447821681864236
F10	F32	112	950	1482	53633	2.834186487985633e-38	5.065856129685917e-06	0.00034954407294832823
N10	N39	106	678	1885	53633	3.4174483042714265e-38	5.065856129685917e-06	0.00035460992907801415
F33	F50	56	526	585	53633	1.417467381268936e-37	5.065856129685917e-06	0.0003596757852077001
F11	F60	54	300	955	53633	1.958689412696508e-37	5.065856129685917e-06	0.000364741641337386
E87	F50	38	183	585	53633	5.430763072183198e-37	5.065856129685917e-06	0.0003698074974670719
F11	B17	23	300	71	53633	1.3895921144476267e-34	5.065856129685917e-06	0.00037487335359675784
F41	F43	88	661	1470	53633	1.6807455204367961e-34	5.065856129685917e-06	0.00037993920972644377
F43	F44	46	1470	155	53633	2.3682353966414777e-34	5.065856129685917e-06	0.0003850050658561297
G35	H46	24	347	77	53633	5.187999357979695e-34	5.065856129685917e-06	0.0003900709219858156
F33	F41	55	526	661	53633	9.717459949320125e-34	5.065856129685917e-06	0.0003951367781155015
F32	F61	39	1482	104	53633	1.091637366450922e-33	5.065856129685917e-06	0.0004002026342451874
F12	F14	17	131	46	53633	2.192401266159074e-33	5.065856129685917e-06	0.0004052684903748733
E86	A09	34	73	1524	53633	4.690511133423881e-33	5.065856129685917e-06	0.00041033434650455925
F10	F33	63	950	526	53633	7.487592727835308e-33	5.065856129685917e-06	0.00041540020263424517
M23	M65	44	713	293	53633	1.4808941360605172e-32	5.065856129685917e-06	0.0004204660587639311
F12	F60	36	131	955	53633	2.4243197333352663e-32	5.065856129685917e-06	0.000425531914893617
E66	F17	79	1131	755	53633	1.587086171178808e-31	5.065856129685917e-06	0.00043059777102330294
E78	I10	38	342	430	53633	2.1306224654110382e-31	5.065856129685917e-06	0.00043566362715298886
F10	F12	35	950	131	53633	4.355911952615335e-31	5.065856129685917e-06	0.00044072948328267473
F20	F23	27	233	221	53633	5.96401852878875e-31	5.065856129685917e-06	0.00044579533941236065
C78	C79	10	24	17	53633	7.022538086013502e-31	5.065856129685917e-06	0.0004508611955420466
G43	G44	48	681	419	53633	8.4551862039665e-31	5.065856129685917e-06	0.0004559270516717325
J34	J35	154	1456	2018	53633	9.105837663253287e-31	5.065856129685917e-06	0.0004609929078014184
H50	H52	22	124	205	53633	2.01708731745199e-30	5.065856129685917e-06	0.00046605876393110434
E66	K80	111	1131	1497	53633	2.322046105060972e-30	5.065856129685917e-06	0.00047112462006079027
K01	K04	31	597	150	53633	4.6389982149305135e-30	5.065856129685917e-06	0.0004761904761904762
C71	D43	12	35	45	53633	2.0053945035839786e-29	5.065856129685917e-06	0.0004812563323201621
F13	F43	51	249	1470	53633	2.0924981142236174e-29	5.065856129685917e-06	0.00048632218844984804
F50	F55	21	585	47	53633	4.177272990825029e-29	5.065856129685917e-06	0.0004913880445795339
K50	K63	26	387	139	53633	4.5109510028291885e-29	5.065856129685917e-06	0.0004964539007092199
F10	F11	46	950	300	53633	5.452628604316056e-29	5.065856129685917e-06	0.0005015197568389057
N13	N39	88	619	1885	53633	8.715473096520237e-29	5.065856129685917e-06	0.0005065856129685917
N84	N92	39	272	694	53633	1.200836886970475e-28	5.065856129685917e-06	0.0005116514690982776
E78	F17	44	342	755	53633	1.2924352151924275e-28	5.065856129685917e-06	0.0005167173252279635
I84	K60	29	345	242	53633	6.554282390670399e-28	5.065856129685917e-06	0.0005217831813576494
H33	H52	19	91	205	53633	7.037878562226951e-28	5.065856129685917e-06	0.0005268490374873353
E66	E78	51	1131	342	53633	7.098324026722969e-28	5.065856129685917e-06	0.0005319148936170213
M23	M24	31	713	154	53633	2.385101154473247e-27	5.065856129685917e-06	0.0005369807497467072
F43	F61	34	1470	104	53633	2.44507338154499e-27	5.065856129685917e-06	0.0005420466058763931
F31	F60	37	191	955	53633	3.0385488418317324e-27	5.065856129685917e-06	0.000547112462006079
F32	F42	29	1482	69	53633	3.968165347458389e-27	5.065856129685917e-06	0.000552178318135765
E10	E11	18	215	79	53633	7.672651984893964e-27	5.065856129685917e-06	0.0005572441742654508
G40	G41	17	672	28	53633	7.143231113618536e-26	5.065856129685917e-06	0.0005623100303951367
F60	F70	26	955	82	53633	1.5089549608636414e-25	5.065856129685917e-06	0.0005673758865248227
N73	K66	31	515	242	53633	2.3052987770087363e-25	5.065856129685917e-06	0.0005724417426545086
F19	F43	60	425	1470	53633	2.987048848083793e-25	5.065856129685917e-06	0.0005775075987841945
N18	N19	11	80	26	53633	3.0087611046054885e-25	5.065856129685917e-06	0.0005825734549138804
N83	N97	139	2077	1365	53633	4.96720445938821e-25	5.065856129685917e-06	0.0005876393110435664
F20	F25	20	233	134	53633	5.196378514673434e-25	5.065856129685917e-06	0.0005927051671732522
N80	D27	58	1328	443	53633	5.987250875356195e-25	5.065856129685917e-06	0.0005977710233029382
B20	B24	9	15	48	53633	8.268453344312665e-25	5.065856129685917e-06	0.0006028368794326241
E41	F50	14	18	585	53633	8.494867974301482e-25	5.065856129685917e-06	0.00060790273556231
D50	K50	37	540	387	53633	1.0073204900043191e-24	5.065856129685917e-06	0.0006129685916919959
F11	F17	38	300	755	53633	1.2371437696657743e-24	5.065856129685917e-06	0.0006180344478216818
I45	I47	16	68	206	53633	1.5278636210417103e-24	5.065856129685917e-06	0.0006231003039513678
H90	H93	20	94	359	53633	1.6489702313505775e-24	5.065856129685917e-06	0.0006281661600810537
F11	F32	50	300	1482	53633	2.1165899208473903e-24	5.065856129685917e-06	0.0006332320162107396
K60	K61	20	242	139	53633	2.4266694246107912e-24	5.065856129685917e-06	0.0006382978723404255
N97	N98	37	1365	166	53633	3.574621819375768e-24	5.065856129685917e-06	0.0006433637284701115
F17	J45	47	755	512	53633	4.941581668641024e-24	5.065856129685917e-06	0.0006484295845997973
F41	F60	59	661	955	53633	5.512379894751059e-24	5.065856129685917e-06	0.0006534954407294832
K29	K80	130	1751	1497	53633	7.384692966997785e-24	5.065856129685917e-06	0.0006585612968591692
N94	N97	70	658	1365	53633	9.925885283928936e-24	5.065856129685917e-06	0.0006636271529888551
N12	N39	52	269	1885	53633	1.0405579434689082e-23	5.065856129685917e-06	0.000668693009118541
F50	G47	28	585	185	53633	1.4064688008327105e-23	5.065856129685917e-06	0.0006737588652482269
N83	D27	70	2077	443	53633	1.6911163833144418e-23	5.065856129685917e-06	0.0006788247213779129
N04	N18	10	22	80	53633	1.9357272159915846e-23	5.065856129685917e-06	0.0006838905775075987
H33	H35	13	91	71	53633	2.1141440256199216e-23	5.065856129685917e-06	0.0006889564336372847
N87	D06	75	1520	683	53633	2.2271187804611684e-23	5.065856129685917e-06	0.0006940222897669706
F42	F60	23	69	955	53633	2.4769482774244915e-23	5.065856129685917e-06	0.0006990881458966565
D50	K29	71	540	1751	53633	2.7607321278183354e-23	5.065856129685917e-06	0.0007041540020263424
M53	M54	36	197	1136	53633	4.311656071713381e-23	5.065856129685917e-06	0.0007092198581560283
B18	B24	14	207	48	53633	4.4740775645948755e-23	5.065856129685917e-06	0.0007142857142857143
K60	K62	20	242	160	53633	4.534297187527705e-23	5.065856129685917e-06	0.0007193515704154002
D24	D48	34	521	375	53633	1.4454156685529723e-22	5.065856129685917e-06	0.0007244174265450861
J03	J35	80	602	2018	53633	1.6772279299786737e-22	5.065856129685917e-06	0.000729483282674772
N83	K66	50	2077	242	53633	2.197506840355666e-22	5.065856129685917e-06	0.000734549138804458
K80	K83	22	1497	46	53633	2.296879854992136e-22	5.065856129685917e-06	0.0007396149949341438
F13	F33	29	249	526	53633	2.3037493753674096e-22	5.065856129685917e-06	0.0007446808510638297
L90	L91	16	207	91	53633	2.7140721082101982e-22	5.065856129685917e-06	0.0007497467071935157
K01	K05	15	597	29	53633	2.814656650525699e-22	5.065856129685917e-06	0.0007548125633232016
E10	E16	13	215	39	53633	3.5410165648852564e-22	5.065856129685917e-06	0.0007598784194528875
M42	M51	16	41	531	53633	5.585190739066509e-22	5.065856129685917e-06	0.0007649442755825734
H25	H26	9	36	35	53633	6.496610589856749e-22	5.065856129685917e-06	0.0007700101317122594
N70	N97	85	1004	1365	53633	7.148804503206664e-22	5.065856129685917e-06	0.0007750759878419452
H83	H93	15	46	359	53633	7.671001230763059e-22	5.065856129685917e-06	0.0007801418439716312
N92	D25	31	694	239	53633	1.0483430743325321e-21	5.065856129685917e-06	0.0007852077001013171
F60	F63	17	955	33	53633	1.4120924437438088e-21	5.065856129685917e-06	0.000790273556231003
F12	F32	32	131	1482	53633	2.3893444884401344e-21	5.065856129685917e-06	0.0007953394123606889
N08	M32	8	12	71	53633	3.0902001240401402e-21	5.065856129685917e-06	0.0008004052684903748
K85	K86	12	169	40	53633	3.3316306334108662e-21	5.065856129685917e-06	0.0008054711246200608
F13	F17	32	249	755	53633	3.799780291377225e-21	5.065856129685917e-06	0.0008105369807497467
F19	G40	38	425	672	53633	5.393127551120235e-21	5.065856129685917e-06	0.0008156028368794326
F32	F44	34	1482	155	53633	5.647990337806926e-21	5.065856129685917e-06	0.0008206686930091185
H65	H90	12	72	94	53633	5.7064183694499736e-21	5.065856129685917e-06	0.0008257345491388045
F41	F45	37	661	407	53633	5.8351862865351904e-21	5.065856129685917e-06	0.0008308004052684903
N18	D64	15	80	235	53633	1.3813841711855797e-20	5.065856129685917e-06	0.0008358662613981762
G80	G82	8	24	40	53633	3.3046221714305943e-20	5.065856129685917e-06	0.0008409321175278622
C73	E04	18	108	358	53633	3.6386005026785834e-20	5.065856129685917e-06	0.0008459979736575481
C83	C85	7	16	27	53633	4.000864371739367e-20	5.065856129685917e-06	0.000851063829787234
F14	F60	18	46	955	53633	4.8827780862235045e-20	5.065856129685917e-06	0.0008561296859169199
A15	A16	10	69	49	53633	4.9559927769730094e-20	5.065856129685917e-06	0.0008611955420466059
F12	F19	20	131	425	53633	5.382571005821239e-20	5.065856129685917e-06	0.0008662613981762917
H50	H53	13	124	92	53633	5.4007333629714546e-20	5.065856129685917e-06	0.0008713272543059777
F10	F17	57	950	755	53633	7.681363088124852e-20	5.065856129685917e-06	0.0008763931104356636
F17	F60	57	755	955	53633	9.795733869789695e-20	5.065856129685917e-06	0.0008814589665653495
H44	H52	9	13	205	53633	1.0290272781066404e-19	5.065856129685917e-06	0.0008865248226950354
H66	H72	11	145	42	53633	1.5258296551554276e-19	5.065856129685917e-06	0.0008915906788247213
K35	K37	45	1723	271	53633	1.7181474166521682e-19	5.065856129685917e-06	0.0008966565349544073
C73	C77	9	108	22	53633	1.8829206564650472e-19	5.065856129685917e-06	0.0009017223910840932
F43	F45	51	1470	407	53633	2.320286458606534e-19	5.065856129685917e-06	0.0009067882472137791
D22	D23	17	199	176	53633	2.6920000381991365e-19	5.065856129685917e-06	0.000911854103343465
B18	F14	12	207	46	53633	2.7434948353598407e-19	5.065856129685917e-06	0.000916919959473151
F13	B17	14	249	71	53633	2.8435235479773425e-19	5.065856129685917e-06	0.0009219858156028368
F32	F55	20	1482	47	53633	2.851785255800614e-19	5.065856129685917e-06	0.0009270516717325227
F17	J18	35	755	356	53633	3.601369124767525e-19	5.065856129685917e-06	0.0009321175278622087
F17	F32	71	755	1482	53633	4.979431132172553e-19	5.065856129685917e-06	0.0009371833839918946
M23	M67	49	713	785	53633	6.483664129094326e-19	5.065856129685917e-06	0.0009422492401215805
I26	I82	14	201	92	53633	6.639647500357649e-19	5.065856129685917e-06	0.0009473150962512664
M23	M25	27	713	206	53633	6.656256409855251e-19	5.065856129685917e-06	0.0009523809523809524
F33	F61	19	526	104	53633	6.96429772002545e-19	5.065856129685917e-06	0.0009574468085106382
K02	K04	14	125	150	53633	9.037366897264655e-19	5.065856129685917e-06	0.0009625126646403242
M41	M54	23	90	1136	53633	1.0340368072003031e-18	5.065856129685917e-06	0.0009675785207700101
N70	N83	102	1004	2077	53633	1.3676814915802416e-18	5.065856129685917e-06	0.0009726443768996961
K80	K82	18	1497	38	53633	1.8926185860556456e-18	5.065856129685917e-06	0.000977710233029382
F25	F31	15	134	191	53633	2.0290278295387112e-18	5.065856129685917e-06	0.0009827760891590678
D68	I26	14	100	201	53633	2.2686254905115366e-18	5.065856129685917e-06	0.0009878419452887537
N35	N39	31	122	1885	53633	2.6364897497037683e-18	5.065856129685917e-06	0.0009929078014184398
J01	J32	25	199	643	53633	3.3235739901685823e-18	5.065856129685917e-06	0.0009979736575481256
B27	J03	19	100	602	53633	3.858366917783957e-18	5.065856129685917e-06	0.0010030395136778115
D50	K51	24	540	214	53633	4.33783032260048e-18	5.065856129685917e-06	0.0010081053698074974
B18	F12	15	207	131	53633	4.8385679424506194e-18	5.065856129685917e-06	0.0010131712259371835
G55	M51	9	10	531	53633	8.468952908487044e-18	5.065856129685917e-06	0.0010182370820668693
F13	F41	27	249	661	53633	1.3770085591770003e-17	5.065856129685917e-06	0.0010233029381965552
D68	I80	14	100	229	53633	1.4307390174953304e-17	5.065856129685917e-06	0.001028368794326241
C81	C85	8	72	27	53633	1.5344682206622834e-17	5.065856129685917e-06	0.001033434650455927
I47	I49	14	206	114	53633	2.1690589414527327e-17	5.065856129685917e-06	0.001038500506585613
B94	F19	9	12	425	53633	2.4387241105055182e-17	5.065856129685917e-06	0.0010435663627152989
I84	K62	18	345	160	53633	2.7250154300424124e-17	5.065856129685917e-06	0.0010486322188449847
D50	D89	10	540	15	53633	2.828355071714063e-17	5.065856129685917e-06	0.0010536980749746706
F14	F19	13	46	425	53633	3.247779847856677e-17	5.065856129685917e-06	0.0010587639311043567
N91	F50	20	135	585	53633	4.867487189900913e-17	5.065856129685917e-06	0.0010638297872340426
N80	E28	40	1328	318	53633	5.093347576608111e-17	5.065856129685917e-06	0.0010688956433637284
M24	M25	15	154	206	53633	5.35891568816707e-17	5.065856129685917e-06	0.0010739614994934143
N19	I10	11	26	430	53633	5.370117009144797e-17	5.065856129685917e-06	0.0010790273556231002
E65	L57	9	101	40	53633	5.3829248914520255e-17	5.065856129685917e-06	0.0010840932117527863
I73	M34	6	33	13	53633	5.733724842992515e-17	5.065856129685917e-06	0.0010891590678824721
C50	C79	7	66	17	53633	5.924995568515812e-17	5.065856129685917e-06	0.001094224924012158
I60	I67	7	23	47	53633	6.026640799420581e-17	5.065856129685917e-06	0.0010992907801418439
F44	G40	22	155	672	53633	6.153721584017216e-17	5.065856129685917e-06	0.00110435663627153
F17	F50	41	755	585	53633	6.605988325201097e-17	5.065856129685917e-06	0.0011094224924012158
B18	B17	12	207	71	53633	8.299186030338838e-17	5.065856129685917e-06	0.0011144883485309017
J03	J36	27	602	293	53633	8.517304717283423e-17	5.065856129685917e-06	0.0011195542046605876
M17	M23	13	32	713	53633	1.0013518360098791e-16	5.065856129685917e-06	0.0011246200607902734
K50	K60	21	387	242	53633	1.323318093136752e-16	5.065856129685917e-06	0.0011296859169199595
K25	K29	23	75	1751	53633	1.3343744243529553e-16	5.065856129685917e-06	0.0011347517730496454
H71	H90	9	49	94	53633	2.0411312140463499e-16	5.065856129685917e-06	0.0011398176291793312
F32	F45	47	1482	407	53633	2.0671833785161058e-16	5.065856129685917e-06	0.0011448834853090171
E41	M81	7	18	75	53633	2.4646234311067915e-16	5.065856129685917e-06	0.0011499493414387032
F12	F43	27	131	1470	53633	2.5873077828710857e-16	5.065856129685917e-06	0.001155015197568389
M20	M21	14	379	76	53633	2.816174979125599e-16	5.065856129685917e-06	0.001160081053698075
E10	E78	19	215	342	53633	2.846107991076523e-16	5.065856129685917e-06	0.0011651469098277608
F25	F60	23	134	955	53633	3.0245178905670023e-16	5.065856129685917e-06	0.0011702127659574467
F43	F70	22	1470	82	53633	3.9039398160931696e-16	5.065856129685917e-06	0.0011752786220871328
M54	M99	15	1136	37	53633	4.287396129699271e-16	5.065856129685917e-06	0.0011803444782168186
J30	J45	19	150	512	53633	5.203624883519334e-16	5.065856129685917e-06	0.0011854103343465045
B18	F32	33	207	1482	53633	5.30606319061954e-16	5.065856129685917e-06	0.0011904761904761904
N86	N93	15	177	209	53633	5.459424055840892e-16	5.065856129685917e-06	0.0011955420466058765
N60	D24	17	109	521	53633	6.760510341394231e-16	5.065856129685917e-06	0.0012006079027355623
H81	H91	20	265	337	53633	7.482944930124118e-16	5.065856129685917e-06	0.0012056737588652482
F44	F60	24	155	955	53633	7.819129443818977e-16	5.065856129685917e-06	0.001210739614994934
H74	H90	8	33	94	53633	8.787706706977328e-16	5.065856129685917e-06	0.00121580547112462
F17	I10	34	755	430	53633	8.859297033974129e-16	5.065856129685917e-06	0.001220871327254306
F33	F45	28	526	407	53633	1.3669957193020219e-15	5.065856129685917e-06	0.0012259371833839919
M54	M62	17	1136	56	53633	1.3940010520834392e-15	5.065856129685917e-06	0.0012310030395136777
N18	D63	7	80	21	53633	1.43487169233751e-15	5.065856129685917e-06	0.0012360688956433636
H80	H90	8	35	94	53633	1.4854100200190372e-15	5.065856129685917e-06	0.0012411347517730497
F10	F50	44	950	585	53633	1.504862924754578e-15	5.065856129685917e-06	0.0012462006079027356
B24	B17	8	48	71	53633	2.2687557170423733e-15	5.065856129685917e-06	0.0012512664640324214
F32	F63	15	1482	33	53633	2.535638038220755e-15	5.065856129685917e-06	0.0012563323201621073
F20	F60	28	233	955	53633	2.5988798873395407e-15	5.065856129685917e-06	0.0012613981762917932
G04	G35	11	43	347	53633	3.39287704422189e-15	5.065856129685917e-06	0.0012664640324214793
E11	E78	13	79	342	53633	4.148085984898392e-15	5.065856129685917e-06	0.0012715298885511651
F40	F60	18	82	955	53633	5.561530406412027e-15	5.065856129685917e-06	0.001276595744680851
F11	F43	38	300	1470	53633	6.083539381552278e-15	5.065856129685917e-06	0.0012816616008105369
E65	L90	12	101	207	53633	6.985981889366144e-15	5.065856129685917e-06	0.001286727456940223
M53	M62	10	197	56	53633	1.0913951328424687e-14	5.065856129685917e-06	0.0012917933130699088
D68	M32	9	100	71	53633	1.274311046270344e-14	5.065856129685917e-06	0.0012968591691995947
N70	A56	14	1004	41	53633	1.3085533857209979e-14	5.065856129685917e-06	0.0013019250253292806
F71	F79	6	29	34	53633	1.9133434130952254e-14	5.065856129685917e-06	0.0013069908814589664
M06	M13	8	62	71	53633	2.0033118835098272e-14	5.065856129685917e-06	0.0013120567375886525
J43	J93	6	13	86	53633	2.419525610568875e-14	5.065856129685917e-06	0.0013171225937183384
J35	J36	43	2018	293	53633	2.904084788615874e-14	5.065856129685917e-06	0.0013221884498480242
H66	H74	8	145	33	53633	3.077547239974097e-14	5.065856129685917e-06	0.0013272543059777101
K76	K80	30	195	1497	53633	3.8411212271049685e-14	5.065856129685917e-06	0.0013323201621073962
F10	F14	14	950	46	53633	3.862986446184089e-14	5.065856129685917e-06	0.001337386018237082
E11	E14	8	79	61	53633	4.253021268404767e-14	5.065856129685917e-06	0.001342451874366768
F12	F17	19	131	755	53633	4.300186512506421e-14	5.065856129685917e-06	0.0013475177304964538
C81	D70	7	72	36	53633	4.70990575420666e-14	5.065856129685917e-06	0.0013525835866261397
F32	G47	29	1482	185	53633	4.819887721740392e-14	5.065856129685917e-06	0.0013576494427558258
F32	G44	44	1482	419	53633	5.678253959330521e-14	5.065856129685917e-06	0.0013627152988855116
J30	J34	26	150	1456	53633	5.700556714988159e-14	5.065856129685917e-06	0.0013677811550151975
E03	E06	16	409	151	53633	5.865796392887292e-14	5.065856129685917e-06	0.0013728470111448834
K01	K02	17	597	125	53633	6.498386020241626e-14	5.065856129685917e-06	0.0013779128672745695
N17	N18	7	34	80	53633	6.536281955424667e-14	5.065856129685917e-06	0.0013829787234042553
M42	M54	14	41	1136	53633	6.999030919639308e-14	5.065856129685917e-06	0.0013880445795339412
N80	D25	31	1328	239	53633	7.051597399226162e-14	5.065856129685917e-06	0.001393110435663627
K50	K56	17	387	191	53633	7.095500659056135e-14	5.065856129685917e-06	0.001398176291793313
H52	H53	11	205	92	53633	7.961462530039804e-14	5.065856129685917e-06	0.001403242147922999
F10	K70	8	950	9	53633	8.339354876964051e-14	5.065856129685917e-06	0.0014083080040526849
J31	J35	20	63	2018	53633	8.441308539008215e-14	5.065856129685917e-06	0.0014133738601823707
D33	D43	6	28	45	53633	9.158820826303947e-14	5.065856129685917e-06	0.0014184397163120566
E10	H36	6	215	8	53633	1.0760936628588724e-13	5.065856129685917e-06	0.0014235055724417427
E10	E13	6	215	8	53633	1.0760936628588724e-13	5.065856129685917e-06	0.0014285714285714286
B24	F19	11	48	425	53633	1.181013461514356e-13	5.065856129685917e-06	0.0014336372847011144
K01	K09	12	597	47	53633	1.1887161507337991e-13	5.065856129685917e-06	0.0014387031408308003
N20	N39	60	578	1885	53633	1.23502378390433e-13	5.065856129685917e-06	0.0014437689969604862
N70	K66	27	1004	242	53633	1.6567204540652905e-13	5.065856129685917e-06	0.0014488348530901723
N18	M32	8	80	71	53633	1.6855142061754626e-13	5.065856129685917e-06	0.0014539007092198581
N19	D64	8	26	235	53633	1.7591500412550816e-13	5.065856129685917e-06	0.001458966565349544
E03	E66	37	409	1131	53633	1.8084740915964706e-13	5.065856129685917e-06	0.0014640324214792299
J44	J45	14	91	512	53633	2.389725226912243e-13	5.065856129685917e-06	0.001469098277608916
B18	G40	21	207	672	53633	2.8270859437803633e-13	5.065856129685917e-06	0.0014741641337386018
B18	F17	22	207	755	53633	2.9954679824609916e-13	5.065856129685917e-06	0.0014792299898682877
D50	E61	14	540	89	53633	3.562412768431332e-13	5.065856129685917e-06	0.0014842958459979736
C43	D22	10	78	199	53633	3.9793245236491917e-13	5.065856129685917e-06	0.0014893617021276594
K04	K08	9	150	70	53633	4.616905645405621e-13	5.065856129685917e-06	0.0014944275582573455
E66	K44	33	1131	340	53633	5.233655548451689e-13	5.065856129685917e-06	0.0014994934143870314
K31	K44	11	67	340	53633	5.294356490018742e-13	5.065856129685917e-06	0.0015045592705167172
I26	J18	16	201	356	53633	6.140837098571394e-13	5.065856129685917e-06	0.0015096251266464031
M50	M54	15	57	1136	53633	6.802972414922829e-13	5.065856129685917e-06	0.0015146909827760892
F30	F31	8	37	191	53633	7.887643999507702e-13	5.065856129685917e-06	0.001519756838905775
M42	M47	7	41	93	53633	8.020344713752567e-13	5.065856129685917e-06	0.001524822695035461
F32	F70	19	1482	82	53633	8.226530386827005e-13	5.065856129685917e-06	0.0015298885511651468
N84	N97	32	272	1365	53633	8.850696202364781e-13	5.065856129685917e-06	0.0015349544072948327
I47	I48	8	206	35	53633	8.894898908370908e-13	5.065856129685917e-06	0.0015400202634245188
H90	H91	12	94	337	53633	9.380268960497033e-13	5.065856129685917e-06	0.0015450861195542046
K29	K58	36	1751	270	53633	1.0797219970717264e-12	5.065856129685917e-06	0.0015501519756838905
H25	H52	8	36	205	53633	1.0961216071378183e-12	5.065856129685917e-06	0.0015552178318135764
K42	K43	10	207	84	53633	1.2689876976343696e-12	5.065856129685917e-06	0.0015602836879432625
F19	K73	9	425	30	53633	1.3981578732200808e-12	5.065856129685917e-06	0.0015653495440729483
N85	N92	20	196	694	53633	1.6734399255034821e-12	5.065856129685917e-06	0.0015704154002026342
N83	D39	26	2077	124	53633	1.6819740650926705e-12	5.065856129685917e-06	0.00157548125633232
F17	F55	12	755	47	53633	1.8500406726041397e-12	5.065856129685917e-06	0.001580547112462006
E11	I10	12	79	430	53633	1.9103322286599835e-12	5.065856129685917e-06	0.001585612968591692
N82	K50	8	22	387	53633	2.0015507399870317e-12	5.065856129685917e-06	0.0015906788247213779
F32	M54	76	1482	1136	53633	2.3612261985304234e-12	5.065856129685917e-06	0.0015957446808510637
F22	F60	12	39	955	53633	2.3867753902062254e-12	5.065856129685917e-06	0.0016008105369807496
M65	M67	25	293	785	53633	2.4976723811516872e-12	5.065856129685917e-06	0.0016058763931104357
D23	D48	15	176	375	53633	2.5414918774443952e-12	5.065856129685917e-06	0.0016109422492401216
N80	N99	15	1328	54	53633	2.614088768255983e-12	5.065856129685917e-06	0.0016160081053698074
E78	K76	15	342	195	53633	3.024446308702085e-12	5.065856129685917e-06	0.0016210739614994933
N23	N39	38	288	1885	53633	3.2413986120600303e-12	5.065856129685917e-06	0.0016261398176291792
E66	E79	11	1131	27	53633	3.3465220601244267e-12	5.065856129685917e-06	0.0016312056737588653
F11	F33	21	300	526	53633	3.586272028125383e-12	5.065856129685917e-06	0.0016362715298885511
F33	F42	12	526	69	53633	3.712985216883554e-12	5.065856129685917e-06	0.001641337386018237
F33	F44	16	526	155	53633	3.982272713070483e-12	5.065856129685917e-06	0.0016464032421479229
M22	M94	9	156	87	53633	4.986844224445252e-12	5.065856129685917e-06	0.001651469098277609
M25	M66	6	206	13	53633	5.007358903315698e-12	5.065856129685917e-06	0.0016565349544072948
H66	H90	9	145	94	53633	5.250428746436777e-12	5.065856129685917e-06	0.0016616008105369807
K04	K07	17	150	657	53633	6.139243163334147e-12	5.065856129685917e-06	0.0016666666666666666
N62	N64	13	308	152	53633	6.153818587512309e-12	5.065856129685917e-06	0.0016717325227963524
F13	F50	20	249	585	53633	6.4329611721779546e-12	5.065856129685917e-06	0.0016767983789260385
B24	F11	9	48	300	53633	6.585169206253139e-12	5.065856129685917e-06	0.0016818642350557244
N76	B37	22	647	281	53633	6.7804510668546855e-12	5.065856129685917e-06	0.0016869300911854102
I10	I42	8	430	23	53633	7.060582247481499e-12	5.065856129685917e-06	0.0016919959473150961
F40	F43	18	82	1470	53633	7.655948077323541e-12	5.065856129685917e-06	0.0016970618034447822
H35	H52	9	71	205	53633	8.854667594597112e-12	5.065856129685917e-06	0.001702127659574468
K21	K22	11	436	68	53633	9.141988653639531e-12	5.065856129685917e-06	0.001707193515704154
F31	F33	17	191	526	53633	9.37769922531023e-12	5.065856129685917e-06	0.0017122593718338398
N70	N71	20	1004	152	53633	1.0931595557157122e-11	5.065856129685917e-06	0.0017173252279635257
K44	K80	36	340	1497	53633	1.1262491982013293e-11	5.065856129685917e-06	0.0017223910840932118
M47	M54	17	93	1136	53633	1.1770451886092906e-11	5.065856129685917e-06	0.0017274569402228976
N32	N35	6	23	122	53633	1.196367811194697e-11	5.065856129685917e-06	0.0017325227963525835
C71	G40	10	35	672	53633	1.235702057600221e-11	5.065856129685917e-06	0.0017375886524822694
I10	M32	11	430	71	53633	1.2883795634208457e-11	5.065856129685917e-06	0.0017426545086119555
J02	J03	15	126	602	53633	1.5585225303827938e-11	5.065856129685917e-06	0.0017477203647416413
F12	F20	11	131	233	53633	1.647749858579805e-11	5.065856129685917e-06	0.0017527862208713272
N73	N94	29	515	658	53633	1.751823619292318e-11	5.065856129685917e-06	0.001757852077001013
F17	K29	63	755	1751	53633	1.8173728466777005e-11	5.065856129685917e-06	0.001762917933130699
K61	L02	14	139	457	53633	1.9418545223980515e-11	5.065856129685917e-06	0.001767983789260385
E66	K21	35	1131	436	53633	2.3820634069911624e-11	5.065856129685917e-06	0.0017730496453900709
F17	F19	28	755	425	53633	2.4242135643513785e-11	5.065856129685917e-06	0.0017781155015197567
B18	F10	22	207	950	53633	2.610874891398019e-11	5.065856129685917e-06	0.0017831813576494426
F60	B17	14	955	71	53633	2.757523957767142e-11	5.065856129685917e-06	0.0017882472137791287
F40	F41	13	82	661	53633	2.7593968736661206e-11	5.065856129685917e-06	0.0017933130699088146
N39	B37	36	1885	281	53633	2.8089616991350982e-11	5.065856129685917e-06	0.0017983789260385004
F34	F60	15	85	955	53633	2.9067505454421835e-11	5.065856129685917e-06	0.0018034447821681863
F14	F17	11	46	755	53633	3.4133924320068096e-11	5.065856129685917e-06	0.0018085106382978722
E74	K29	20	96	1751	53633	3.448378098750034e-11	5.065856129685917e-06	0.0018135764944275583
N91	E28	12	135	318	53633	3.70172006332139e-11	5.065856129685917e-06	0.0018186423505572441
E78	F32	35	342	1482	53633	4.267757399835568e-11	5.065856129685917e-06	0.00182370820668693
F42	F43	16	69	1470	53633	4.564899501631344e-11	5.065856129685917e-06	0.0018287740628166159
G47	J31	8	185	63	53633	5.667564336282848e-11	5.065856129685917e-06	0.001833839918946302
L02	L03	13	457	124	53633	6.13555796014968e-11	5.065856129685917e-06	0.0018389057750759878
G35	G97	9	347	53	53633	6.17856331042843e-11	5.065856129685917e-06	0.0018439716312056737
N92	N94	33	694	658	53633	6.25335989345676e-11	5.065856129685917e-06	0.0018490374873353596
E78	E88	8	342	36	53633	6.524864635739648e-11	5.065856129685917e-06	0.0018541033434650454
E73	K90	8	144	82	53633	6.686117915338758e-11	5.065856129685917e-06	0.0018591691995947315
F17	J40	16	755	132	53633	7.05341449496783e-11	5.065856129685917e-06	0.0018642350557244174
K63	K65	7	139	51	53633	7.0960826109536e-11	5.065856129685917e-06	0.0018693009118541032
F41	F48	13	661	89	53633	8.038286555317686e-11	5.065856129685917e-06	0.0018743667679837891
F19	F50	24	425	585	53633	8.766899907523035e-11	5.065856129685917e-06	0.0018794326241134752
M48	M54	9	20	1136	53633	1.1325874653428657e-10	5.065856129685917e-06	0.001884498480243161
E66	J45	37	1131	512	53633	1.3147606829253015e-10	5.065856129685917e-06	0.001889564336372847
N97	D25	27	1365	239	53633	1.3257509117503513e-10	5.065856129685917e-06	0.0018946301925025328
K00	K01	8	24	597	53633	1.414344299846962e-10	5.065856129685917e-06	0.0018996960486322187
B94	F32	8	12	1482	53633	1.496199103040877e-10	5.065856129685917e-06	0.0019047619047619048
M25	M65	13	206	293	53633	1.5171846897525575e-10	5.065856129685917e-06	0.0019098277608915906
L20	B00	9	169	117	53633	1.5245820380614012e-10	5.065856129685917e-06	0.0019148936170212765
F32	F34	17	1482	85	53633	1.5818209146230495e-10	5.065856129685917e-06	0.0019199594731509624
D12	K62	7	50	160	53633	1.652106985886842e-10	5.065856129685917e-06	0.0019250253292806485
N73	A56	9	515	41	53633	1.7267848096294064e-10	5.065856129685917e-06	0.0019300911854103343
F60	G40	39	955	672	53633	1.8997023898834855e-10	5.065856129685917e-06	0.0019351570415400202
F10	F70	14	950	82	53633	1.9635277688211101e-10	5.065856129685917e-06	0.001940222897669706
N72	N86	7	47	177	53633	2.1288939837031356e-10	5.065856129685917e-06	0.0019452887537993921
E03	E78	18	409	342	53633	2.244160793520403e-10	5.065856129685917e-06	0.001950354609929078
N08	I10	6	12	430	53633	2.2755328502009424e-10	5.065856129685917e-06	0.001955420466058764
M50	M51	10	57	531	53633	2.368254258109269e-10	5.065856129685917e-06	0.00196048632218845
F17	F43	54	755	1470	53633	2.56166081094985e-10	5.065856129685917e-06	0.0019655521783181356
F23	F25	10	221	134	53633	2.687092381645164e-10	5.065856129685917e-06	0.0019706180344478217
D68	L93	6	100	45	53633	2.77071392297862e-10	5.065856129685917e-06	0.0019756838905775074
H35	I10	10	71	430	53633	2.9530978430859825e-10	5.065856129685917e-06	0.0019807497467071934
K29	K76	27	1751	195	53633	2.95541966988982e-10	5.065856129685917e-06	0.0019858156028368795
N04	I10	7	22	430	53633	3.1178510554513154e-10	5.065856129685917e-06	0.001990881458966565
G44	G97	9	419	53	53633	3.254827692139697e-10	5.065856129685917e-06	0.0019959473150962513
J18	J98	11	356	114	53633	3.3047902311932943e-10	5.065856129685917e-06	0.002001013171225937
N10	N12	20	678	269	53633	3.463150073205639e-10	5.065856129685917e-06	0.002006079027355623
J18	J45	20	356	512	53633	3.645297783119037e-10	5.065856129685917e-06	0.002011144883485309
E65	E66	16	101	1131	53633	4.122140607862324e-10	5.065856129685917e-06	0.0020162107396149947
N26	I10	7	23	430	53633	4.4510208448785374e-10	5.065856129685917e-06	0.002021276595744681
N83	N94	61	2077	658	53633	4.5677574895580797e-10	5.065856129685917e-06	0.002026342451874367
D68	I82	7	100	92	53633	4.868459830384743e-10	5.065856129685917e-06	0.0020314083080040526
G40	I69	8	672	25	53633	5.223810849125099e-10	5.065856129685917e-06	0.0020364741641337386
F33	F40	11	526	82	53633	5.442581230566217e-10	5.065856129685917e-06	0.0020415400202634243
N73	D27	22	515	443	53633	5.513038203214736e-10	5.065856129685917e-06	0.0020466058763931104
N70	N80	60	1004	1328	53633	5.658783704233133e-10	5.065856129685917e-06	0.0020516717325227965
K21	K25	10	436	75	53633	5.887821390665899e-10	5.065856129685917e-06	0.002056737588652482
M48	M51	7	20	531	53633	6.216287369889033e-10	5.065856129685917e-06	0.002061803444782168
E06	E10	10	151	215	53633	6.651776612848603e-10	5.065856129685917e-06	0.002066869300911854
A48	J03	9	41	602	53633	6.781861879080132e-10	5.065856129685917e-06	0.00207193515704154
F43	F63	11	1470	33	53633	7.026810628021216e-10	5.065856129685917e-06	0.002077001013171226
J18	J90	8	356	46	53633	7.296676476306332e-10	5.065856129685917e-06	0.0020820668693009117
N30	N39	26	177	1885	53633	7.979620503799951e-10	5.065856129685917e-06	0.0020871327254305978
I10	K76	14	430	195	53633	8.06320139511152e-10	5.065856129685917e-06	0.0020921985815602834
F33	F34	11	526	85	53633	8.076304137035227e-10	5.065856129685917e-06	0.0020972644376899695
K29	K59	50	1751	582	53633	8.093419682281696e-10	5.065856129685917e-06	0.0021023302938196556
A41	J18	8	47	356	53633	8.742816229523704e-10	5.065856129685917e-06	0.0021073961499493412
N91	M81	7	135	75	53633	9.41518909764636e-10	5.065856129685917e-06	0.0021124620060790273
F17	J20	17	755	181	53633	1.0228954333406543e-09	5.065856129685917e-06	0.0021175278622087134
E11	E66	14	79	1131	53633	1.106766951431464e-09	5.065856129685917e-06	0.002122593718338399
J45	J98	12	512	114	53633	1.1537895845932984e-09	5.065856129685917e-06	0.002127659574468085
J45	L20	14	512	169	53633	1.1621420263427986e-09	5.065856129685917e-06	0.002132725430597771
B00	B02	6	117	49	53633	1.226170769256819e-09	5.065856129685917e-06	0.002137791286727457
B18	F60	20	207	955	53633	1.2313301295752625e-09	5.065856129685917e-06	0.002142857142857143
M22	M65	11	156	293	53633	1.2369285566754786e-09	5.065856129685917e-06	0.0021479229989868286
H60	H66	7	73	145	53633	1.2802744265668502e-09	5.065856129685917e-06	0.0021529888551165147
M24	M75	7	154	70	53633	1.4447578945897917e-09	5.065856129685917e-06	0.0021580547112462004
N94	K66	18	658	242	53633	1.6376690733774984e-09	5.065856129685917e-06	0.0021631205673758864
F12	F25	8	131	134	53633	1.6424809378407597e-09	5.065856129685917e-06	0.0021681864235055725
F40	F50	11	82	585	53633	1.6483743169696337e-09	5.065856129685917e-06	0.002173252279635258
N64	L57	6	152	40	53633	1.6629328195872134e-09	5.065856129685917e-06	0.0021783181357649443
N86	N92	16	177	694	53633	1.6763125610029927e-09	5.065856129685917e-06	0.00218338399189463
M50	M53	7	57	197	53633	1.8342781546984424e-09	5.065856129685917e-06	0.002188449848024316
F33	F51	8	526	36	53633	1.9300543373797113e-09	5.065856129685917e-06	0.002193515704154002
G51	B02	6	127	49	53633	2.012761633518331e-09	5.065856129685917e-06	0.0021985815602836877
F19	F33	21	425	526	53633	2.1609278641929006e-09	5.065856129685917e-06	0.002203647416413374
N10	N15	7	678	19	53633	2.2093436760163697e-09	5.065856129685917e-06	0.00220871327254306
F43	G44	36	1470	419	53633	2.2680778664371186e-09	5.065856129685917e-06	0.0022137791286727456
M47	M51	11	93	531	53633	2.3721712875709236e-09	5.065856129685917e-06	0.0022188449848024316
M51	M99	8	531	37	53633	2.628319283822906e-09	5.065856129685917e-06	0.0022239108409321173
B24	F13	7	48	249	53633	2.674590651064616e-09	5.065856129685917e-06	0.0022289766970618034
B96	K29	10	25	1751	53633	2.800708458443907e-09	5.065856129685917e-06	0.0022340425531914895
F32	F48	16	1482	89	53633	2.8248038099179344e-09	5.065856129685917e-06	0.002239108409321175
J20	J45	14	181	512	53633	2.8412304672901856e-09	5.065856129685917e-06	0.002244174265450861
D12	K60	7	50	242	53633	2.955601189243743e-09	5.065856129685917e-06	0.002249240121580547
K50	K65	8	387	51	53633	3.3210545588589547e-09	5.065856129685917e-06	0.002254305977710233
F23	F60	20	221	955	53633	3.840723035606624e-09	5.065856129685917e-06	0.002259371833839919
D12	K63	6	50	139	53633	3.932092697147546e-09	5.065856129685917e-06	0.0022644376899696047
K50	M81	9	387	75	53633	3.989731267367588e-09	5.065856129685917e-06	0.0022695035460992908
E61	F50	11	89	585	53633	4.013483780224908e-09	5.065856129685917e-06	0.0022745694022289764
F31	F32	23	191	1482	53633	4.069758203046979e-09	5.065856129685917e-06	0.0022796352583586625
F42	F50	10	69	585	53633	4.2171401748934155e-09	5.065856129685917e-06	0.0022847011144883486
D43	G40	9	45	672	53633	4.277906986714392e-09	5.065856129685917e-06	0.0022897669706180342
F12	F23	9	131	221	53633	4.449347547284902e-09	5.065856129685917e-06	0.0022948328267477203
D50	M81	10	540	75	53633	4.5477606633501345e-09	5.065856129685917e-06	0.0022998986828774064
F10	F61	14	950	104	53633	4.956232700638617e-09	5.065856129685917e-06	0.002304964539007092
F17	I26	17	755	201	53633	5.0700244945222e-09	5.065856129685917e-06	0.002310030395136778
J00	J20	7	72	181	53633	5.431803591956815e-09	5.065856129685917e-06	0.002315096251266464
N60	D48	10	109	375	53633	5.716779797341308e-09	5.065856129685917e-06	0.00232016210739615
K02	K12	8	125	165	53633	5.861250836829675e-09	5.065856129685917e-06	0.002325227963525836
K01	K08	10	597	70	53633	5.905574240750381e-09	5.065856129685917e-06	0.0023302938196555216
K50	L52	8	387	55	53633	6.19261718517961e-09	5.065856129685917e-06	0.0023353596757852077
F17	J44	12	755	91	53633	6.353095260731228e-09	5.065856129685917e-06	0.0023404255319148934
K50	K51	13	387	214	53633	6.969478409378671e-09	5.065856129685917e-06	0.0023454913880445794
F41	F50	27	661	585	53633	7.100909454200577e-09	5.065856129685917e-06	0.0023505572441742655
M20	M77	9	379	82	53633	7.436815643779565e-09	5.065856129685917e-06	0.002355623100303951
D27	D39	11	443	124	53633	7.90576333103439e-09	5.065856129685917e-06	0.0023606889564336373
F79	G40	8	34	672	53633	7.939827798823594e-09	5.065856129685917e-06	0.002365754812563323
M23	M66	6	713	13	53633	8.568351489237838e-09	5.065856129685917e-06	0.002370820668693009
D50	D72	8	540	42	53633	8.764095871152856e-09	5.065856129685917e-06	0.002375886524822695
N97	N99	12	1365	54	53633	9.004827854656773e-09	5.065856129685917e-06	0.0023809523809523807
N85	N88	9	196	160	53633	9.050732348686035e-09	5.065856129685917e-06	0.002386018237082067
K21	K76	13	436	195	53633	9.366236572295938e-09	5.065856129685917e-06	0.002391084093211753
F32	G40	47	1482	672	53633	9.427006060432961e-09	5.065856129685917e-06	0.0023961499493414386
M24	M67	15	154	785	53633	9.963612771559894e-09	5.065856129685917e-06	0.0024012158054711246
F34	F43	15	85	1470	53633	1.02802651887911e-08	5.065856129685917e-06	0.0024062816616008103
N76	N83	57	647	2077	53633	1.0459914771239775e-08	5.065856129685917e-06	0.0024113475177304964
M22	M25	9	156	206	53633	1.1177630673920536e-08	5.065856129685917e-06	0.0024164133738601825
E41	F32	8	18	1482	53633	1.1405424391270778e-08	5.065856129685917e-06	0.002421479229989868
N91	N97	18	135	1365	53633	1.1473567560935794e-08	5.065856129685917e-06	0.002426545086119554
N83	K36	43	2077	423	53633	1.1586969955534445e-08	5.065856129685917e-06	0.00243161094224924
D63	I10	6	21	430	53633	1.2571230316691383e-08	5.065856129685917e-06	0.002436676798378926
M41	M47	6	90	93	53633	1.2777298915330504e-08	5.065856129685917e-06	0.002441742654508612
F19	B16	7	425	36	53633	1.2787445121326419e-08	5.065856129685917e-06	0.0024468085106382977
F17	I95	23	755	392	53633	1.290315064845136e-08	5.065856129685917e-06	0.0024518743667679838
F41	F42	10	661	69	53633	1.3370740572922224e-08	5.065856129685917e-06	0.0024569402228976694
N13	N28	9	619	55	53633	1.359651958905484e-08	5.065856129685917e-06	0.0024620060790273555
A41	E87	6	47	183	53633	1.38924684794018e-08	5.065856129685917e-06	0.0024670719351570416
E04	E05	13	358	245	53633	1.3939332098043797e-08	5.065856129685917e-06	0.0024721377912867272
I83	I87	8	839	30	53633	1.497620821239174e-08	5.065856129685917e-06	0.0024772036474164133
F32	M81	14	1482	75	53633	1.6557184426349117e-08	5.065856129685917e-06	0.0024822695035460994
E78	E79	6	342	27	53633	1.7012865240516714e-08	5.065856129685917e-06	0.002487335359675785
F20	F22	6	233	39	53633	1.8239237429557206e-08	5.065856129685917e-06	0.002492401215805471
F33	F55	8	526	47	53633	1.8246932358557725e-08	5.065856129685917e-06	0.002497467071935157
F34	F45	9	85	407	53633	1.891930038320311e-08	5.065856129685917e-06	0.002502532928064843
N94	N99	9	658	54	53633	1.93968819048596e-08	5.065856129685917e-06	0.002507598784194529
M22	M24	8	156	154	53633	1.9468238644817872e-08	5.065856129685917e-06	0.0025126646403242146
F17	J06	26	755	504	53633	2.0580652775519642e-08	5.065856129685917e-06	0.0025177304964539007
F50	F61	11	585	104	53633	2.115714680027975e-08	5.065856129685917e-06	0.0025227963525835864
I26	J90	6	201	46	53633	2.1252578242693266e-08	5.065856129685917e-06	0.0025278622087132724
F10	K71	8	950	28	53633	2.1368074160076856e-08	5.065856129685917e-06	0.0025329280648429585
K04	K12	8	150	165	53633	2.454953961478487e-08	5.065856129685917e-06	0.002537993920972644
E10	I10	13	215	430	53633	2.5461324794610137e-08	5.065856129685917e-06	0.0025430597771023303
K29	K31	14	1751	67	53633	2.873609961045743e-08	5.065856129685917e-06	0.002548125633232016
D64	M32	7	235	71	53633	2.970375366663227e-08	5.065856129685917e-06	0.002553191489361702
N80	K36	32	1328	423	53633	3.3091457141595035e-08	5.065856129685917e-06	0.002558257345491388
K51	K92	10	214	228	53633	3.331114135241317e-08	5.065856129685917e-06	0.0025633232016210737
D12	I84	7	50	345	53633	3.3779659937592227e-08	5.065856129685917e-06	0.00256838905775076
K29	K81	19	1751	127	53633	3.4465102118186835e-08	5.065856129685917e-06	0.002573454913880446
F14	F43	11	46	1470	53633	3.493522761270311e-08	5.065856129685917e-06	0.0025785207700101316
F19	J18	16	425	356	53633	3.564603130338426e-08	5.065856129685917e-06	0.0025835866261398176
I84	K92	12	345	228	53633	3.680920557753637e-08	5.065856129685917e-06	0.0025886524822695033
N85	N97	21	196	1365	53633	3.6854362263018087e-08	5.065856129685917e-06	0.0025937183383991894
H90	J34	15	94	1456	53633	3.726076199394985e-08	5.065856129685917e-06	0.0025987841945288755
F14	F32	11	46	1482	53633	3.793650330997292e-08	5.065856129685917e-06	0.002603850050658561
K29	K92	26	1751	228	53633	3.864163206713592e-08	5.065856129685917e-06	0.002608915906788247
N05	I10	6	25	430	53633	3.9929748161107374e-08	5.065856129685917e-06	0.002613981762917933
K20	K29	8	18	1751	53633	4.149985755721902e-08	5.065856129685917e-06	0.002619047619047619
K56	K63	8	191	139	53633	4.221108921059553e-08	5.065856129685917e-06	0.002624113475177305
D50	M32	9	540	71	53633	4.2595689014345684e-08	5.065856129685917e-06	0.0026291793313069907
K36	K37	14	423	271	53633	4.366608221605898e-08	5.065856129685917e-06	0.0026342451874366768
F10	F41	34	950	661	53633	4.663820859414112e-08	5.065856129685917e-06	0.002639311043566363
F11	B16	6	300	36	53633	4.927832459733101e-08	5.065856129685917e-06	0.0026443768996960485
I10	I25	6	430	26	53633	5.155774186060981e-08	5.065856129685917e-06	0.0026494427558257346
F23	F70	7	221	82	53633	5.363306793790224e-08	5.065856129685917e-06	0.0026545086119554202
F32	F40	14	1482	82	53633	5.4240503825659844e-08	5.065856129685917e-06	0.0026595744680851063
N39	A41	12	1885	47	53633	5.720072323655176e-08	5.065856129685917e-06	0.0026646403242147924
N94	D25	16	658	239	53633	5.730660382911139e-08	5.065856129685917e-06	0.002669706180344478
K35	K65	12	1723	51	53633	5.7825975375403076e-08	5.065856129685917e-06	0.002674772036474164
E87	F17	15	183	755	53633	6.093681658643452e-08	5.065856129685917e-06	0.00267983789260385
N92	D50	25	694	540	53633	6.124750319119953e-08	5.065856129685917e-06	0.002684903748733536
E78	I73	6	342	33	53633	6.163706363279268e-08	5.065856129685917e-06	0.002689969604863222
M67	M94	11	785	87	53633	6.289818333888727e-08	5.065856129685917e-06	0.0026950354609929076
F25	F70	6	134	82	53633	6.510351762140361e-08	5.065856129685917e-06	0.0027001013171225937
N98	E28	10	166	318	53633	6.848662270079734e-08	5.065856129685917e-06	0.0027051671732522794
F45	M54	28	407	1136	53633	6.992094366209981e-08	5.065856129685917e-06	0.0027102330293819654
D64	I10	13	235	430	53633	7.233657345576502e-08	5.065856129685917e-06	0.0027152988855116515
K21	K31	8	436	67	53633	7.673218758287613e-08	5.065856129685917e-06	0.002720364741641337
K50	K61	10	387	139	53633	7.950190685797276e-08	5.065856129685917e-06	0.0027254305977710233
G35	B00	9	347	117	53633	8.010072573535142e-08	5.065856129685917e-06	0.0027304964539007093
M51	M62	8	531	56	53633	8.20078160988408e-08	5.065856129685917e-06	0.002735562310030395
F70	G40	10	82	672	53633	8.489563185445819e-08	5.065856129685917e-06	0.002740628166160081
F45	G43	21	407	681	53633	8.551741220537371e-08	5.065856129685917e-06	0.0027456940222897667
M22	M67	14	156	785	53633	8.673096383342529e-08	5.065856129685917e-06	0.002750759878419453
E03	L20	11	409	169	53633	8.724561392965889e-08	5.065856129685917e-06	0.002755825734549139
C49	D48	6	32	375	53633	8.725217043140808e-08	5.065856129685917e-06	0.0027608915906788246
M21	M24	6	76	154	53633	9.41047213560738e-08	5.065856129685917e-06	0.0027659574468085106
E14	K76	6	61	195	53633	1.0053769535170469e-07	5.065856129685917e-06	0.0027710233029381963
N83	N99	13	2077	54	53633	1.064827464357844e-07	5.065856129685917e-06	0.0027760891590678824
G43	G45	8	681	46	53633	1.1062513639369257e-07	5.065856129685917e-06	0.0027811550151975685
F17	F45	22	755	407	53633	1.1170573457965658e-07	5.065856129685917e-06	0.002786220871327254
E78	G43	19	342	681	53633	1.1251961370112855e-07	5.065856129685917e-06	0.00279128672745694
N18	N39	15	80	1885	53633	1.1274612214868719e-07	5.065856129685917e-06	0.002796352583586626
E03	J45	18	409	512	53633	1.1508042444196828e-07	5.065856129685917e-06	0.002801418439716312
K29	K52	87	1751	1477	53633	1.2094068562678913e-07	5.065856129685917e-06	0.002806484295845998
E66	L57	9	1131	40	53633	1.2143174921418902e-07	5.065856129685917e-06	0.0028115501519756837
N10	A41	8	678	47	53633	1.2748743619763174e-07	5.065856129685917e-06	0.0028166160081053698
F55	F60	9	47	955	53633	1.288289944604717e-07	5.065856129685917e-06	0.002821681864235056
E14	E78	7	61	342	53633	1.3090350235629807e-07	5.065856129685917e-06	0.0028267477203647415
N87	C53	9	1520	31	53633	1.322562583102484e-07	5.065856129685917e-06	0.0028318135764944276
N20	N28	8	578	55	53633	1.3528590550180803e-07	5.065856129685917e-06	0.0028368794326241132
D27	K66	13	443	242	53633	1.4309253487441718e-07	5.065856129685917e-06	0.0028419452887537993
D50	D64	14	540	235	53633	1.4834972593616316e-07	5.065856129685917e-06	0.0028470111448834854
I80	I82	7	229	92	53633	1.5191297430114883e-07	5.065856129685917e-06	0.002852077001013171
K31	K56	6	67	191	53633	1.5705794654058327e-07	5.065856129685917e-06	0.002857142857142857
F19	F61	9	425	104	53633	1.6014086073133354e-07	5.065856129685917e-06	0.002862208713272543
N13	N30	13	619	177	53633	1.7351271775570485e-07	5.065856129685917e-06	0.002867274569402229
F17	F33	25	755	526	53633	1.817447582583945e-07	5.065856129685917e-06	0.002872340425531915
N30	N35	7	177	122	53633	1.8418532697108102e-07	5.065856129685917e-06	0.0028774062816616006
D16	L05	10	131	451	53633	1.8663146702906006e-07	5.065856129685917e-06	0.0028824721377912867
K56	K59	13	191	582	53633	2.080796640227886e-07	5.065856129685917e-06	0.0028875379939209724
K29	K50	34	1751	387	53633	2.320051791534485e-07	5.065856129685917e-06	0.0028926038500506584
I10	J45	18	430	512	53633	2.4043392701667066e-07	5.065856129685917e-06	0.0028976697061803445
E87	M81	6	183	75	53633	2.407004821707437e-07	5.065856129685917e-06	0.00290273556231003
F17	J30	13	755	150	53633	2.410528245291611e-07	5.065856129685917e-06	0.0029078014184397163
D50	E03	18	540	409	53633	2.512167442368599e-07	5.065856129685917e-06	0.0029128672745694023
K22	K29	13	68	1751	53633	2.6972817801673105e-07	5.065856129685917e-06	0.002917933130699088
L02	L74	6	457	32	53633	2.7821672557531806e-07	5.065856129685917e-06	0.002922998986828774
E78	F60	22	342	955	53633	3.0282317147352654e-07	5.065856129685917e-06	0.0029280648429584597
F13	F31	9	249	191	53633	3.2050467035515095e-07	5.065856129685917e-06	0.002933130699088146
F14	F33	7	46	526	53633	3.224628512864656e-07	5.065856129685917e-06	0.002938196555217832
E06	E74	6	151	96	53633	3.3904581573624916e-07	5.065856129685917e-06	0.0029432624113475176
E78	F41	18	342	661	53633	3.4599519570695116e-07	5.065856129685917e-06	0.0029483282674772036
E66	K29	70	1131	1751	53633	3.522548586401858e-07	5.065856129685917e-06	0.0029533941236068893
N18	E87	6	80	183	53633	3.5417411980125734e-07	5.065856129685917e-06	0.0029584599797365754
E78	M32	7	342	71	53633	3.7784125121191884e-07	5.065856129685917e-06	0.0029635258358662615
F45	M53	11	407	197	53633	3.895328728501133e-07	5.065856129685917e-06	0.002968591691995947
F34	F50	9	85	585	53633	4.054727917141939e-07	5.065856129685917e-06	0.002973657548125633
D21	D23	6	86	176	53633	4.335729168389284e-07	5.065856129685917e-06	0.002978723404255319
A04	K85	8	213	169	53633	4.376045816311948e-07	5.065856129685917e-06	0.002983789260385005
M25	M79	8	206	175	53633	4.4290627956563694e-07	5.065856129685917e-06	0.002988855116514691
F17	G47	14	755	185	53633	4.4458369512005494e-07	5.065856129685917e-06	0.0029939209726443767
E06	I10	10	151	430	53633	4.534652330140576e-07	5.065856129685917e-06	0.0029989868287740628
M25	M67	15	206	785	53633	4.664667855744857e-07	5.065856129685917e-06	0.003004052684903749
J44	L20	6	91	169	53633	4.781638187947589e-07	5.065856129685917e-06	0.0030091185410334345
K22	K92	6	68	228	53633	4.853132394040614e-07	5.065856129685917e-06	0.0030141843971631206
N10	N13	25	678	619	53633	5.068025584609209e-07	5.065856129685917e-06	0.0030192502532928062
I88	J03	9	85	602	53633	5.143383513623625e-07	5.065856129685917e-06	0.0030243161094224923
M21	M25	6	76	206	53633	5.216124383367563e-07	5.065856129685917e-06	0.0030293819655521784
E05	E06	8	245	151	53633	5.351610618286109e-07	5.065856129685917e-06	0.003034447821681864
E03	F32	31	409	1482	53633	5.525395564081642e-07	5.065856129685917e-06	0.00303951367781155
N73	K65	7	515	51	53633	5.807423928211212e-07	5.065856129685917e-06	0.003044579533941236
N70	K36	25	1004	423	53633	6.016125288976635e-07	5.065856129685917e-06	0.003049645390070922
E14	I10	7	61	430	53633	6.093313286010213e-07	5.065856129685917e-06	0.003054711246200608
G40	G82	7	672	40	53633	6.119150294496337e-07	5.065856129685917e-06	0.0030597771023302936
F13	F61	7	249	104	53633	6.187645468854853e-07	5.065856129685917e-06	0.0030648429584599797
F17	G43	28	755	681	53633	6.380581662902911e-07	5.065856129685917e-06	0.0030699088145896654
I80	M32	6	229	71	53633	6.44554549032561e-07	5.065856129685917e-06	0.0030749746707193514
D50	I95	17	540	392	53633	6.604170913159813e-07	5.065856129685917e-06	0.0030800405268490375
N97	A74	6	1365	14	53633	6.775214009069174e-07	5.065856129685917e-06	0.003085106382978723
E66	F60	45	1131	955	53633	6.865833876860208e-07	5.065856129685917e-06	0.0030901722391084093
N11	N13	7	44	619	53633	6.978906620783628e-07	5.065856129685917e-06	0.0030952380952380953
N32	N39	8	23	1885	53633	7.013711722439486e-07	5.065856129685917e-06	0.003100303951367781
G40	G91	6	672	26	53633	7.037466262140696e-07	5.065856129685917e-06	0.003105369807497467
N92	N93	14	694	209	53633	7.151629700826067e-07	5.065856129685917e-06	0.0031104356636271527
N97	A56	9	1365	41	53633	7.341966588229568e-07	5.065856129685917e-06	0.003115501519756839
F45	K29	34	407	1751	53633	7.408877610211817e-07	5.065856129685917e-06	0.003120567375886525
F45	F50	18	407	585	53633	7.411919130660238e-07	5.065856129685917e-06	0.0031256332320162106
F12	F33	10	131	526	53633	7.559647171669431e-07	5.065856129685917e-06	0.0031306990881458966
N31	N39	11	49	1885	53633	8.352079007169742e-07	5.065856129685917e-06	0.0031357649442755823
N18	E78	7	80	342	53633	8.593219848585686e-07	5.065856129685917e-06	0.0031408308004052684
M65	M93	6	293	59	53633	8.923215447306898e-07	5.065856129685917e-06	0.0031458966565349545
D64	K29	24	235	1751	53633	9.671790729721297e-07	5.065856129685917e-06	0.00315096251266464
F21	F60	6	20	955	53633	9.825498740338955e-07	5.065856129685917e-06	0.003156028368794326
N39	D41	8	1885	24	53633	1.0195201217132362e-06	5.065856129685917e-06	0.003161094224924012
E61	F32	13	89	1482	53633	1.0415773316547064e-06	5.065856129685917e-06	0.003166160081053698
D50	F17	24	540	755	53633	1.0441477149432925e-06	5.065856129685917e-06	0.003171225937183384
F17	F41	27	755	661	53633	1.140453279074204e-06	5.065856129685917e-06	0.0031762917933130697
K01	K10	7	597	49	53633	1.1713730226423482e-06	5.065856129685917e-06	0.0031813576494427558
K29	K62	19	1751	160	53633	1.3592823709564423e-06	5.065856129685917e-06	0.003186423505572442
E66	K31	10	1131	67	53633	1.3958904108457942e-06	5.065856129685917e-06	0.0031914893617021275
K50	K52	29	387	1477	53633	1.4861205810363846e-06	5.065856129685917e-06	0.0031965552178318136
K44	K58	11	340	270	53633	1.4922555168859565e-06	5.065856129685917e-06	0.0032016210739614992
F10	F63	7	950	33	53633	1.5298756624621594e-06	5.065856129685917e-06	0.0032066869300911853
F31	F43	19	191	1470	53633	1.5388474486373651e-06	5.065856129685917e-06	0.0032117527862208714
F45	F60	23	407	955	53633	1.54869961469935e-06	5.065856129685917e-06	0.003216818642350557
D68	I10	8	100	430	53633	1.5641342959600267e-06	5.065856129685917e-06	0.003221884498480243
F06	F60	7	33	955	53633	1.583927340113156e-06	5.065856129685917e-06	0.003226950354609929
K51	K63	7	214	139	53633	1.5941902825689097e-06	5.065856129685917e-06	0.003232016210739615
N87	A63	65	1520	1230	53633	1.6220240122250824e-06	5.065856129685917e-06	0.003237082066869301
D64	E87	8	235	183	53633	1.6672974878313753e-06	5.065856129685917e-06	0.0032421479229989866
F20	F70	6	233	82	53633	1.6751507938060598e-06	5.065856129685917e-06	0.0032472137791286727
L02	L72	11	457	205	53633	1.7797824899626216e-06	5.065856129685917e-06	0.0032522796352583584
F55	G44	6	47	419	53633	1.7966670235227324e-06	5.065856129685917e-06	0.0032573454913880444
M24	M53	7	154	197	53633	1.8239278547246831e-06	5.065856129685917e-06	0.0032624113475177305
N10	N20	23	678	578	53633	1.8427483553830314e-06	5.065856129685917e-06	0.003267477203647416
D72	F17	7	42	755	53633	1.873284368783677e-06	5.065856129685917e-06	0.0032725430597771023
F12	F50	10	131	585	53633	1.956265978962285e-06	5.065856129685917e-06	0.0032776089159067883
F31	F61	6	191	104	53633	2.141090289176021e-06	5.065856129685917e-06	0.003282674772036474
G56	M65	11	326	293	53633	2.1918514044738027e-06	5.065856129685917e-06	0.00328774062816616
J30	J32	11	150	643	53633	2.2367065043156447e-06	5.065856129685917e-06	0.0032928064842958457
K07	K08	8	657	70	53633	2.3527384653797545e-06	5.065856129685917e-06	0.003297872340425532
F60	J45	26	955	512	53633	2.4038714454369263e-06	5.065856129685917e-06	0.003302938196555218
F41	I95	18	661	392	53633	2.427200530462821e-06	5.065856129685917e-06	0.0033080040526849036
N83	A56	10	2077	41	53633	2.7706984620087237e-06	5.065856129685917e-06	0.0033130699088145896
K01	K12	11	597	165	53633	2.786580208988524e-06	5.065856129685917e-06	0.0033181357649442753
N18	E03	7	80	409	53633	2.8042651156679623e-06	5.065856129685917e-06	0.0033232016210739614
N28	N39	11	55	1885	53633	2.826638139537038e-06	5.065856129685917e-06	0.0033282674772036475
A51	A63	6	19	1230	53633	3.018999653055309e-06	5.065856129685917e-06	0.003333333333333333
F19	F20	11	425	233	53633	3.0617618717500857e-06	5.065856129685917e-06	0.003338399189463019
N10	N30	12	678	177	53633	3.068936329860236e-06	5.065856129685917e-06	0.003343465045592705
F44	F45	9	155	407	53633	3.2377702257211643e-06	5.065856129685917e-06	0.003348530901722391
N86	N87	18	177	1520	53633	3.329926654172068e-06	5.065856129685917e-06	0.003353596757852077
K81	K85	6	127	169	53633	3.377175208423336e-06	5.065856129685917e-06	0.0033586626139817627
F13	F25	7	249	134	53633	3.397437010217796e-06	5.065856129685917e-06	0.0033637284701114488
N39	D64	24	1885	235	53633	3.4266169606067154e-06	5.065856129685917e-06	0.003368794326241135
N12	N13	14	269	619	53633	3.694892145614753e-06	5.065856129685917e-06	0.0033738601823708205
E87	F32	18	183	1482	53633	3.7727386225310664e-06	5.065856129685917e-06	0.0033789260385005066
G40	G81	6	672	34	53633	3.775290545692987e-06	5.065856129685917e-06	0.0033839918946301922
E61	K50	7	89	387	53633	3.998838663168194e-06	5.065856129685917e-06	0.0033890577507598783
J30	J35	19	150	2018	53633	4.0084327212536025e-06	5.065856129685917e-06	0.0033941236068895644
K51	K62	7	214	160	53633	4.059439768304583e-06	5.065856129685917e-06	0.00339918946301925
N73	D25	12	515	239	53633	4.14930772857997e-06	5.065856129685917e-06	0.003404255319148936
D64	J18	10	235	356	53633	4.562256777246895e-06	5.065856129685917e-06	0.003409321175278622
N70	K65	8	1004	51	53633	4.580505712403854e-06	5.065856129685917e-06	0.003414387031408308
F10	B17	9	950	71	53633	4.610910187382799e-06	5.065856129685917e-06	0.003419452887537994
F17	G40	26	755	672	53633	4.741285762791525e-06	5.065856129685917e-06	0.0034245187436676796
F43	F51	8	1470	36	53633	4.773274167365395e-06	5.065856129685917e-06	0.0034295845997973657
K22	K44	6	68	340	53633	4.882802355813066e-06	5.065856129685917e-06	0.0034346504559270514
F25	F32	15	134	1482	53633	4.931431228358813e-06	5.065856129685917e-06	0.0034397163120567374
F23	F61	6	221	104	53633	4.9562188773322655e-06	5.065856129685917e-06	0.0034447821681864235
M51	M53	11	531	197	53633	5.059074480276577e-06	5.065856129685917e-06	0.003449848024316109
B18	F43	19	207	1470	53633	5.0607922845000165e-06	5.065856129685917e-06	0.0034549138804457953
L02	L73	7	457	79	53633	5.322744539074285e-06	5.065856129685917e-06	0.0034599797365754813
F07	G40	6	36	672	53633	5.352579327527752e-06	5.065856129685917e-06	0.003465045592705167
F32	I95	28	1482	392	53633	5.921715515238793e-06	5.065856129685917e-06	0.003470111448834853
N72	N87	9	47	1520	53633	5.945825728796208e-06	5.065856129685917e-06	0.0034751773049645387
F45	M41	7	407	90	53633	5.984515481261203e-06	5.065856129685917e-06	0.003480243161094225
G40	G93	7	672	56	53633	6.400205378895819e-06	5.065856129685917e-06	0.003485309017223911
H81	M53	8	265	197	53633	6.965860184843109e-06	5.065856129685917e-06	0.0034903748733535966
E03	E10	10	409	215	53633	7.0129856164746205e-06	5.065856129685917e-06	0.0034954407294832826
K21	K80	30	436	1497	53633	7.1266160354456235e-06	5.065856129685917e-06	0.0035005065856129683
F50	L70	7	585	65	53633	7.138108365728168e-06	5.065856129685917e-06	0.0035055724417426544
F19	L03	8	425	124	53633	7.193039539423981e-06	5.065856129685917e-06	0.0035106382978723405
F17	B17	8	755	71	53633	7.240221390271653e-06	5.065856129685917e-06	0.003515704154002026
E03	F17	19	409	755	53633	7.298450451858196e-06	5.065856129685917e-06	0.003520770010131712
F25	F33	9	134	526	53633	7.735693770404515e-06	5.065856129685917e-06	0.003525835866261398
F45	K21	14	407	436	53633	7.801351305702733e-06	5.065856129685917e-06	0.003530901722391084
N84	N85	8	272	196	53633	8.112822766950734e-06	5.065856129685917e-06	0.00353596757852077
F12	F31	6	131	191	53633	8.144343109535135e-06	5.065856129685917e-06	0.0035410334346504557
F45	K58	11	407	270	53633	8.253231695699765e-06	5.065856129685917e-06	0.0035460992907801418
M43	M54	8	49	1136	53633	8.25484027662601e-06	5.065856129685917e-06	0.003551165146909828
F50	I95	16	585	392	53633	8.312763771764974e-06	5.065856129685917e-06	0.0035562310030395135
F60	K71	6	955	28	53633	8.456712762614977e-06	5.065856129685917e-06	0.0035612968591691996
E74	F45	7	96	407	53633	9.182246920928899e-06	5.065856129685917e-06	0.0035663627152988852
H65	H93	6	72	359	53633	9.290052613418062e-06	5.065856129685917e-06	0.0035714285714285713
F31	F50	11	191	585	53633	9.338937314262733e-06	5.065856129685917e-06	0.0035764944275582574
J01	J34	18	199	1456	53633	9.563122318223494e-06	5.065856129685917e-06	0.003581560283687943
K52	K62	16	1477	160	53633	9.970538248092e-06	5.065856129685917e-06	0.003586626139817629
F45	L70	6	407	65	53633	1.0418739469562998e-05	5.065856129685917e-06	0.003591691995947315
F60	F71	6	955	29	53633	1.0502194980048805e-05	5.065856129685917e-06	0.003596757852077001
F17	J15	9	755	98	53633	1.0681010667365645e-05	5.065856129685917e-06	0.003601823708206687
E73	K50	8	144	387	53633	1.095720448084682e-05	5.065856129685917e-06	0.0036068895643363726
E03	F43	28	409	1470	53633	1.1207965359068279e-05	5.065856129685917e-06	0.0036119554204660587
D50	K21	16	540	436	53633	1.1550114994664715e-05	5.065856129685917e-06	0.0036170212765957444
F21	F43	6	20	1470	53633	1.1691796633225619e-05	5.065856129685917e-06	0.0036220871327254304
F19	F23	10	425	221	53633	1.2422738869561274e-05	5.065856129685917e-06	0.0036271529888551165
H81	H93	10	265	359	53633	1.3995248790055042e-05	5.065856129685917e-06	0.003632218844984802
E03	F50	16	409	585	53633	1.4029743986719974e-05	5.065856129685917e-06	0.0036372847011144883
K29	K90	12	1751	82	53633	1.4145552834121994e-05	5.065856129685917e-06	0.0036423505572441743
E87	K52	17	183	1477	53633	1.4176932215682583e-05	5.065856129685917e-06	0.00364741641337386
N73	E28	13	515	318	53633	1.526850085035997e-05	5.065856129685917e-06	0.003652482269503546
G44	I95	13	419	392	53633	1.5850017569078407e-05	5.065856129685917e-06	0.0036575481256332317
E03	F33	15	409	526	53633	1.6013409848072917e-05	5.065856129685917e-06	0.003662613981762918
E28	K66	9	318	242	53633	1.6334111737322526e-05	5.065856129685917e-06	0.003667679837892604
K40	K42	7	205	207	53633	1.645355645437031e-05	5.065856129685917e-06	0.0036727456940222896
E78	G35	11	342	347	53633	1.694295858260702e-05	5.065856129685917e-06	0.0036778115501519756
B37	J06	12	281	504	53633	1.703988957316544e-05	5.065856129685917e-06	0.0036828774062816613
E03	M32	6	409	71	53633	1.787170816869412e-05	5.065856129685917e-06	0.0036879432624113474
F13	G40	13	249	672	53633	1.8682450208460232e-05	5.065856129685917e-06	0.0036930091185410335
N11	N39	9	44	1885	53633	1.870602706610284e-05	5.065856129685917e-06	0.003698074974670719
D50	K90	7	540	82	53633	1.9988141934005926e-05	5.065856129685917e-06	0.003703140830800405
J34	J37	6	1456	22	53633	2.0346851657385336e-05	5.065856129685917e-06	0.003708206686930091
E73	K29	16	144	1751	53633	2.1036959192477795e-05	5.065856129685917e-06	0.003713272543059777
E03	K76	9	409	195	53633	2.1394601371464574e-05	5.065856129685917e-06	0.003718338399189463
F06	F10	6	33	950	53633	2.237806417030159e-05	5.065856129685917e-06	0.0037234042553191487
N83	C56	8	2077	32	53633	2.2829954960710658e-05	5.065856129685917e-06	0.0037284701114488348
G43	H53	8	681	92	53633	2.3652807461120204e-05	5.065856129685917e-06	0.003733535967578521
M24	M65	7	154	293	53633	2.4194620738735975e-05	5.065856129685917e-06	0.0037386018237082065
N91	F32	14	135	1482	53633	2.4227049408986068e-05	5.065856129685917e-06	0.0037436676798378926
H65	J34	10	72	1456	53633	2.4520435504286417e-05	5.065856129685917e-06	0.0037487335359675782
N76	A60	7	647	71	53633	2.453723339930644e-05	5.065856129685917e-06	0.0037537993920972643
F32	B17	10	1482	71	53633	2.5149003848092952e-05	5.065856129685917e-06	0.0037588652482269504
N10	N35	9	678	122	53633	2.6835396498572574e-05	5.065856129685917e-06	0.003763931104356636
F33	M53	10	526	197	53633	2.839206078970114e-05	5.065856129685917e-06	0.003768996960486322
K07	K10	6	657	49	53633	2.9521168423270716e-05	5.065856129685917e-06	0.003774062816616008
N97	E22	7	1365	36	53633	2.9796276047158596e-05	5.065856129685917e-06	0.003779128672745694
D50	F44	9	540	155	53633	3.047924429090211e-05	5.065856129685917e-06	0.00378419452887538
K51	K52	18	214	1477	53633	3.0830638939029175e-05	5.065856129685917e-06	0.0037892603850050656
E66	M51	27	1131	531	53633	3.0996264023487575e-05	5.065856129685917e-06	0.0037943262411347517
I84	K29	27	345	1751	53633	3.11585655041819e-05	5.065856129685917e-06	0.0037993920972644373
F11	G40	14	300	672	53633	3.1325489419271626e-05	5.065856129685917e-06	0.0038044579533941234
J18	J20	8	356	181	53633	3.1429988188436095e-05	5.065856129685917e-06	0.0038095238095238095
B34	I95	6	82	392	53633	3.216990833729588e-05	5.065856129685917e-06	0.003814589665653495
E03	I10	13	409	430	53633	3.218906886557271e-05	5.065856129685917e-06	0.0038196555217831813
F43	F48	11	1470	89	53633	3.2641005143481976e-05	5.065856129685917e-06	0.0038247213779128673
G40	J45	19	672	512	53633	3.2665889092395904e-05	5.065856129685917e-06	0.003829787234042553
M41	M51	7	90	531	53633	3.2964810249337206e-05	5.065856129685917e-06	0.003834853090172239
F41	K76	11	661	195	53633	3.46612020874569e-05	5.065856129685917e-06	0.0038399189463019247
D50	F50	18	540	585	53633	3.506045572903499e-05	5.065856129685917e-06	0.003844984802431611
E73	K92	6	144	228	53633	3.777416145704952e-05	5.065856129685917e-06	0.003850050658561297
F07	F60	6	36	955	53633	3.8728485257564646e-05	5.065856129685917e-06	0.0038551165146909826
G44	M54	23	419	1136	53633	3.935078745173304e-05	5.065856129685917e-06	0.0038601823708206686
E78	F33	13	342	526	53633	4.036290496860034e-05	5.065856129685917e-06	0.0038652482269503543
N39	G41	7	1885	28	53633	4.050033145539595e-05	5.065856129685917e-06	0.0038703140830800404
N84	E28	9	272	318	53633	4.074942492581532e-05	5.065856129685917e-06	0.0038753799392097265
E14	E66	8	61	1131	53633	4.177308157093247e-05	5.065856129685917e-06	0.003880445795339412
G56	M25	8	326	206	53633	4.2317296845351625e-05	5.065856129685917e-06	0.003885511651469098
F17	K50	17	755	387	53633	4.38218786121172e-05	5.065856129685917e-06	0.0038905775075987843
E87	G47	6	183	185	53633	4.4983059114478205e-05	5.065856129685917e-06	0.00389564336372847
J15	J45	7	98	512	53633	4.538405748933876e-05	5.065856129685917e-06	0.003900709219858156
F30	F60	6	37	955	53633	4.552987957930879e-05	5.065856129685917e-06	0.0039057750759878417
F07	F43	7	36	1470	53633	4.7653245063783413e-05	5.065856129685917e-06	0.003910840932117528
G43	M53	11	681	197	53633	4.969226157248866e-05	5.065856129685917e-06	0.003915906788247213
F07	F32	7	36	1482	53633	5.0160482335278496e-05	5.065856129685917e-06	0.0039209726443769
G44	H81	10	419	265	53633	5.167091069968139e-05	5.065856129685917e-06	0.003926038500506586
F17	M47	8	755	93	53633	5.285287887352487e-05	5.065856129685917e-06	0.003931104356636271
K29	K63	15	1751	139	53633	5.2979643763322864e-05	5.065856129685917e-06	0.003936170212765958
J03	J04	6	602	59	53633	5.3063711646628396e-05	5.065856129685917e-06	0.003941236068895643
J18	K76	8	356	195	53633	5.325630429535866e-05	5.065856129685917e-06	0.003946301925025329
F45	I95	12	407	392	53633	5.4544781417185154e-05	5.065856129685917e-06	0.003951367781155015
D18	G40	8	105	672	53633	5.592343669132949e-05	5.065856129685917e-06	0.003956433637284701
D50	F32	32	540	1482	53633	5.643159982530302e-05	5.065856129685917e-06	0.003961499493414387
I10	M54	23	430	1136	53633	5.834817311365837e-05	5.065856129685917e-06	0.0039665653495440725
F45	F48	6	407	89	53633	6.290224041788893e-05	5.065856129685917e-06	0.003971631205673759
D23	L72	6	176	205	53633	6.399832707314773e-05	5.065856129685917e-06	0.003976697061803445
E66	L40	9	1131	83	53633	6.499000062865315e-05	5.065856129685917e-06	0.00398176291793313
N86	A63	14	177	1230	53633	6.520340459701208e-05	5.065856129685917e-06	0.003986828774062817
E87	I95	8	183	392	53633	6.67034162149609e-05	5.065856129685917e-06	0.0039918946301925025
E66	F33	26	1131	526	53633	6.848009028518419e-05	5.065856129685917e-06	0.003996960486322188
E74	K52	11	96	1477	53633	6.908318571338623e-05	5.065856129685917e-06	0.004002026342451874
D50	D68	7	540	100	53633	7.204234315798046e-05	5.065856129685917e-06	0.00400709219858156
N73	K36	14	515	423	53633	7.305353679703455e-05	5.065856129685917e-06	0.004012158054711246
F17	K02	9	755	125	53633	7.417681572290866e-05	5.065856129685917e-06	0.004017223910840932
E04	E06	7	358	151	53633	7.545265319011847e-05	5.065856129685917e-06	0.004022289766970618
H65	J35	11	72	2018	53633	7.614650312037736e-05	5.065856129685917e-06	0.004027355623100304
F11	K02	6	300	125	53633	7.824307904623915e-05	5.065856129685917e-06	0.0040324214792299895
K44	K62	7	340	160	53633	7.873403185107138e-05	5.065856129685917e-06	0.004037487335359676
K42	K80	17	207	1497	53633	8.023155405177877e-05	5.065856129685917e-06	0.004042553191489362
B18	J18	8	207	356	53633	8.086921517578745e-05	5.065856129685917e-06	0.004047619047619047
E87	I47	6	183	206	53633	8.152085726592134e-05	5.065856129685917e-06	0.004052684903748734
F22	F32	7	39	1482	53633	8.59853344874011e-05	5.065856129685917e-06	0.0040577507598784195
N76	L30	6	647	60	53633	8.673624011133277e-05	5.065856129685917e-06	0.004062816616008105
F20	F43	18	233	1470	53633	8.76940481930479e-05	5.065856129685917e-06	0.004067882472137791
D27	D36	6	443	87	53633	8.815210504057211e-05	5.065856129685917e-06	0.004072948328267477
E03	E87	8	409	183	53633	8.94754288824744e-05	5.065856129685917e-06	0.004078014184397163
N10	N23	13	678	288	53633	9.090134887868286e-05	5.065856129685917e-06	0.004083080040526849
E04	J38	6	358	108	53633	9.157750578473817e-05	5.065856129685917e-06	0.004088145896656535
F13	F44	6	249	155	53633	9.245788759029079e-05	5.065856129685917e-06	0.004093211752786221
E06	E66	12	151	1131	53633	9.357593037497721e-05	5.065856129685917e-06	0.004098277608915906
F60	L30	7	955	60	53633	9.438368132419524e-05	5.065856129685917e-06	0.004103343465045593
E73	K58	6	144	270	53633	9.601094698341505e-05	5.065856129685917e-06	0.004108409321175279
K26	K29	7	34	1751	53633	9.688576386488597e-05	5.065856129685917e-06	0.004113475177304964
E66	E88	6	1131	36	53633	9.839586788079964e-05	5.065856129685917e-06	0.004118541033434651
F43	J45	30	1470	512	53633	0.00010031434067615818	5.065856129685917e-06	0.004123606889564336
M54	M79	13	1136	175	53633	0.00010098093971459249	5.065856129685917e-06	0.004128672745694022
F32	K21	27	1482	436	53633	0.0001013193754516644	5.065856129685917e-06	0.004133738601823708
F45	G44	12	407	419	53633	0.00010225726446755565	5.065856129685917e-06	0.004138804457953394
K21	K59	15	436	582	53633	0.0001031996789507708	5.065856129685917e-06	0.00414387031408308
D68	F32	11	100	1482	53633	0.00010342825073756965	5.065856129685917e-06	0.0041489361702127655
K71	K80	6	28	1497	53633	0.0001040726510638911	5.065856129685917e-06	0.004154002026342452
K80	K86	7	1497	40	53633	0.00010830766315347567	5.065856129685917e-06	0.004159067882472138
D50	E87	9	540	183	53633	0.00011007244356786371	5.065856129685917e-06	0.004164133738601823
K44	K85	7	340	169	53633	0.00011081836964076291	5.065856129685917e-06	0.00416919959473151
F17	K76	11	755	195	53633	0.00011266604580513134	5.065856129685917e-06	0.0041742654508611955
N26	N39	6	23	1885	53633	0.00011274188168023274	5.065856129685917e-06	0.004179331306990881
K44	K92	8	340	228	53633	0.00011499319109314032	5.065856129685917e-06	0.004184397163120567
F32	J45	30	1482	512	53633	0.00011550413828075345	5.065856129685917e-06	0.004189463019250253
F43	F71	6	1470	29	53633	0.0001160135297687666	5.065856129685917e-06	0.004194528875379939
D50	K92	10	540	228	53633	0.00011964066822310674	5.065856129685917e-06	0.004199594731509625
E03	F31	8	409	191	53633	0.00012032796221231642	5.065856129685917e-06	0.004204660587639311
E03	E05	9	409	245	53633	0.00012441354656329143	5.065856129685917e-06	0.004209726443768997
E87	I10	8	183	430	53633	0.00012615411956774656	5.065856129685917e-06	0.0042147922998986825
E78	G40	14	342	672	53633	0.0001265147663296546	5.065856129685917e-06	0.004219858156028369
M19	M54	8	71	1136	53633	0.00012923660329336548	5.065856129685917e-06	0.004224924012158055
M13	M54	8	71	1136	53633	0.00012923660329336548	5.065856129685917e-06	0.00422998986828774
F43	G40	36	1470	672	53633	0.00013151667278401205	5.065856129685917e-06	0.004235055724417427
N91	F17	9	135	755	53633	0.00013393675558644972	5.065856129685917e-06	0.0042401215805471125
F43	B17	9	1470	71	53633	0.00013786137733287176	5.065856129685917e-06	0.004245187436676798
J32	M95	13	643	317	53633	0.00013969848164442313	5.065856129685917e-06	0.004250253292806484
K36	K66	9	423	242	53633	0.00014582854862712677	5.065856129685917e-06	0.00425531914893617
F45	F61	6	407	104	53633	0.00014931170677311617	5.065856129685917e-06	0.004260385005065856
K36	K56	8	423	191	53633	0.0001513642598730777	5.065856129685917e-06	0.004265450861195542
N70	N94	27	1004	658	53633	0.00015235440293406873	5.065856129685917e-06	0.004270516717325228
N39	F79	7	1885	34	53633	0.00015302009069276715	5.065856129685917e-06	0.004275582573454914
E78	F10	17	342	950	53633	0.00015475958454114634	5.065856129685917e-06	0.004280648429584599
G43	M54	30	681	1136	53633	0.0001667445926113384	5.065856129685917e-06	0.004285714285714286
G40	L70	6	672	65	53633	0.00016692087896496663	5.065856129685917e-06	0.004290780141843972
F10	F31	12	950	191	53633	0.0001713024547370879	5.065856129685917e-06	0.004295845997973657
F17	L40	7	755	83	53633	0.00017518875359050267	5.065856129685917e-06	0.004300911854103344
E86	K52	9	73	1477	53633	0.00017730163181001684	5.065856129685917e-06	0.004305977710233029
E05	I10	9	245	430	53633	0.00018059535870237098	5.065856129685917e-06	0.004311043566362715
E73	K52	13	144	1477	53633	0.00018669521715431866	5.065856129685917e-06	0.004316109422492401
E73	K21	7	144	436	53633	0.00018892675684878358	5.065856129685917e-06	0.004321175278622087
F33	J45	15	526	512	53633	0.00019683352953363075	5.065856129685917e-06	0.004326241134751773
F11	J18	9	300	356	53633	0.000200856593695346	5.065856129685917e-06	0.0043313069908814585
K29	K30	8	1751	50	53633	0.0002011160674996175	5.065856129685917e-06	0.004336372847011145
I49	I95	6	114	392	53633	0.00020143582789159474	5.065856129685917e-06	0.004341438703140831
E03	I47	8	409	206	53633	0.00020182882617531374	5.065856129685917e-06	0.004346504559270516
K58	K59	11	270	582	53633	0.00020374659368874043	5.065856129685917e-06	0.004351570415400203
K35	K38	8	1723	51	53633	0.00020781613661933606	5.065856129685917e-06	0.0043566362715298885
F10	G40	26	950	672	53633	0.00021183774874870235	5.065856129685917e-06	0.004361702127659574
D50	E78	12	540	342	53633	0.00021233706689426928	5.065856129685917e-06	0.00436676798378926
K59	K92	10	582	228	53633	0.00021827414621372086	5.065856129685917e-06	0.004371833839918946
K29	K57	9	1751	64	53633	0.00022559207052694555	5.065856129685917e-06	0.004376899696048632
E78	F43	22	342	1470	53633	0.000226364580856049	5.065856129685917e-06	0.004381965552178318
E03	I95	11	409	392	53633	0.0002447000004899545	5.065856129685917e-06	0.004387031408308004
F06	F43	6	33	1470	53633	0.0002463512509323904	5.065856129685917e-06	0.00439209726443769
D10	J35	8	45	2018	53633	0.00024636473279928106	5.065856129685917e-06	0.0043971631205673755
K56	K66	6	191	242	53633	0.0002465728495823154	5.065856129685917e-06	0.004402228976697062
F50	K29	36	585	1751	53633	0.00025617248542528443	5.065856129685917e-06	0.004407294832826748
F41	G44	15	661	419	53633	0.0002636890081763883	5.065856129685917e-06	0.004412360688956433
F19	J45	13	425	512	53633	0.0002656914555316983	5.065856129685917e-06	0.00441742654508612
K44	K76	7	340	195	53633	0.00026689622361374035	5.065856129685917e-06	0.0044224924012158055
G40	B17	6	672	71	53633	0.0002716650642529191	5.065856129685917e-06	0.004427558257345491
K50	K92	8	387	228	53633	0.0002762385813406174	5.065856129685917e-06	0.004432624113475177
F43	F55	7	1470	47	53633	0.0002762403773546524	5.065856129685917e-06	0.004437689969604863
K59	K90	6	582	82	53633	0.00027731228362698663	5.065856129685917e-06	0.004442755825734549
E03	G43	15	409	681	53633	0.0002795461510303237	5.065856129685917e-06	0.004447821681864235
D69	G40	7	101	672	53633	0.0002922539976271353	5.065856129685917e-06	0.004452887537993921
F32	G35	22	1482	347	53633	0.0003090231007742035	5.065856129685917e-06	0.004457953394123607
D64	K52	17	235	1477	53633	0.00031287609702500404	5.065856129685917e-06	0.004463019250253292
G57	M54	6	44	1136	53633	0.00031634522503855126	5.065856129685917e-06	0.004468085106382979
F41	F61	7	661	104	53633	0.00031666083418036196	5.065856129685917e-06	0.004473150962512665
F50	K76	9	585	195	53633	0.00031923195111628903	5.065856129685917e-06	0.00447821681864235
N39	M41	11	1885	90	53633	0.0003200420260864675	5.065856129685917e-06	0.004483282674772037
H66	H91	6	145	337	53633	0.00032903247775563485	5.065856129685917e-06	0.004488348530901722
N83	D62	7	2077	35	53633	0.0003348983421680121	5.065856129685917e-06	0.004493414387031408
N87	N93	16	1520	209	53633	0.0003384869549192695	5.065856129685917e-06	0.004498480243161094
N80	N92	33	1328	694	53633	0.00033869532786279694	5.065856129685917e-06	0.00450354609929078
E66	F70	8	1131	82	53633	0.00034283998828756973	5.065856129685917e-06	0.004508611955420466
F50	K21	14	585	436	53633	0.0003671714633137593	5.065856129685917e-06	0.0045136778115501515
J03	B00	7	602	117	53633	0.0003709406006765106	5.065856129685917e-06	0.004518743667679838
E66	I26	13	1131	201	53633	0.0003776009182914164	5.065856129685917e-06	0.004523809523809524
N91	F33	7	135	526	53633	0.00039444040284039627	5.065856129685917e-06	0.004528875379939209
D64	E10	6	235	215	53633	0.0003963960306170232	5.065856129685917e-06	0.004533941236068896
K21	K58	9	436	270	53633	0.0004075761600808545	5.065856129685917e-06	0.0045390070921985815
B18	N39	18	207	1885	53633	0.00041229690600810793	5.065856129685917e-06	0.004544072948328267
F17	F31	10	755	191	53633	0.0004131977746429402	5.065856129685917e-06	0.004549138804457953
N80	N85	14	1328	196	53633	0.0004142840261376512	5.065856129685917e-06	0.004554204660587639
F32	L70	8	1482	65	53633	0.00041651385801889864	5.065856129685917e-06	0.004559270516717325
F32	M53	15	1482	197	53633	0.00041734661280826146	5.065856129685917e-06	0.004564336372847011
E22	F32	6	36	1482	53633	0.0004217247879352738	5.065856129685917e-06	0.004569402228976697
N39	G82	7	1885	40	53633	0.00044127431854829675	5.065856129685917e-06	0.004574468085106383
F34	M54	8	85	1136	53633	0.0004509096355896306	5.065856129685917e-06	0.0045795339412360685
E78	F19	10	342	425	53633	0.00045372105288147624	5.065856129685917e-06	0.004584599797365755
K29	K85	15	1751	169	53633	0.0004631391558157319	5.065856129685917e-06	0.004589665653495441
E03	F60	18	409	955	53633	0.00046700454748185274	5.065856129685917e-06	0.004594731509625126
D64	E03	8	235	409	53633	0.00048690152110977076	5.065856129685917e-06	0.004599797365754813
B18	F50	9	207	585	53633	0.0004927620751355894	5.065856129685917e-06	0.0046048632218844985
N80	N84	17	1328	272	53633	0.0005037691673009404	5.065856129685917e-06	0.004609929078014184
F11	F50	11	300	585	53633	0.0005181476536988785	5.065856129685917e-06	0.00461499493414387
D22	D48	7	199	375	53633	0.0005408426675030826	5.065856129685917e-06	0.004620060790273556
F17	J00	6	755	72	53633	0.0005419320012929217	5.065856129685917e-06	0.004625126646403242
E87	G40	9	183	672	53633	0.0005448970983587735	5.065856129685917e-06	0.004630192502532928
J32	J45	16	643	512	53633	0.0005477200193776175	5.065856129685917e-06	0.004635258358662614
F50	L20	8	585	169	53633	0.0005753275222600672	5.065856129685917e-06	0.0046403242147923
E66	K22	7	1131	68	53633	0.0005766470667894479	5.065856129685917e-06	0.004645390070921985
K75	K80	6	38	1497	53633	0.0006012163255703808	5.065856129685917e-06	0.004650455927051672
K21	K92	8	436	228	53633	0.0006059522351250445	5.065856129685917e-06	0.004655521783181358
N91	E03	6	135	409	53633	0.0006230426065012705	5.065856129685917e-06	0.004660587639311043
K60	K92	6	242	228	53633	0.0006296724544730741	5.065856129685917e-06	0.00466565349544073
F22	F43	6	39	1470	53633	0.0006309619440223546	5.065856129685917e-06	0.004670719351570415
F17	F25	8	755	134	53633	0.0006543839199958213	5.065856129685917e-06	0.004675785207700101
F34	F41	6	85	661	53633	0.0006571502853321732	5.065856129685917e-06	0.004680851063829787
N70	K37	14	1004	271	53633	0.0006687916355747215	5.065856129685917e-06	0.004685916919959473
F10	F25	9	950	134	53633	0.0006729120148247926	5.065856129685917e-06	0.004690982776089159
F17	M81	6	755	75	53633	0.0006740736807830001	5.065856129685917e-06	0.0046960486322188445
D48	L90	7	375	207	53633	0.0006825721747621388	5.065856129685917e-06	0.004701114488348531
F13	F45	8	249	407	53633	0.0006885050937623979	5.065856129685917e-06	0.004706180344478217
M20	M25	7	379	206	53633	0.000705877146885917	5.065856129685917e-06	0.004711246200607902
F41	F44	8	661	155	53633	0.0007199240530965529	5.065856129685917e-06	0.004716312056737589
K29	K51	17	1751	214	53633	0.0007224125713862332	5.065856129685917e-06	0.0047213779128672745
F19	F25	6	425	134	53633	0.0007312740548785618	5.065856129685917e-06	0.00472644376899696
D50	K44	11	540	340	53633	0.0007529087536507148	5.065856129685917e-06	0.004731509625126646
A48	J35	7	41	2018	53633	0.000772441981386516	5.065856129685917e-06	0.004736575481256332
F10	F34	7	950	85	53633	0.0007975665885179431	5.065856129685917e-06	0.004741641337386018
F13	F20	6	249	233	53633	0.000817306638672788	5.065856129685917e-06	0.004746707193515704
N39	M32	9	1885	71	53633	0.0008408476654117288	5.065856129685917e-06	0.00475177304964539
F45	M51	12	407	531	53633	0.000855589963305832	5.065856129685917e-06	0.004756838905775076
G97	M54	6	53	1136	53633	0.0008755743746432371	5.065856129685917e-06	0.0047619047619047615
I10	K21	11	430	436	53633	0.0008947537290851491	5.065856129685917e-06	0.004766970618034448
E66	F32	50	1131	1482	53633	0.0009055761630137618	5.065856129685917e-06	0.004772036474164134
D25	D27	8	239	443	53633	0.0009112083554823255	5.065856129685917e-06	0.004777102330293819
N70	B37	14	1004	281	53633	0.0009488712434808018	5.065856129685917e-06	0.004782168186423506
E03	I26	7	409	201	53633	0.0009519185248106076	5.065856129685917e-06	0.0047872340425531915
N75	N76	14	435	647	53633	0.0009531113871633458	5.065856129685917e-06	0.004792299898682877
G40	M41	6	672	90	53633	0.0009670008697803843	5.065856129685917e-06	0.004797365754812563
G44	M53	7	419	197	53633	0.0009737856274775943	5.065856129685917e-06	0.004802431610942249
F41	I10	14	661	430	53633	0.001045629031649397	5.065856129685917e-06	0.004807497467071935
E06	F32	12	151	1482	53633	0.0010497895243858862	5.065856129685917e-06	0.004812563323201621
D50	I26	8	540	201	53633	0.0010598224757496155	5.065856129685917e-06	0.004817629179331307
N92	D64	10	694	235	53633	0.0010724078689611203	5.065856129685917e-06	0.004822695035460993
F17	F70	6	755	82	53633	0.0010791315556909712	5.065856129685917e-06	0.004827760891590678
B18	F33	8	207	526	53633	0.0010827723625116028	5.065856129685917e-06	0.004832826747720365
E03	M25	7	409	206	53633	0.0010975360626137886	5.065856129685917e-06	0.004837892603850051
E03	A08	7	409	207	53633	0.0011286499313959651	5.065856129685917e-06	0.004842958459979736
E03	K52	23	409	1477	53633	0.0011309383337334779	5.065856129685917e-06	0.004848024316109423
N97	D27	23	1365	443	53633	0.001156761670091029	5.065856129685917e-06	0.004853090172239108
E78	E87	6	342	183	53633	0.0012016966976257507	5.065856129685917e-06	0.004858156028368794
A04	A09	15	213	1524	53633	0.0012328077427855456	5.065856129685917e-06	0.00486322188449848
F43	L30	7	1470	60	53633	0.0012465831396798702	5.065856129685917e-06	0.004868287740628166
F23	F43	15	221	1470	53633	0.0012499339352760215	5.065856129685917e-06	0.004873353596757852
F33	I10	12	526	430	53633	0.0012600645300585448	5.065856129685917e-06	0.0048784194528875375
N12	D64	6	269	235	53633	0.0012692950110763438	5.065856129685917e-06	0.004883485309017224
J02	J06	6	126	504	53633	0.001273785459930372	5.065856129685917e-06	0.00488855116514691
J06	J45	13	504	512	53633	0.0012805438758127954	5.065856129685917e-06	0.004893617021276595
K59	K60	9	582	242	53633	0.0014281064743650656	5.065856129685917e-06	0.004898682877406282
E78	K59	11	342	582	53633	0.001435183652596527	5.065856129685917e-06	0.0049037487335359675
I10	I47	7	430	206	53633	0.0014608127566272421	5.065856129685917e-06	0.004908814589665653
N84	D25	6	272	239	53633	0.0014629595139366977	5.065856129685917e-06	0.004913880445795339
F17	K21	15	755	436	53633	0.0015141121202223947	5.065856129685917e-06	0.004918946301925025
F19	F44	6	425	155	53633	0.0015491238342049828	5.065856129685917e-06	0.004924012158054711
J31	J34	7	63	1456	53633	0.001575736895418789	5.065856129685917e-06	0.004929078014184397
F23	F33	8	221	526	53633	0.0016386170390976452	5.065856129685917e-06	0.004934143870314083
F44	F50	7	155	585	53633	0.0016458660301592585	5.065856129685917e-06	0.004939209726443769
F17	L23	6	755	89	53633	0.0016489419051785171	5.065856129685917e-06	0.0049442755825734545
J06	J20	7	504	181	53633	0.0017166443305683887	5.065856129685917e-06	0.004949341438703141
E78	M53	6	342	197	53633	0.0017473311326684621	5.065856129685917e-06	0.004954407294832827
E87	F60	10	183	955	53633	0.001748966746247374	5.065856129685917e-06	0.004959473150962512
N39	N77	8	1885	64	53633	0.0017670378423723324	5.065856129685917e-06	0.004964539007092199
F10	K02	8	950	125	53633	0.0017947811786748322	5.065856129685917e-06	0.0049696048632218845
F17	F20	10	755	233	53633	0.001870053667217695	5.065856129685917e-06	0.00497467071935157
B24	F43	6	48	1470	53633	0.0019257814272904605	5.065856129685917e-06	0.004979736575481256
I84	K58	7	345	270	53633	0.0019512100710032563	5.065856129685917e-06	0.004984802431610942
D64	F17	10	235	755	53633	0.001990461644475394	5.065856129685917e-06	0.004989868287740628
G40	J18	12	672	356	53633	0.0019975297779403554	5.065856129685917e-06	0.004994934143870314
E03	I80	7	409	229	53633	0.0020064221493308896	5.065856129685917e-06	0.005
E66	K43	7	1131	84	53633	0.0020165482621162423	5.065856129685917e-06	0.005005065856129686
E66	G47	11	1131	185	53633	0.002028001889459662	5.065856129685917e-06	0.005010131712259371
B99	E03	6	170	409	53633	0.0020373559881453245	5.065856129685917e-06	0.005015197568389058
F45	J45	11	407	512	53633	0.0020583694629791403	5.065856129685917e-06	0.005020263424518744
F33	M54	22	526	1136	53633	0.0022181501808834665	5.065856129685917e-06	0.005025329280648429
F41	G47	8	661	185	53633	0.0022212809678210242	5.065856129685917e-06	0.005030395136778116
N31	F32	6	49	1482	53633	0.002233173211382207	5.065856129685917e-06	0.005035460992907801
F32	I10	23	1482	430	53633	0.0022426307005332935	5.065856129685917e-06	0.005040526849037487
E03	K29	25	409	1751	53633	0.0022727717330172197	5.065856129685917e-06	0.005045592705167173
F10	J45	19	950	512	53633	0.0022733363634745416	5.065856129685917e-06	0.005050658561296859
F20	F33	8	233	526	53633	0.00227633612976797	5.065856129685917e-06	0.005055724417426545
F32	K29	69	1482	1751	53633	0.0022833976576749214	5.065856129685917e-06	0.0050607902735562305
E87	A09	13	183	1524	53633	0.0023448147028498918	5.065856129685917e-06	0.005065856129685917
K92	A09	15	228	1524	53633	0.0023959414021978475	5.065856129685917e-06	0.005070921985815603
D50	I80	8	540	229	53633	0.0024029951129853197	5.065856129685917e-06	0.005075987841945288
D50	K52	27	540	1477	53633	0.002443304139630454	5.065856129685917e-06	0.005081053698074975
F33	G47	7	526	185	53633	0.0024649935884595254	5.065856129685917e-06	0.0050861195542046605
M23	M79	8	713	175	53633	0.0025042299945022637	5.065856129685917e-06	0.005091185410334346
A04	K52	14	213	1477	53633	0.0025083425825102065	5.065856129685917e-06	0.005096251266464032
F10	K76	10	950	195	53633	0.0026752017485131697	5.065856129685917e-06	0.005101317122593718
E05	F17	10	245	755	53633	0.002689705264868539	5.065856129685917e-06	0.005106382978723404
I95	K29	24	392	1751	53633	0.0026897305473461337	5.065856129685917e-06	0.00511144883485309
G58	M54	8	113	1136	53633	0.0028618900826591896	5.065856129685917e-06	0.005116514690982776
E61	M54	7	89	1136	53633	0.0028721670747572097	5.065856129685917e-06	0.005121580547112462
E66	J98	8	1131	114	53633	0.002942295323145443	5.065856129685917e-06	0.0051266464032421475
D68	F17	6	100	755	53633	0.0029720064213284514	5.065856129685917e-06	0.005131712259371834
N80	N98	11	1328	166	53633	0.002982936250871261	5.065856129685917e-06	0.00513677811550152
J06	J30	6	504	150	53633	0.0030653805219706277	5.065856129685917e-06	0.005141843971631205
D64	G40	9	235	672	53633	0.0030666391785438498	5.065856129685917e-06	0.005146909827760892
K29	M81	8	1751	75	53633	0.003086877954664418	5.065856129685917e-06	0.0051519756838905775
K22	A09	7	68	1524	53633	0.0031631777383439265	5.065856129685917e-06	0.005157041540020263
E66	J44	7	1131	91	53633	0.003176322039312877	5.065856129685917e-06	0.005162107396149949
B99	J03	7	170	602	53633	0.003240204453436296	5.065856129685917e-06	0.005167173252279635
F41	M53	8	661	197	53633	0.003264894770765631	5.065856129685917e-06	0.005172239108409321
N10	B37	10	678	281	53633	0.0033351424142475223	5.065856129685917e-06	0.005177304964539007
F10	F40	6	950	82	53633	0.003401429881644487	5.065856129685917e-06	0.005182370820668693
N39	B17	8	1885	71	53633	0.0034248187590007182	5.065856129685917e-06	0.005187436676798379
D50	J18	10	540	356	53633	0.0035770073651563523	5.065856129685917e-06	0.005192502532928064
F17	F61	6	755	104	53633	0.0036096178876325255	5.065856129685917e-06	0.005197568389057751
E05	F32	15	245	1482	53633	0.0036378395360821417	5.065856129685917e-06	0.005202634245187437
J90	K29	6	46	1751	53633	0.0036793840083340604	5.065856129685917e-06	0.005207700101317122
G43	I10	13	681	430	53633	0.0037854335215189204	5.065856129685917e-06	0.005212765957446809
N80	D39	9	1328	124	53633	0.0038201150981864904	5.065856129685917e-06	0.005217831813576494
I47	J45	7	206	512	53633	0.003847309872836716	5.065856129685917e-06	0.00522289766970618
F43	M54	47	1470	1136	53633	0.0038689939893393347	5.065856129685917e-06	0.005227963525835866
F25	F43	10	134	1470	53633	0.0039567754913464774	5.065856129685917e-06	0.005233029381965552
F32	H60	7	1482	73	53633	0.004047113673910476	5.065856129685917e-06	0.005238095238095238
D64	K44	6	235	340	53633	0.004058084272050707	5.065856129685917e-06	0.0052431610942249235
N39	A49	6	1885	44	53633	0.004205694518026823	5.065856129685917e-06	0.00524822695035461
D22	I83	9	199	839	53633	0.004359972468272723	5.065856129685917e-06	0.005253292806484296
E73	F17	7	144	755	53633	0.0044549443582920754	5.065856129685917e-06	0.005258358662613981
N93	N94	8	209	658	53633	0.0045313039768785516	5.065856129685917e-06	0.005263424518743668
I95	A09	21	392	1524	53633	0.004565902067326409	5.065856129685917e-06	0.0052684903748733535
A04	K50	6	213	387	53633	0.00470761689449605	5.065856129685917e-06	0.005273556231003039
M25	M54	11	206	1136	53633	0.004756829766048224	5.065856129685917e-06	0.005278622087132726
G43	I95	12	681	392	53633	0.004798759273262	5.065856129685917e-06	0.005283687943262411
N39	M81	8	1885	75	53633	0.0048041543494485705	5.065856129685917e-06	0.005288753799392097
E87	F43	12	183	1470	53633	0.004834999044351608	5.065856129685917e-06	0.005293819655521783
E78	F45	8	342	407	53633	0.004924321653036395	5.065856129685917e-06	0.005298885511651469
F60	I95	15	955	392	53633	0.004982784820867191	5.065856129685917e-06	0.005303951367781155
N39	F11	20	1885	300	53633	0.005068654925531063	5.065856129685917e-06	0.0053090172239108405
N73	N84	8	515	272	53633	0.005093962728400473	5.065856129685917e-06	0.005314083080040527
F43	G47	12	1470	185	53633	0.005265734025449473	5.065856129685917e-06	0.005319148936170213
F41	G43	17	661	681	53633	0.005270648137445939	5.065856129685917e-06	0.005324214792299898
