ICD1	ICD2	val11	occ1	occ2	NN	pval	bonf_thresh	fdr_thresh
E86	A08	794	1942	3999	49687	0.0	5.367686527106817e-06	5.367686527106817e-06
K02	K04	383	1884	741	49687	0.0	5.367686527106817e-06	1.0735373054213634e-05
H65	J35	4432	5578	10116	49687	0.0	5.367686527106817e-06	1.6103059581320453e-05
N13	N39	353	800	2930	49687	2.5950760754395515e-217	5.367686527106817e-06	2.1470746108427268e-05
E86	A09	613	1942	4031	49687	4.517323937801865e-207	5.367686527106817e-06	2.6838432635534083e-05
K02	K08	181	1884	244	49687	2.335805331291027e-203	5.367686527106817e-06	3.2206119162640905e-05
H50	H52	97	550	144	49687	3.7217574664882835e-156	5.367686527106817e-06	3.757380568974772e-05
H70	K04	112	219	741	49687	4.9801445629835306e-145	5.367686527106817e-06	4.2941492216854536e-05
J00	J20	375	1470	3325	49687	1.000475239618127e-118	5.367686527106817e-06	4.830917874396135e-05
N10	N39	230	667	2930	49687	8.473208694128553e-113	5.367686527106817e-06	5.367686527106817e-05
H74	J39	47	101	140	49687	3.2148439067929264e-95	5.367686527106817e-06	5.904455179817499e-05
J18	J20	422	2223	3325	49687	1.867186045586482e-88	5.367686527106817e-06	6.441223832528181e-05
G40	G41	67	1224	113	49687	1.0835707715222265e-77	5.367686527106817e-06	6.977992485238863e-05
F83	G40	87	267	1224	49687	7.073168775255395e-72	5.367686527106817e-06	7.514761137949544e-05
K02	K12	103	1884	285	49687	1.7078528667367175e-71	5.367686527106817e-06	8.051529790660226e-05
H61	J35	197	291	10116	49687	1.920641087341519e-68	5.367686527106817e-06	8.588298443370907e-05
H65	H90	169	5578	347	49687	4.331732906726699e-68	5.367686527106817e-06	9.125067096081589e-05
F80	F83	49	197	267	49687	1.9229124181669474e-67	5.367686527106817e-06	9.66183574879227e-05
E86	E87	114	1942	381	49687	2.310726402107427e-67	5.367686527106817e-06	0.00010198604401502952
H90	J35	218	347	10116	49687	1.3488996695232951e-66	5.367686527106817e-06	0.00010735373054213633
H50	H53	47	550	105	49687	1.5967590195210997e-63	5.367686527106817e-06	0.00011272141706924316
J15	J20	216	914	3325	49687	1.786094897041849e-61	5.367686527106817e-06	0.00011808910359634998
G80	M62	32	137	87	49687	1.3854343554016367e-60	5.367686527106817e-06	0.0001234567901234568
N10	N13	95	667	800	49687	7.057229893433619e-60	5.367686527106817e-06	0.00012882447665056362
J20	J45	184	3325	730	49687	6.246804437316891e-57	5.367686527106817e-06	0.00013419216317767042
H52	H53	32	144	105	49687	1.1680386605102218e-56	5.367686527106817e-06	0.00013955984970477725
E87	A08	140	381	3999	49687	6.458315697680961e-56	5.367686527106817e-06	0.00014492753623188405
N13	N28	41	800	87	49687	6.214345614736156e-50	5.367686527106817e-06	0.00015029522275899088
G82	M62	25	100	87	49687	5.862386198752326e-48	5.367686527106817e-06	0.00015566290928609768
N31	N39	66	125	2930	49687	2.8600582840180457e-47	5.367686527106817e-06	0.00016103059581320451
G40	G82	45	1224	100	49687	3.156175508835753e-45	5.367686527106817e-06	0.00016639828234031132
H74	J35	86	101	10116	49687	2.8146247354504535e-44	5.367686527106817e-06	0.00017176596886741814
J18	J45	132	2223	730	49687	3.173007411139399e-43	5.367686527106817e-06	0.00017713365539452497
F84	G40	45	111	1224	49687	1.0736097862069403e-42	5.367686527106817e-06	0.00018250134192163178
B37	L22	83	901	689	49687	1.5282821931453027e-42	5.367686527106817e-06	0.0001878690284487386
F80	F82	27	197	128	49687	5.939902865475504e-39	5.367686527106817e-06	0.0001932367149758454
H90	H91	31	347	128	49687	9.959745777992517e-39	5.367686527106817e-06	0.00019860440150295223
E87	A09	118	381	4031	49687	2.0495963526939474e-38	5.367686527106817e-06	0.00020397208803005904
E84	K86	14	78	18	49687	4.871037470157458e-37	5.367686527106817e-06	0.00020933977455716587
C71	D43	16	96	29	49687	6.697009912444685e-37	5.367686527106817e-06	0.00021470746108427267
N13	N31	37	800	125	49687	3.831083280756398e-36	5.367686527106817e-06	0.0002200751476113795
G80	G82	22	137	100	49687	5.113267654057247e-36	5.367686527106817e-06	0.00022544283413848632
J35	J39	97	10116	140	49687	9.762537081753262e-36	5.367686527106817e-06	0.00023081052066559313
N10	A41	42	667	225	49687	4.906990253325631e-35	5.367686527106817e-06	0.00023617820719269996
M13	M25	21	140	90	49687	8.419214215922244e-35	5.367686527106817e-06	0.00024154589371980676
G81	M62	18	80	87	49687	1.187118939160731e-33	5.367686527106817e-06	0.0002469135802469136
K59	K60	34	1141	84	49687	1.4334481578590983e-33	5.367686527106817e-06	0.0002522812667740204
H66	J20	222	1400	3325	49687	1.550062896783721e-33	5.367686527106817e-06	0.00025764895330112724
B37	J20	167	901	3325	49687	1.820816039790743e-33	5.367686527106817e-06	0.00026301663982823405
N10	B96	26	667	58	49687	1.9274985474321953e-33	5.367686527106817e-06	0.00026838432635534085
G51	A69	18	128	61	49687	8.570250912539733e-33	5.367686527106817e-06	0.00027375201288244765
J45	J46	28	730	79	49687	2.6682436577938793e-31	5.367686527106817e-06	0.0002791196994095545
K08	K12	30	244	285	49687	1.0038837716675017e-30	5.367686527106817e-06	0.0002844873859366613
J00	L22	87	1470	689	49687	4.819760324374687e-30	5.367686527106817e-06	0.0002898550724637681
J30	J45	29	96	730	49687	4.922177245579227e-30	5.367686527106817e-06	0.0002952227589908749
F80	H90	29	197	347	49687	1.4362775297579207e-29	5.367686527106817e-06	0.00030059044551798177
E66	E78	19	303	51	49687	1.904248935157271e-29	5.367686527106817e-06	0.00030595813204508857
H65	H74	58	5578	101	49687	2.88035600593496e-29	5.367686527106817e-06	0.00031132581857219537
J20	L22	133	3325	689	49687	1.183833053362995e-28	5.367686527106817e-06	0.0003166935050993022
F83	F84	22	267	111	49687	2.996124263692037e-28	5.367686527106817e-06	0.00032206119162640903
J12	J20	80	292	3325	49687	4.794338745872141e-28	5.367686527106817e-06	0.00032742887815351583
C71	G93	16	96	91	49687	2.339462965748748e-27	5.367686527106817e-06	0.00033279656468062263
H66	J06	191	1400	2939	49687	2.7143350529582065e-27	5.367686527106817e-06	0.0003381642512077295
L22	A09	146	689	4031	49687	3.843781838631789e-27	5.367686527106817e-06	0.0003435319377348363
G91	G93	17	139	91	49687	1.377818785748347e-26	5.367686527106817e-06	0.0003488996242619431
B37	J21	72	901	887	49687	4.1964151922207757e-26	5.367686527106817e-06	0.00035426731078904995
G93	J96	22	91	430	49687	9.866387399023819e-26	5.367686527106817e-06	0.00035963499731615675
E16	E87	24	139	381	49687	1.9571706191389745e-25	5.367686527106817e-06	0.00036500268384326355
M08	M13	16	85	140	49687	4.342782630919126e-25	5.367686527106817e-06	0.00037037037037037035
J20	J44	134	3325	765	49687	1.1474974472623189e-24	5.367686527106817e-06	0.0003757380568974772
G91	I61	11	139	19	49687	4.062883567554014e-24	5.367686527106817e-06	0.000381105743424584
C71	J96	21	96	430	49687	1.2716404001284188e-23	5.367686527106817e-06	0.0003864734299516908
F82	F83	20	128	267	49687	1.3974346809124877e-23	5.367686527106817e-06	0.00039184111647879767
J45	L20	40	730	350	49687	1.6630247655021513e-23	5.367686527106817e-06	0.00039720880300590447
N39	A41	60	2930	225	49687	1.7265919323474704e-23	5.367686527106817e-06	0.00040257648953301127
J18	J90	27	2223	51	49687	2.5703190616856358e-23	5.367686527106817e-06	0.00040794417606011807
C91	C95	8	87	8	49687	6.345785818286359e-23	5.367686527106817e-06	0.00041331186258722493
H66	J00	114	1400	1470	49687	2.9864030673222696e-22	5.367686527106817e-06	0.00041867954911433173
G40	G91	32	1224	139	49687	5.443527124583133e-22	5.367686527106817e-06	0.00042404723564143853
H73	J00	25	64	1470	49687	6.503473792249603e-22	5.367686527106817e-06	0.00042941492216854533
K02	K10	21	1884	34	49687	7.423443045899045e-22	5.367686527106817e-06	0.0004347826086956522
N28	N39	36	87	2930	49687	8.407033876388989e-22	5.367686527106817e-06	0.000440150295222759
N12	N39	47	151	2930	49687	8.608229366041968e-22	5.367686527106817e-06	0.0004455179817498658
N30	N39	45	142	2930	49687	2.7831751140023463e-21	5.367686527106817e-06	0.00045088566827697265
D64	J96	24	184	430	49687	3.5149039694210045e-21	5.367686527106817e-06	0.00045625335480407945
G40	J96	52	1224	430	49687	4.747951363236299e-21	5.367686527106817e-06	0.00046162104133118625
G40	G81	25	1224	80	49687	4.8254824650036085e-21	5.367686527106817e-06	0.00046698872785829305
H66	J03	132	1400	1934	49687	9.943008883389215e-21	5.367686527106817e-06	0.0004723564143853999
K04	K08	32	741	244	49687	1.0768833149604056e-20	5.367686527106817e-06	0.0004777241009125067
I88	K56	29	457	311	49687	1.942286371216184e-20	5.367686527106817e-06	0.0004830917874396135
H66	H70	39	1400	219	49687	4.033618440382701e-20	5.367686527106817e-06	0.0004884594739667204
H50	H55	15	550	38	49687	4.647759338486291e-20	5.367686527106817e-06	0.0004938271604938272
C71	G81	12	96	80	49687	7.168622348791726e-20	5.367686527106817e-06	0.000499194847020934
H66	H72	20	1400	44	49687	8.06366028294608e-20	5.367686527106817e-06	0.0005045625335480408
H61	H65	90	291	5578	49687	9.904513839833557e-20	5.367686527106817e-06	0.0005099302200751476
J18	J44	96	2223	765	49687	1.178291231343707e-19	5.367686527106817e-06	0.0005152979066022545
J21	J96	43	887	430	49687	1.18510178542859e-19	5.367686527106817e-06	0.0005206655931293613
K35	K65	13	774	20	49687	2.0184517912135413e-19	5.367686527106817e-06	0.0005260332796564681
H10	J00	51	380	1470	49687	2.743005601476154e-19	5.367686527106817e-06	0.0005314009661835749
N10	N12	24	667	151	49687	7.314656624124301e-19	5.367686527106817e-06	0.0005367686527106817
E10	E16	16	203	139	49687	8.050256659962768e-19	5.367686527106817e-06	0.0005421363392377885
F89	G40	28	128	1224	49687	8.749315719969508e-19	5.367686527106817e-06	0.0005475040257648953
N83	K40	20	84	740	49687	9.852142224213591e-19	5.367686527106817e-06	0.0005528717122920021
C71	E23	10	96	44	49687	1.0506243879086528e-18	5.367686527106817e-06	0.000558239398819109
A08	L22	127	3999	689	49687	1.0932128979100431e-18	5.367686527106817e-06	0.0005636070853462158
C71	G91	13	96	139	49687	1.1976271155474262e-18	5.367686527106817e-06	0.0005689747718733226
K42	K43	12	288	36	49687	1.2629942233274513e-18	5.367686527106817e-06	0.0005743424584004294
E10	E14	10	203	24	49687	1.9325884008718714e-18	5.367686527106817e-06	0.0005797101449275362
C91	A41	14	87	225	49687	4.091003619438365e-18	5.367686527106817e-06	0.000585077831454643
B37	J31	37	901	342	49687	5.260709855754979e-18	5.367686527106817e-06	0.0005904455179817498
E84	K74	7	78	11	49687	5.8502123576579844e-18	5.367686527106817e-06	0.0005958132045088567
C47	C74	6	11	28	49687	8.315077067422005e-18	5.367686527106817e-06	0.0006011808910359635
F83	G82	15	267	100	49687	1.0201980441315141e-17	5.367686527106817e-06	0.0006065485775630703
H47	H49	7	22	39	49687	1.7541271429062085e-17	5.367686527106817e-06	0.0006119162640901771
J15	J90	17	914	51	49687	2.2473757381725807e-17	5.367686527106817e-06	0.0006172839506172839
B37	H10	38	901	380	49687	2.670864786768565e-17	5.367686527106817e-06	0.0006226516371443907
F83	F98	20	267	262	49687	2.8025992098293745e-17	5.367686527106817e-06	0.0006280193236714975
E86	B00	69	1942	555	49687	3.3181408000122514e-17	5.367686527106817e-06	0.0006333870101986045
N39	B96	26	2930	58	49687	3.4004262323976635e-17	5.367686527106817e-06	0.0006387546967257113
N12	N13	24	151	800	49687	4.4295283646955246e-17	5.367686527106817e-06	0.0006441223832528181
D43	G91	9	29	139	49687	7.701758705984728e-17	5.367686527106817e-06	0.0006494900697799249
B37	J00	77	901	1470	49687	1.583778171073438e-16	5.367686527106817e-06	0.0006548577563070317
H05	J01	10	55	134	49687	3.813317412679285e-16	5.367686527106817e-06	0.0006602254428341385
B37	K21	34	901	328	49687	4.3041736960494396e-16	5.367686527106817e-06	0.0006655931293612453
F83	F89	15	267	128	49687	4.657298600735783e-16	5.367686527106817e-06	0.0006709608158883522
G40	G93	22	1224	91	49687	4.7766140219700385e-16	5.367686527106817e-06	0.000676328502415459
F43	F98	17	195	262	49687	5.655439060392715e-16	5.367686527106817e-06	0.0006816961889425658
G40	G80	26	1224	137	49687	6.065429836591548e-16	5.367686527106817e-06	0.0006870638754696726
F80	F98	17	197	262	49687	6.714357411808471e-16	5.367686527106817e-06	0.0006924315619967794
F82	G40	25	128	1224	49687	1.0813518052098569e-15	5.367686527106817e-06	0.0006977992485238862
F83	F93	13	267	88	49687	1.9484725615865155e-15	5.367686527106817e-06	0.000703166935050993
J18	J96	61	2223	430	49687	2.0612007787830924e-15	5.367686527106817e-06	0.0007085346215780999
B27	J03	31	139	1934	49687	2.339694051837871e-15	5.367686527106817e-06	0.0007139023081052067
H61	H90	21	291	347	49687	2.718410776790098e-15	5.367686527106817e-06	0.0007192699946323135
J12	J21	31	292	887	49687	2.893455384471262e-15	5.367686527106817e-06	0.0007246376811594203
I34	I42	6	20	35	49687	2.9902607109322854e-15	5.367686527106817e-06	0.0007300053676865271
C91	D61	8	87	39	49687	3.736665602586802e-15	5.367686527106817e-06	0.0007353730542136339
J44	J46	17	765	79	49687	4.2346147963507716e-15	5.367686527106817e-06	0.0007407407407407407
E23	E34	10	44	221	49687	5.366867334873702e-15	5.367686527106817e-06	0.0007461084272678476
E84	J96	14	78	430	49687	6.626146002170391e-15	5.367686527106817e-06	0.0007514761137949544
F81	F91	7	29	65	49687	7.16504745241353e-15	5.367686527106817e-06	0.0007568438003220612
G81	I63	7	80	24	49687	7.254396288020618e-15	5.367686527106817e-06	0.000762211486849168
H27	H40	6	32	25	49687	7.616284637908477e-15	5.367686527106817e-06	0.0007675791733762748
G82	M67	9	100	64	49687	9.412738867182446e-15	5.367686527106817e-06	0.0007729468599033816
F83	F90	13	267	100	49687	1.0899199515172302e-14	5.367686527106817e-06	0.0007783145464304884
J13	J90	8	75	51	49687	1.1080029954246887e-14	5.367686527106817e-06	0.0007836822329575953
M21	M96	6	89	11	49687	1.275831567806774e-14	5.367686527106817e-06	0.0007890499194847021
I27	I50	6	32	28	49687	1.61801173972032e-14	5.367686527106817e-06	0.0007944176060118089
I42	I50	6	35	28	49687	2.894863061041916e-14	5.367686527106817e-06	0.0007997852925389157
N35	N39	17	29	2930	49687	3.162741658513172e-14	5.367686527106817e-06	0.0008051529790660225
H10	J31	22	380	342	49687	4.0417250200209246e-14	5.367686527106817e-06	0.0008105206655931293
K40	K42	27	740	288	49687	5.073432686629823e-14	5.367686527106817e-06	0.0008158883521202361
N10	N11	11	667	29	49687	6.53257344089563e-14	5.367686527106817e-06	0.0008212560386473431
N39	N76	44	2930	205	49687	6.566133580103124e-14	5.367686527106817e-06	0.0008266237251744499
J00	J18	131	1470	2223	49687	7.017357018019014e-14	5.367686527106817e-06	0.0008319914117015567
J31	J40	22	342	394	49687	8.400659590908576e-14	5.367686527106817e-06	0.0008373590982286635
D61	D69	10	39	333	49687	8.546798687733072e-14	5.367686527106817e-06	0.0008427267847557703
K60	K62	8	84	60	49687	1.128588751846735e-13	5.367686527106817e-06	0.0008480944712828771
F82	G11	6	128	11	49687	1.186758264482005e-13	5.367686527106817e-06	0.0008534621578099839
E16	A08	41	139	3999	49687	1.2410714969463392e-13	5.367686527106817e-06	0.0008588298443370907
E16	E86	29	139	1942	49687	1.2759194611973377e-13	5.367686527106817e-06	0.0008641975308641976
C71	D70	9	96	89	49687	1.4291347116271306e-13	5.367686527106817e-06	0.0008695652173913044
F81	F90	7	29	100	49687	1.6252492152563369e-13	5.367686527106817e-06	0.0008749329039184112
E86	J06	196	1942	2939	49687	1.745605539124635e-13	5.367686527106817e-06	0.000880300590445518
H69	J35	27	34	10116	49687	2.473070523387244e-13	5.367686527106817e-06	0.0008856682769726248
G82	G93	9	100	91	49687	2.5620108091912687e-13	5.367686527106817e-06	0.0008910359634997316
F43	F90	11	195	100	49687	2.6740201235828055e-13	5.367686527106817e-06	0.0008964036500268384
H65	J39	48	5578	140	49687	4.62735729588681e-13	5.367686527106817e-06	0.0009017713365539453
N11	N13	11	29	800	49687	4.680430580725784e-13	5.367686527106817e-06	0.0009071390230810521
G44	H81	6	109	15	49687	4.774078612109932e-13	5.367686527106817e-06	0.0009125067096081589
H66	J18	124	1400	2223	49687	5.072881185716079e-13	5.367686527106817e-06	0.0009178743961352657
D61	D70	7	39	89	49687	6.824163855195172e-13	5.367686527106817e-06	0.0009232420826623725
F90	F91	8	100	65	49687	9.285970679643858e-13	5.367686527106817e-06	0.0009286097691894793
K21	K29	13	328	115	49687	9.522567566747215e-13	5.367686527106817e-06	0.0009339774557165861
F80	F84	11	197	111	49687	9.622413985340653e-13	5.367686527106817e-06	0.000939345142243693
D69	D70	12	333	89	49687	1.0078992817289692e-12	5.367686527106817e-06	0.0009447128287707998
F70	F80	7	20	197	49687	1.0266620332319207e-12	5.367686527106817e-06	0.0009500805152979066
H10	J20	66	380	3325	49687	1.0608224121889558e-12	5.367686527106817e-06	0.0009554482018250134
F93	F94	7	88	42	49687	1.0987295042787495e-12	5.367686527106817e-06	0.0009608158883521202
G80	G81	9	137	80	49687	1.386070739931936e-12	5.367686527106817e-06	0.000966183574879227
H66	J02	53	1400	623	49687	1.6309615741690279e-12	5.367686527106817e-06	0.0009715512614063338
K74	K90	6	11	200	49687	1.7920169499011632e-12	5.367686527106817e-06	0.0009769189479334407
J30	J44	16	96	765	49687	1.8039056345898995e-12	5.367686527106817e-06	0.0009822866344605474
B27	L27	8	139	52	49687	2.0749940000275168e-12	5.367686527106817e-06	0.0009876543209876543
J21	L22	43	887	689	49687	2.224584578957002e-12	5.367686527106817e-06	0.0009930220075147613
E66	I10	9	303	40	49687	2.3989643639728623e-12	5.367686527106817e-06	0.000998389694041868
J18	J98	56	2223	442	49687	3.2113620132912973e-12	5.367686527106817e-06	0.0010037573805689749
M79	M86	7	103	42	49687	3.397599356235961e-12	5.367686527106817e-06	0.0010091250670960816
G80	M21	9	137	89	49687	3.720625594139349e-12	5.367686527106817e-06	0.0010144927536231885
L01	L20	13	120	350	49687	3.745003085541785e-12	5.367686527106817e-06	0.0010198604401502952
J46	J96	12	79	430	49687	4.599355290007626e-12	5.367686527106817e-06	0.001025228126677402
J06	J20	292	2939	3325	49687	5.0707095575003585e-12	5.367686527106817e-06	0.001030595813204509
G47	J35	121	330	10116	49687	5.087173702323592e-12	5.367686527106817e-06	0.0010359634997316157
C49	D48	6	15	162	49687	5.345160660405213e-12	5.367686527106817e-06	0.0010413311862587226
G24	G82	7	46	100	49687	5.420410923991731e-12	5.367686527106817e-06	0.0010466988727858293
F80	F90	10	197	100	49687	9.68657393060423e-12	5.367686527106817e-06	0.0010520665593129362
J96	J98	23	430	442	49687	1.1004621025025418e-11	5.367686527106817e-06	0.0010574342458400429
E73	E74	7	59	86	49687	1.1498772513995862e-11	5.367686527106817e-06	0.0010628019323671498
H49	H50	10	39	550	49687	1.2138737661964485e-11	5.367686527106817e-06	0.0010681696188942565
N11	N39	15	29	2930	49687	1.2324295397916126e-11	5.367686527106817e-06	0.0010735373054213634
F90	F92	6	100	26	49687	1.2716523677744821e-11	5.367686527106817e-06	0.0010789049919484703
D16	D48	7	33	162	49687	1.3671037803298702e-11	5.367686527106817e-06	0.001084272678475577
K35	K37	15	774	92	49687	1.4577731412685725e-11	5.367686527106817e-06	0.001089640365002684
J12	J45	24	292	730	49687	1.5944428437533604e-11	5.367686527106817e-06	0.0010950080515297906
F83	G91	12	267	139	49687	1.647263176132438e-11	5.367686527106817e-06	0.0011003757380568975
J21	J44	44	887	765	49687	1.8171356287974472e-11	5.367686527106817e-06	0.0011057434245840042
J06	J18	209	2939	2223	49687	2.1185437476717108e-11	5.367686527106817e-06	0.0011111111111111111
J93	J98	7	15	442	49687	2.544141399013124e-11	5.367686527106817e-06	0.001116478797638218
F83	G41	11	267	113	49687	3.1451320349089255e-11	5.367686527106817e-06	0.0011218464841653247
E84	K90	9	78	200	49687	3.32066443311548e-11	5.367686527106817e-06	0.0011272141706924316
F50	F98	12	151	262	49687	3.514729022525061e-11	5.367686527106817e-06	0.0011325818572195383
N13	N20	10	800	32	49687	5.1879888478002156e-11	5.367686527106817e-06	0.0011379495437466452
H27	H53	6	32	105	49687	6.67693859850837e-11	5.367686527106817e-06	0.001143317230273752
D50	J00	37	360	1470	49687	7.140836484500179e-11	5.367686527106817e-06	0.0011486849168008588
G82	J96	12	100	430	49687	8.012275441472892e-11	5.367686527106817e-06	0.0011540526033279657
N31	K59	19	125	1141	49687	8.505057722802592e-11	5.367686527106817e-06	0.0011594202898550724
F83	H90	16	267	347	49687	9.396642977246188e-11	5.367686527106817e-06	0.0011647879763821793
G93	H49	6	91	39	49687	9.917156589274327e-11	5.367686527106817e-06	0.001170155662909286
J44	J45	38	765	730	49687	1.1311807787721788e-10	5.367686527106817e-06	0.001175523349436393
C71	H49	6	96	39	49687	1.3753412338229726e-10	5.367686527106817e-06	0.0011808910359634996
L90	M21	6	42	89	49687	1.385714600445643e-10	5.367686527106817e-06	0.0011862587224906066
F80	G40	24	197	1224	49687	1.5179217299818186e-10	5.367686527106817e-06	0.0011916264090177135
F84	G41	8	111	113	49687	2.021705269453247e-10	5.367686527106817e-06	0.0011969940955448202
J06	J11	38	2939	202	49687	2.193006543200691e-10	5.367686527106817e-06	0.001202361782071927
N30	N35	6	142	29	49687	2.2038360178336123e-10	5.367686527106817e-06	0.0012077294685990338
D50	J15	28	360	914	49687	2.2606789664565482e-10	5.367686527106817e-06	0.0012130971551261407
J20	J96	66	3325	430	49687	2.7445960793234276e-10	5.367686527106817e-06	0.0012184648416532474
B37	B99	54	901	1146	49687	3.019258198542804e-10	5.367686527106817e-06	0.0012238325281803543
G81	G82	7	80	100	49687	3.0427171490511806e-10	5.367686527106817e-06	0.0012292002147074612
J00	J04	64	1470	914	49687	3.0565418394451367e-10	5.367686527106817e-06	0.0012345679012345679
B37	J06	102	901	2939	49687	3.1295887100863587e-10	5.367686527106817e-06	0.0012399355877616748
D64	D68	8	184	73	49687	3.321496224324369e-10	5.367686527106817e-06	0.0012453032742887815
E86	K52	75	1942	880	49687	3.465247788413018e-10	5.367686527106817e-06	0.0012506709608158884
D50	L22	24	360	689	49687	3.675704779976181e-10	5.367686527106817e-06	0.001256038647342995
J02	A09	97	623	4031	49687	4.600623892940229e-10	5.367686527106817e-06	0.001261406333870102
D61	A41	7	39	225	49687	4.834903593780244e-10	5.367686527106817e-06	0.001266774020397209
N39	B37	101	2930	901	49687	5.545243792055685e-10	5.367686527106817e-06	0.0012721417069243156
J18	J42	19	2223	75	49687	5.550307903693896e-10	5.367686527106817e-06	0.0012775093934514225
G80	M67	7	137	64	49687	5.654665620293835e-10	5.367686527106817e-06	0.0012828770799785292
B99	J31	30	1146	342	49687	5.99660584299387e-10	5.367686527106817e-06	0.0012882447665056361
F90	F93	7	100	88	49687	6.001381564350985e-10	5.367686527106817e-06	0.0012936124530327428
F43	F92	6	195	26	49687	7.293948318189275e-10	5.367686527106817e-06	0.0012989801395598497
H66	H92	14	1400	59	49687	7.589158699849293e-10	5.367686527106817e-06	0.0013043478260869566
F70	F83	6	20	267	49687	8.281919718237809e-10	5.367686527106817e-06	0.0013097155126140633
H10	H66	35	380	1400	49687	1.221216446700764e-09	5.367686527106817e-06	0.0013150831991411702
B37	J40	28	901	394	49687	1.2613646985474553e-09	5.367686527106817e-06	0.001320450885668277
M02	M13	6	39	140	49687	1.3573792252326128e-09	5.367686527106817e-06	0.0013258185721953838
H52	H55	6	144	38	49687	1.3643577511115896e-09	5.367686527106817e-06	0.0013311862587224905
F43	F81	6	195	29	49687	1.4902593030725495e-09	5.367686527106817e-06	0.0013365539452495974
F83	H50	18	267	550	49687	1.5434064117867392e-09	5.367686527106817e-06	0.0013419216317767043
F83	G93	9	267	91	49687	1.742167135783817e-09	5.367686527106817e-06	0.001347289318303811
C71	G40	16	96	1224	49687	1.7442434480638548e-09	5.367686527106817e-06	0.001352657004830918
A02	E86	27	178	1942	49687	1.7881708084577583e-09	5.367686527106817e-06	0.0013580246913580246
D68	J35	38	73	10116	49687	1.938628744993205e-09	5.367686527106817e-06	0.0013633923778851316
F91	F93	6	65	88	49687	1.970887995461739e-09	5.367686527106817e-06	0.0013687600644122382
J04	J20	110	914	3325	49687	2.0017827305845942e-09	5.367686527106817e-06	0.0013741277509393452
G81	J96	10	80	430	49687	2.038207937666336e-09	5.367686527106817e-06	0.001379495437466452
H60	H66	17	98	1400	49687	2.1488763117050877e-09	5.367686527106817e-06	0.0013848631239935588
M13	M86	6	140	42	49687	2.1673669696882274e-09	5.367686527106817e-06	0.0013902308105206657
N10	N28	12	667	87	49687	2.201899147754372e-09	5.367686527106817e-06	0.0013955984970477724
F43	F93	8	195	88	49687	2.3940204546130073e-09	5.367686527106817e-06	0.0014009661835748793
F94	F98	7	42	262	49687	2.4107282044863702e-09	5.367686527106817e-06	0.001406333870101986
F80	F89	9	197	128	49687	2.5576136690989656e-09	5.367686527106817e-06	0.0014117015566290929
F80	F93	8	197	88	49687	2.5940979572140383e-09	5.367686527106817e-06	0.0014170692431561998
J03	B00	53	1934	555	49687	2.599947923393719e-09	5.367686527106817e-06	0.0014224369296833065
H47	H50	7	22	550	49687	2.895141925144441e-09	5.367686527106817e-06	0.0014278046162104134
G81	G91	7	80	139	49687	3.0843628242311732e-09	5.367686527106817e-06	0.00143317230273752
F84	G82	7	111	100	49687	3.0920296252146645e-09	5.367686527106817e-06	0.001438539989264627
G91	H35	6	139	46	49687	3.672608122965179e-09	5.367686527106817e-06	0.0014439076757917337
G91	J96	12	139	430	49687	3.753601590311638e-09	5.367686527106817e-06	0.0014492753623188406
B99	J40	31	1146	394	49687	4.299783956062761e-09	5.367686527106817e-06	0.0014546430488459475
K56	K59	27	311	1141	49687	4.867936750530644e-09	5.367686527106817e-06	0.0014600107353730542
D64	D69	12	184	333	49687	5.248914915919671e-09	5.367686527106817e-06	0.0014653784219001611
B37	J12	23	901	292	49687	5.458065862291571e-09	5.367686527106817e-06	0.0014707461084272678
G80	G91	8	137	139	49687	5.646334000265738e-09	5.367686527106817e-06	0.0014761137949543747
H10	J06	53	380	2939	49687	6.781596946663728e-09	5.367686527106817e-06	0.0014814814814814814
F79	G40	9	26	1224	49687	6.951873826748459e-09	5.367686527106817e-06	0.0014868491680085883
D61	D64	6	39	184	49687	7.003872526714294e-09	5.367686527106817e-06	0.0014922168545356952
C91	D69	9	87	333	49687	7.938235877852072e-09	5.367686527106817e-06	0.001497584541062802
H68	J35	20	28	10116	49687	8.228990391885968e-09	5.367686527106817e-06	0.0015029522275899088
F82	F90	7	128	100	49687	8.36928340680609e-09	5.367686527106817e-06	0.0015083199141170155
G81	G93	6	80	91	49687	8.60105431504803e-09	5.367686527106817e-06	0.0015136876006441224
E87	J96	18	381	430	49687	8.8171126110512e-09	5.367686527106817e-06	0.0015190552871712291
B37	J22	23	901	300	49687	9.08886393790646e-09	5.367686527106817e-06	0.001524422973698336
H10	J18	44	380	2223	49687	1.0526439076539636e-08	5.367686527106817e-06	0.001529790660225443
F43	F83	11	195	267	49687	1.0700912984911641e-08	5.367686527106817e-06	0.0015351583467525496
J21	J98	28	887	442	49687	1.112413883580072e-08	5.367686527106817e-06	0.0015405260332796566
M08	M25	6	85	90	49687	1.1623190355898696e-08	5.367686527106817e-06	0.0015458937198067632
F98	K59	24	262	1141	49687	1.2186777362921558e-08	5.367686527106817e-06	0.0015512614063338702
C91	D70	6	87	89	49687	1.2507000357570309e-08	5.367686527106817e-06	0.0015566290928609768
D64	A41	10	184	225	49687	1.4272738735022714e-08	5.367686527106817e-06	0.0015619967793880838
J06	J44	85	2939	765	49687	2.1514244150993418e-08	5.367686527106817e-06	0.0015673644659151907
G82	K21	9	100	328	49687	2.3963359479086424e-08	5.367686527106817e-06	0.0015727321524422974
D50	J20	54	360	3325	49687	2.4432645874302872e-08	5.367686527106817e-06	0.0015780998389694043
F82	F98	9	128	262	49687	3.031702187800172e-08	5.367686527106817e-06	0.001583467525496511
N76	L22	16	205	689	49687	3.569126698714547e-08	5.367686527106817e-06	0.0015888352120236179
E87	E88	7	381	43	49687	3.7488501455629864e-08	5.367686527106817e-06	0.0015942028985507246
L04	M43	7	199	82	49687	4.3844951487132454e-08	5.367686527106817e-06	0.0015995705850778315
D64	D70	7	184	89	49687	4.5419160447580206e-08	5.367686527106817e-06	0.0016049382716049384
F82	F89	7	128	128	49687	4.6560448694304005e-08	5.367686527106817e-06	0.001610305958132045
B07	B08	16	246	584	49687	4.7156376013546574e-08	5.367686527106817e-06	0.001615673644659152
D69	A41	12	333	225	49687	4.918541631052788e-08	5.367686527106817e-06	0.0016210413311862587
F80	H91	8	197	128	49687	5.0405932609703805e-08	5.367686527106817e-06	0.0016264090177133656
H27	H50	7	32	550	49687	5.1916716693327705e-08	5.367686527106817e-06	0.0016317767042404723
L02	L04	10	243	199	49687	6.185546056458442e-08	5.367686527106817e-06	0.0016371443907675792
F83	F91	7	267	65	49687	6.381534829145305e-08	5.367686527106817e-06	0.0016425120772946861
F83	G80	9	267	137	49687	6.423573334581758e-08	5.367686527106817e-06	0.0016478797638217928
F90	F98	8	100	262	49687	6.575134208746943e-08	5.367686527106817e-06	0.0016532474503488997
J00	J15	58	1470	914	49687	6.603400477184314e-08	5.367686527106817e-06	0.0016586151368760064
G04	G40	8	24	1224	49687	6.864608594909917e-08	5.367686527106817e-06	0.00166935050993022
G40	I63	8	1224	24	49687	6.864608594909917e-08	5.367686527106817e-06	0.0016639828234031133
G41	G93	6	113	91	49687	6.890162260382814e-08	5.367686527106817e-06	0.001674718196457327
J20	J98	61	3325	442	49687	7.162260190445964e-08	5.367686527106817e-06	0.0016800858829844338
I88	K52	27	457	880	49687	7.183796182314204e-08	5.367686527106817e-06	0.0016854535695115405
J18	J91	8	2223	15	49687	7.693837921679821e-08	5.367686527106817e-06	0.0016908212560386474
K04	K12	19	741	285	49687	7.706335412519543e-08	5.367686527106817e-06	0.0016961889425657541
D69	B01	12	333	236	49687	8.284759191605453e-08	5.367686527106817e-06	0.001701556629092861
E66	F98	12	303	262	49687	9.286596087186634e-08	5.367686527106817e-06	0.0017069243156199677
J06	J45	80	2939	730	49687	9.872622475533831e-08	5.367686527106817e-06	0.0017122920021470746
F43	F80	9	195	197	49687	9.950069340646934e-08	5.367686527106817e-06	0.0017176596886741813
E23	J96	7	44	430	49687	1.0067868852867197e-07	5.367686527106817e-06	0.0017230273752012882
H73	J02	9	64	623	49687	1.0784809826858482e-07	5.367686527106817e-06	0.0017283950617283952
K59	K62	11	1141	60	49687	1.0937913770231605e-07	5.367686527106817e-06	0.0017337627482555018
H10	L22	21	380	689	49687	1.1533530462336629e-07	5.367686527106817e-06	0.0017391304347826088
N13	N26	6	800	16	49687	1.1932914419640893e-07	5.367686527106817e-06	0.0017444981213097155
G41	G82	6	113	100	49687	1.211921941611152e-07	5.367686527106817e-06	0.0017498658078368224
I50	J96	6	28	430	49687	1.3009586312357547e-07	5.367686527106817e-06	0.001755233494363929
J00	J21	56	1470	887	49687	1.3089097209981773e-07	5.367686527106817e-06	0.001760601180891036
J20	L20	51	3325	350	49687	1.495782265161752e-07	5.367686527106817e-06	0.0017659688674181429
J15	J91	6	914	15	49687	1.6556801529380676e-07	5.367686527106817e-06	0.0017713365539452496
B34	L22	28	649	689	49687	1.7789607736727593e-07	5.367686527106817e-06	0.0017767042404723565
D59	D69	6	38	333	49687	1.9960990076529668e-07	5.367686527106817e-06	0.0017820719269994632
F51	G40	9	37	1224	49687	2.1693632300767543e-07	5.367686527106817e-06	0.00178743961352657
G40	M62	13	1224	87	49687	2.1875898825062214e-07	5.367686527106817e-06	0.0017928073000536768
J00	J12	27	1470	292	49687	2.2267073989034172e-07	5.367686527106817e-06	0.0017981749865807837
D64	J18	26	184	2223	49687	2.2754909589577138e-07	5.367686527106817e-06	0.0018035426731078906
F43	F91	6	195	65	49687	2.304444367933654e-07	5.367686527106817e-06	0.0018089103596349973
J03	L04	25	1934	199	49687	2.842366847606365e-07	5.367686527106817e-06	0.0018142780461621042
G71	J96	6	32	430	49687	3.0389884381500467e-07	5.367686527106817e-06	0.001819645732689211
J06	L22	75	2939	689	49687	3.178428284745775e-07	5.367686527106817e-06	0.0018250134192163178
L50	M02	6	351	39	49687	3.191648093045298e-07	5.367686527106817e-06	0.0018303811057434245
J20	J42	19	3325	75	49687	3.477112257998034e-07	5.367686527106817e-06	0.0018357487922705314
N76	J02	14	205	623	49687	3.873351932145767e-07	5.367686527106817e-06	0.0018411164787976383
I88	L04	12	457	199	49687	3.874652598746882e-07	5.367686527106817e-06	0.001846484165324745
G82	G91	6	100	139	49687	4.1296577924017853e-07	5.367686527106817e-06	0.001851851851851852
K29	K90	7	115	200	49687	4.6753453394373646e-07	5.367686527106817e-06	0.0018572195383789586
B37	B08	30	901	584	49687	4.6802722793213524e-07	5.367686527106817e-06	0.0018625872249060655
F82	F84	6	128	111	49687	4.71269451431723e-07	5.367686527106817e-06	0.0018679549114331722
G25	G40	8	30	1224	49687	4.790610981570671e-07	5.367686527106817e-06	0.0018733225979602791
F83	M62	7	267	87	49687	4.843716196743898e-07	5.367686527106817e-06	0.001878690284487386
B99	H66	63	1146	1400	49687	5.125122653815389e-07	5.367686527106817e-06	0.0018840579710144927
D50	H66	29	360	1400	49687	5.365920756136648e-07	5.367686527106817e-06	0.0018894256575415996
B37	H66	53	901	1400	49687	5.555998293961354e-07	5.367686527106817e-06	0.0018947933440687063
J18	J40	41	2223	394	49687	5.931104759375716e-07	5.367686527106817e-06	0.0019001610305958132
E30	E34	7	108	221	49687	5.965084316448337e-07	5.367686527106817e-06	0.00190552871712292
G41	J96	9	113	430	49687	6.761329134363008e-07	5.367686527106817e-06	0.0019108964036500269
F84	G91	6	111	139	49687	7.648943049503504e-07	5.367686527106817e-06	0.0019162640901771338
C71	D48	6	96	162	49687	7.962252115017634e-07	5.367686527106817e-06	0.0019216317767042405
D50	J03	35	360	1934	49687	8.146994859861024e-07	5.367686527106817e-06	0.0019269994632313474
D18	D48	10	399	162	49687	8.722309871204631e-07	5.367686527106817e-06	0.001932367149758454
J02	L22	26	623	689	49687	9.034640103514086e-07	5.367686527106817e-06	0.001937734836285561
C91	D64	6	87	184	49687	9.35627092912641e-07	5.367686527106817e-06	0.0019431025228126677
J06	J98	53	2939	442	49687	9.504202985210317e-07	5.367686527106817e-06	0.0019484702093397746
N10	L22	27	667	689	49687	1.0009360017793504e-06	5.367686527106817e-06	0.0019538378958668815
D18	L90	6	399	42	49687	1.0611749824087019e-06	5.367686527106817e-06	0.0019592055823939884
L01	B00	10	120	555	49687	1.079404146090548e-06	5.367686527106817e-06	0.001964573268921095
J20	J40	53	3325	394	49687	1.101690543312914e-06	5.367686527106817e-06	0.0019699409554482018
B37	A08	114	901	3999	49687	1.1079842629051768e-06	5.367686527106817e-06	0.0019753086419753087
D70	J96	8	89	430	49687	1.129275003615175e-06	5.367686527106817e-06	0.0019806763285024156
F83	H52	8	267	144	49687	1.2539460717587722e-06	5.367686527106817e-06	0.0019860440150295225
J06	B00	62	2939	555	49687	1.37208072287546e-06	5.367686527106817e-06	0.001991411701556629
F83	J06	37	267	2939	49687	1.4010161213015585e-06	5.367686527106817e-06	0.001996779388083736
B34	A49	14	649	220	49687	1.4596023073642008e-06	5.367686527106817e-06	0.002002147074610843
H66	J98	32	1400	442	49687	1.4817783252318812e-06	5.367686527106817e-06	0.0020075147611379497
H50	H57	6	550	33	49687	1.5382477307221393e-06	5.367686527106817e-06	0.002012882447665056
H10	J21	22	380	887	49687	1.8084391345534344e-06	5.367686527106817e-06	0.002018250134192163
E10	K90	8	203	200	49687	1.9058288637431526e-06	5.367686527106817e-06	0.00202361782071927
J45	J96	21	730	430	49687	2.156192059823604e-06	5.367686527106817e-06	0.002028985507246377
D50	K90	10	360	200	49687	2.3398547070529493e-06	5.367686527106817e-06	0.002034353193773484
J20	J31	47	3325	342	49687	2.398344801070566e-06	5.367686527106817e-06	0.0020397208803005903
J00	J01	16	1470	134	49687	2.4376095971760047e-06	5.367686527106817e-06	0.0020450885668276972
F43	F50	7	195	151	49687	2.464188433327123e-06	5.367686527106817e-06	0.002050456253354804
J44	L20	19	765	350	49687	2.7722542359311283e-06	5.367686527106817e-06	0.002055823939881911
H73	L22	8	64	689	49687	2.933451114688681e-06	5.367686527106817e-06	0.002061191626409018
J45	J98	21	730	442	49687	3.3090509703821423e-06	5.367686527106817e-06	0.0020665593129361244
J02	J03	49	623	1934	49687	3.3143175387746045e-06	5.367686527106817e-06	0.0020719269994632313
H66	L22	42	1400	689	49687	3.381118402905703e-06	5.367686527106817e-06	0.0020772946859903382
D70	A41	6	89	225	49687	3.4255645486145504e-06	5.367686527106817e-06	0.002082662372517445
B37	D50	21	901	360	49687	3.486065146895035e-06	5.367686527106817e-06	0.0020880300590445516
J04	J38	24	914	446	49687	3.719689672524061e-06	5.367686527106817e-06	0.0020933977455716585
J01	L03	8	134	335	49687	3.917322043218983e-06	5.367686527106817e-06	0.0020987654320987655
N13	B96	8	800	58	49687	4.108849881472526e-06	5.367686527106817e-06	0.0021041331186258724
E10	E87	10	203	381	49687	4.407594497995519e-06	5.367686527106817e-06	0.0021095008051529793
E03	E66	7	107	303	49687	4.531758465123023e-06	5.367686527106817e-06	0.0021148684916800858
B37	B00	27	901	555	49687	4.729512666611219e-06	5.367686527106817e-06	0.0021202361782071927
I88	J03	39	457	1934	49687	4.946428674754108e-06	5.367686527106817e-06	0.0021256038647342996
D43	G40	7	29	1224	49687	5.254750880550709e-06	5.367686527106817e-06	0.0021309715512614065
J90	J96	6	51	430	49687	5.256817871193481e-06	5.367686527106817e-06	0.002136339237788513
J00	J02	40	1470	623	49687	5.263429080723955e-06	5.367686527106817e-06	0.00214170692431562
D50	K92	8	360	131	49687	5.604554768582132e-06	5.367686527106817e-06	0.0021470746108427268
B37	J44	33	901	765	49687	5.693758459569268e-06	5.367686527106817e-06	0.0021524422973698337
E45	F98	6	84	262	49687	5.847628646705289e-06	5.367686527106817e-06	0.0021578099838969406
J90	J98	6	51	442	49687	6.149101617746015e-06	5.367686527106817e-06	0.002163177670424047
E86	J03	115	1942	1934	49687	6.271847625123094e-06	5.367686527106817e-06	0.002168545356951154
D50	J18	36	360	2223	49687	6.886303909393685e-06	5.367686527106817e-06	0.002173913043478261
L20	B01	10	350	236	49687	7.901568605523201e-06	5.367686527106817e-06	0.002179280730005368
H10	J02	17	380	623	49687	8.012796672861059e-06	5.367686527106817e-06	0.0021846484165324747
D69	J96	13	333	430	49687	8.251521556313638e-06	5.367686527106817e-06	0.002190016103059581
B97	J21	6	28	887	49687	8.571117272821958e-06	5.367686527106817e-06	0.002195383789586688
J02	J20	71	623	3325	49687	9.185864478175748e-06	5.367686527106817e-06	0.002200751476113795
L03	L04	9	335	199	49687	9.462207333592044e-06	5.367686527106817e-06	0.002206119162640902
I88	K59	27	457	1141	49687	9.725049377950092e-06	5.367686527106817e-06	0.0022114868491680084
J15	J98	23	914	442	49687	1.0111891490271773e-05	5.367686527106817e-06	0.0022168545356951153
A41	J18	26	225	2223	49687	1.0353202306589892e-05	5.367686527106817e-06	0.0022222222222222222
J18	J86	6	2223	13	49687	1.0414290731591966e-05	5.367686527106817e-06	0.002227589908749329
L20	L30	7	350	106	49687	1.0867285487652042e-05	5.367686527106817e-06	0.002232957595276436
J12	J96	12	292	430	49687	1.0988654337843581e-05	5.367686527106817e-06	0.0022383252818035425
J00	J03	91	1470	1934	49687	1.1150835662434076e-05	5.367686527106817e-06	0.0022436929683306494
I88	M43	7	457	82	49687	1.11618835967248e-05	5.367686527106817e-06	0.0022490606548577563
J03	J06	160	1934	2939	49687	1.21322834910945e-05	5.367686527106817e-06	0.0022544283413848632
B37	A09	110	901	4031	49687	1.2148760093876835e-05	5.367686527106817e-06	0.00225979602791197
D64	J06	27	184	2939	49687	1.2340697636869879e-05	5.367686527106817e-06	0.0022651637144390766
K56	A09	48	311	4031	49687	1.2991202616273057e-05	5.367686527106817e-06	0.0022705314009661835
F83	K21	10	267	328	49687	1.3159959825834664e-05	5.367686527106817e-06	0.0022758990874932905
J12	J44	16	292	765	49687	1.481981753915013e-05	5.367686527106817e-06	0.0022812667740203974
N32	N39	6	11	2930	49687	1.493296372549948e-05	5.367686527106817e-06	0.002286634460547504
J44	J96	20	765	430	49687	1.5082830809458635e-05	5.367686527106817e-06	0.0022920021470746108
J21	J31	19	887	342	49687	1.59548104347551e-05	5.367686527106817e-06	0.0022973698336017177
J15	L22	30	914	689	49687	1.639670468535577e-05	5.367686527106817e-06	0.0023027375201288246
J04	J06	86	914	2939	49687	1.694928053066105e-05	5.367686527106817e-06	0.0023081052066559315
J05	J31	8	162	342	49687	1.82824292948299e-05	5.367686527106817e-06	0.002313472893183038
H10	L20	12	380	350	49687	1.9493245996798355e-05	5.367686527106817e-06	0.002318840579710145
A49	E86	23	220	1942	49687	1.9931245790538668e-05	5.367686527106817e-06	0.0023242082662372518
N13	A41	14	800	225	49687	2.0075512105882477e-05	5.367686527106817e-06	0.0023295759527643587
J31	K21	11	342	328	49687	2.0218685707442252e-05	5.367686527106817e-06	0.0023349436392914656
J46	L20	6	79	350	49687	2.1105193575578214e-05	5.367686527106817e-06	0.002340311325818572
I50	J18	8	28	2223	49687	2.2047340030333945e-05	5.367686527106817e-06	0.002345679012345679
J44	J98	20	765	442	49687	2.2321857321362636e-05	5.367686527106817e-06	0.002351046698872786
B34	D70	8	649	89	49687	2.2636847563780934e-05	5.367686527106817e-06	0.002356414385399893
H73	J18	12	64	2223	49687	2.3520351185787612e-05	5.367686527106817e-06	0.0023617820719269993
F80	H61	8	197	291	49687	2.356275449519859e-05	5.367686527106817e-06	0.002367149758454106
L02	B01	8	243	236	49687	2.370537213430234e-05	5.367686527106817e-06	0.002372517444981213
N76	K59	16	205	1141	49687	2.406300221690271e-05	5.367686527106817e-06	0.00237788513150832
F83	J96	11	267	430	49687	2.4853798793566666e-05	5.367686527106817e-06	0.002383252818035427
K01	K02	8	33	1884	49687	2.501925121310126e-05	5.367686527106817e-06	0.0023886205045625334
J12	J40	11	292	394	49687	2.5422471825695262e-05	5.367686527106817e-06	0.0023939881910896403
F80	H52	6	197	144	49687	2.5468972757068314e-05	5.367686527106817e-06	0.0023993558776167472
G40	K21	22	1224	328	49687	2.6539613953309654e-05	5.367686527106817e-06	0.002404723564143854
G91	H50	9	139	550	49687	2.682008971619103e-05	5.367686527106817e-06	0.002410091250670961
E87	G41	7	381	113	49687	2.8374600902296512e-05	5.367686527106817e-06	0.0024154589371980675
F50	J06	23	151	2939	49687	2.8866230119523383e-05	5.367686527106817e-06	0.0024208266237251744
F84	F98	6	111	262	49687	2.892873253863132e-05	5.367686527106817e-06	0.0024261943102522813
E34	F83	8	221	267	49687	2.901937675482518e-05	5.367686527106817e-06	0.0024315619967793882
J18	L22	55	2223	689	49687	3.0192242654864397e-05	5.367686527106817e-06	0.0024369296833064947
J00	A09	163	1470	4031	49687	3.0296587879136162e-05	5.367686527106817e-06	0.0024422973698336016
N76	J15	14	205	914	49687	3.053215498109531e-05	5.367686527106817e-06	0.0024476650563607085
H10	J44	18	380	765	49687	3.12823564751069e-05	5.367686527106817e-06	0.0024530327428878155
E34	K90	7	221	200	49687	3.460032292487015e-05	5.367686527106817e-06	0.0024584004294149224
J34	J35	25	56	10116	49687	3.53554138703933e-05	5.367686527106817e-06	0.002463768115942029
L03	B01	9	335	236	49687	3.638703147225838e-05	5.367686527106817e-06	0.0024691358024691358
B37	J15	35	901	914	49687	3.65029240011575e-05	5.367686527106817e-06	0.0024745034889962427
G47	J96	12	330	430	49687	3.654410197690639e-05	5.367686527106817e-06	0.0024798711755233496
J11	J40	9	202	394	49687	3.80296701711296e-05	5.367686527106817e-06	0.0024852388620504565
G82	J18	15	100	2223	49687	3.846323436003016e-05	5.367686527106817e-06	0.002490606548577563
D68	J96	6	73	430	49687	4.233164255256194e-05	5.367686527106817e-06	0.00249597423510467
L02	L03	9	243	335	49687	4.563997159781508e-05	5.367686527106817e-06	0.0025013419216317768
N39	L22	67	2930	689	49687	4.719962742586256e-05	5.367686527106817e-06	0.0025067096081588837
J00	L21	7	1470	34	49687	5.221827715983603e-05	5.367686527106817e-06	0.00251207729468599
B97	J20	9	28	3325	49687	5.71153565374393e-05	5.367686527106817e-06	0.002517444981213097
J12	J18	29	292	2223	49687	5.813872052649888e-05	5.367686527106817e-06	0.002522812667740204
J30	L20	6	96	350	49687	6.367363903846903e-05	5.367686527106817e-06	0.002528180354267311
F89	F98	6	128	262	49687	6.431447217430372e-05	5.367686527106817e-06	0.002533548040794418
D50	B00	14	360	555	49687	6.489230111094026e-05	5.367686527106817e-06	0.0025389157273215243
J31	J98	12	342	442	49687	6.691335978085074e-05	5.367686527106817e-06	0.002544283413848631
J33	J35	20	42	10116	49687	6.893181035856158e-05	5.367686527106817e-06	0.002549651100375738
N20	N39	9	32	2930	49687	6.902105594447475e-05	5.367686527106817e-06	0.002555018786902845
H73	J20	14	64	3325	49687	6.964600997977402e-05	5.367686527106817e-06	0.002560386473429952
G44	J06	18	109	2939	49687	7.062798761039833e-05	5.367686527106817e-06	0.0025657541599570584
B37	A41	14	901	225	49687	7.201230849217281e-05	5.367686527106817e-06	0.0025711218464841653
B37	J18	66	901	2223	49687	7.28756913206975e-05	5.367686527106817e-06	0.0025764895330112722
A38	L20	6	99	350	49687	7.561454259233272e-05	5.367686527106817e-06	0.002581857219538379
J18	J21	65	2223	887	49687	8.13679141758637e-05	5.367686527106817e-06	0.0025872249060654856
F83	G47	9	267	330	49687	8.374823139474292e-05	5.367686527106817e-06	0.0025925925925925925
D70	B08	7	89	584	49687	8.962847728632153e-05	5.367686527106817e-06	0.0025979602791196994
J03	L22	48	1934	689	49687	9.009760846471207e-05	5.367686527106817e-06	0.0026033279656468063
N39	D50	40	2930	360	49687	9.901937329002055e-05	5.367686527106817e-06	0.0026086956521739132
J06	J38	47	2939	446	49687	0.00010193611136866815	5.367686527106817e-06	0.0026140633387010197
D80	J20	12	51	3325	49687	0.00010759686428575796	5.367686527106817e-06	0.0026194310252281266
D68	H65	20	73	5578	49687	0.00011291278898735332	5.367686527106817e-06	0.0026247987117552335
J42	J45	7	75	730	49687	0.00011994526599716638	5.367686527106817e-06	0.0026301663982823405
N76	A09	33	205	4031	49687	0.00012070693078079592	5.367686527106817e-06	0.0026355340848094474
B37	L30	9	901	106	49687	0.00013953328777277879	5.367686527106817e-06	0.002640901771336554
J10	J20	36	281	3325	49687	0.0001462541353260895	5.367686527106817e-06	0.0026462694578636608
J40	J44	17	394	765	49687	0.00015855549295849504	5.367686527106817e-06	0.0026516371443907677
B99	J03	70	1146	1934	49687	0.00016338353911805854	5.367686527106817e-06	0.0026570048309178746
J10	J11	7	281	202	49687	0.00016480453221314918	5.367686527106817e-06	0.002662372517444981
A41	J96	9	225	430	49687	0.00016795388471269968	5.367686527106817e-06	0.002667740203972088
H10	J11	8	380	202	49687	0.00017945559221395205	5.367686527106817e-06	0.002673107890499195
L20	B00	13	350	555	49687	0.00018395028156421888	5.367686527106817e-06	0.0026784755770263018
H65	H92	17	5578	59	49687	0.00018514288934757641	5.367686527106817e-06	0.0026838432635534087
J00	J38	28	1470	446	49687	0.00018603959353191102	5.367686527106817e-06	0.002689210950080515
E87	K52	18	381	880	49687	0.00018687149808079045	5.367686527106817e-06	0.002694578636607622
N28	B37	8	87	901	49687	0.00018747409035788432	5.367686527106817e-06	0.002699946323134729
N39	F98	31	2930	262	49687	0.00018849894105983726	5.367686527106817e-06	0.002705314009661836
H04	H10	8	204	380	49687	0.00019190118052383632	5.367686527106817e-06	0.002710681696188943
E86	K85	6	1942	23	49687	0.00020117314678341208	5.367686527106817e-06	0.0027160493827160493
G80	J96	7	137	430	49687	0.00020285207419690727	5.367686527106817e-06	0.002721417069243156
G47	J98	11	330	442	49687	0.000207978898142042	5.367686527106817e-06	0.002726784755770263
J20	J46	15	3325	79	49687	0.00021173826421507291	5.367686527106817e-06	0.00273215244229737
H10	J40	11	380	394	49687	0.0002603180510075594	5.367686527106817e-06	0.0027375201288244765
K52	K90	12	880	200	49687	0.0002609928600463954	5.367686527106817e-06	0.0027428878153515834
D64	J98	8	184	442	49687	0.00026348330425657773	5.367686527106817e-06	0.0027482555018786903
J02	J15	25	623	914	49687	0.00028046290628572484	5.367686527106817e-06	0.0027536231884057972
D56	J03	7	34	1934	49687	0.000285674631067861	5.367686527106817e-06	0.002758990874932904
J40	J45	16	394	730	49687	0.00028585192903589986	5.367686527106817e-06	0.0027643585614600106
A04	L22	12	259	689	49687	0.0003040097241750117	5.367686527106817e-06	0.0027697262479871175
F98	G40	17	262	1224	49687	0.00030873354942856336	5.367686527106817e-06	0.0027750939345142244
H53	J96	6	105	430	49687	0.0003172994664714752	5.367686527106817e-06	0.0027804616210413313
H91	J35	43	128	10116	49687	0.00031956320658041876	5.367686527106817e-06	0.002785829307568438
E03	G40	10	107	1224	49687	0.00032205049642025554	5.367686527106817e-06	0.0027911969940955447
B34	D50	14	649	360	49687	0.00032409473803920904	5.367686527106817e-06	0.0027965646806226516
L22	B00	19	689	555	49687	0.0003364884987355947	5.367686527106817e-06	0.0028019323671497585
E66	F50	6	303	151	49687	0.0003477503068542698	5.367686527106817e-06	0.0028073000536768655
J16	J20	10	42	3325	49687	0.0003597159716100891	5.367686527106817e-06	0.002812667740203972
F98	K21	8	262	328	49687	0.00038494487499031774	5.367686527106817e-06	0.002818035426731079
E73	K59	7	59	1141	49687	0.0003986811831102396	5.367686527106817e-06	0.0028234031132581858
H66	J01	12	1400	134	49687	0.0004291328042032411	5.367686527106817e-06	0.0028287707997852927
B37	D18	18	901	399	49687	0.0004298769527882305	5.367686527106817e-06	0.0028341384863123996
N76	J00	16	205	1470	49687	0.00043461517848336433	5.367686527106817e-06	0.002839506172839506
F89	J00	12	128	1470	49687	0.00043581324585397873	5.367686527106817e-06	0.002844873859366613
I27	J18	7	32	2223	49687	0.0004459690177114544	5.367686527106817e-06	0.00285024154589372
N76	J03	19	205	1934	49687	0.0004527678955040317	5.367686527106817e-06	0.0028556092324208268
H10	J12	9	380	292	49687	0.00046050833247359845	5.367686527106817e-06	0.0028609769189479333
H65	J33	13	5578	42	49687	0.000483617353061921	5.367686527106817e-06	0.00286634460547504
J03	J36	9	1934	60	49687	0.0004958098255448067	5.367686527106817e-06	0.002871712292002147
J02	B08	18	623	584	49687	0.0005024238096475295	5.367686527106817e-06	0.002877079978529254
F50	K21	6	151	328	49687	0.0005280168731184645	5.367686527106817e-06	0.002882447665056361
J15	J18	63	914	2223	49687	0.0005304775164831036	5.367686527106817e-06	0.0028878153515834674
F82	J06	18	128	2939	49687	0.0005526365324311996	5.367686527106817e-06	0.0028931830381105743
J15	J45	27	914	730	49687	0.0005765202074619195	5.367686527106817e-06	0.002898550724637681
D64	E87	7	184	381	49687	0.0005837992382424301	5.367686527106817e-06	0.002903918411164788
F82	H50	7	128	550	49687	0.0005853297295923779	5.367686527106817e-06	0.002909286097691895
J38	J96	12	446	430	49687	0.000587002131456163	5.367686527106817e-06	0.0029146537842190015
E84	J15	7	78	914	49687	0.0005928991590881931	5.367686527106817e-06	0.0029200214707461084
E73	K52	6	59	880	49687	0.0006153228807190286	5.367686527106817e-06	0.0029253891572732153
J06	J12	32	2939	292	49687	0.0006199850605012931	5.367686527106817e-06	0.0029307568438003222
E66	J45	13	303	730	49687	0.0006215552593989728	5.367686527106817e-06	0.0029361245303274287
L22	B08	19	689	584	49687	0.0006225000513127959	5.367686527106817e-06	0.0029414922168545356
A49	J06	26	220	2939	49687	0.0006323500228658522	5.367686527106817e-06	0.0029468599033816425
E86	L22	45	1942	689	49687	0.0006398465383457029	5.367686527106817e-06	0.0029522275899087494
B37	J10	14	901	281	49687	0.0006982670618391375	5.367686527106817e-06	0.0029575952764358563
L22	L30	7	689	106	49687	0.0007126389134707012	5.367686527106817e-06	0.002962962962962963
J22	J40	9	300	394	49687	0.0007221625290858483	5.367686527106817e-06	0.0029683306494900697
E87	G91	6	381	139	49687	0.0007456099786845293	5.367686527106817e-06	0.0029736983360171766
J18	J46	11	2223	79	49687	0.0007694086770948984	5.367686527106817e-06	0.0029790660225442835
H10	J04	17	380	914	49687	0.0007864436686874043	5.367686527106817e-06	0.002989801395598497
H10	J15	17	380	914	49687	0.0007864436686874043	5.367686527106817e-06	0.0029844337090713905
I88	A09	57	457	4031	49687	0.0008232194505379579	5.367686527106817e-06	0.002995169082125604
J12	L22	12	292	689	49687	0.0008770138884514795	5.367686527106817e-06	0.0030005367686527108
H66	J15	43	1400	914	49687	0.0008781892532708592	5.367686527106817e-06	0.0030059044551798177
J00	L50	22	1470	351	49687	0.00088219079959845	5.367686527106817e-06	0.003011272141706924
J04	J05	10	914	162	49687	0.0008889707459954142	5.367686527106817e-06	0.003016639828234031
H65	H91	27	5578	128	49687	0.0008998391892615481	5.367686527106817e-06	0.003022007514761138
H65	H71	8	5578	20	49687	0.000907151506519211	5.367686527106817e-06	0.003027375201288245
A04	A08	36	259	3999	49687	0.0009490394230506472	5.367686527106817e-06	0.0030327428878153518
A41	J15	12	225	914	49687	0.0010350743289208916	5.367686527106817e-06	0.0030381105743424583
B99	D70	8	1146	89	49687	0.0010622500980524096	5.367686527106817e-06	0.003043478260869565
J42	J44	6	75	765	49687	0.0010685606469381826	5.367686527106817e-06	0.003048845947396672
B37	F98	13	901	262	49687	0.0011079078737658969	5.367686527106817e-06	0.003054213633923779
K02	L03	25	1884	335	49687	0.0011211490743667084	5.367686527106817e-06	0.003059581320450886
J20	J41	6	3325	19	49687	0.0011342343984113812	5.367686527106817e-06	0.0030649490069779924
J20	K30	6	3325	19	49687	0.0011342343984113812	5.367686527106817e-06	0.0030703166935050993
J04	J44	27	914	765	49687	0.0011460800545775767	5.367686527106817e-06	0.003075684380032206
D64	B00	8	184	555	49687	0.001160632994791511	5.367686527106817e-06	0.003081052066559313
J04	L22	25	914	689	49687	0.001178237936324973	5.367686527106817e-06	0.0030864197530864196
J15	J96	18	914	430	49687	0.0011899110362528769	5.367686527106817e-06	0.0030917874396135265
H65	H66	194	5578	1400	49687	0.0011934017534179023	5.367686527106817e-06	0.0030971551261406334
J44	L22	22	765	689	49687	0.001218770281310711	5.367686527106817e-06	0.0031025228126677403
D56	A09	9	34	4031	49687	0.0012190142125668743	5.367686527106817e-06	0.0031078904991948472
B37	J11	11	901	202	49687	0.0012483588073016539	5.367686527106817e-06	0.0031132581857219537
D70	J15	7	89	914	49687	0.0013000458307326425	5.367686527106817e-06	0.0031186258722490606
J22	J96	9	300	430	49687	0.001326310518871921	5.367686527106817e-06	0.0031239935587761675
N10	B37	24	667	901	49687	0.0013520369055525347	5.367686527106817e-06	0.0031293612453032744
D50	A41	7	360	225	49687	0.0013563341617108093	5.367686527106817e-06	0.0031347289318303813
B37	J98	18	901	442	49687	0.0013782248017912212	5.367686527106817e-06	0.003140096618357488
H65	J00	202	5578	1470	49687	0.0014337727060112862	5.367686527106817e-06	0.0031454643048845947
H66	J32	7	1400	60	49687	0.0014592221072440193	5.367686527106817e-06	0.0031508319914117016
K52	K56	14	880	311	49687	0.0014683843838981837	5.367686527106817e-06	0.0031561996779388085
J11	J22	6	202	300	49687	0.0015030716666609057	5.367686527106817e-06	0.003161567364465915
A49	H66	15	220	1400	49687	0.0015605689487926146	5.367686527106817e-06	0.003166935050993022
F50	B00	7	151	555	49687	0.0016187703986810492	5.367686527106817e-06	0.003172302737520129
J00	J42	8	1470	75	49687	0.001680626144087262	5.367686527106817e-06	0.0031776704240472358
J03	J18	114	1934	2223	49687	0.0017860580628458222	5.367686527106817e-06	0.0031830381105743427
J18	M41	8	2223	51	49687	0.00181135208615881	5.367686527106817e-06	0.003188405797101449
F50	J00	12	151	1470	49687	0.0018579084988810724	5.367686527106817e-06	0.003193773483628556
K36	K59	7	77	1141	49687	0.001969485703368958	5.367686527106817e-06	0.003199141170155663
J15	J30	7	914	96	49687	0.002014468960029239	5.367686527106817e-06	0.00320450885668277
J06	A08	279	2939	3999	49687	0.0020365975008015836	5.367686527106817e-06	0.0032098765432098768
J21	K42	13	887	288	49687	0.00223035297211252	5.367686527106817e-06	0.0032152442297369833
F80	H65	36	197	5578	49687	0.0022547993924325617	5.367686527106817e-06	0.00322061191626409
D50	D64	6	360	184	49687	0.002341937975832683	5.367686527106817e-06	0.003225979602791197
H10	J98	10	380	442	49687	0.0023573635500648157	5.367686527106817e-06	0.003231347289318304
J96	K21	9	430	328	49687	0.002426678265795408	5.367686527106817e-06	0.0032367149758454105
B37	J42	6	901	75	49687	0.0024362645707108176	5.367686527106817e-06	0.0032420826623725174
D18	K42	8	399	288	49687	0.0024568351554811805	5.367686527106817e-06	0.0032474503488996243
E34	E66	6	221	303	49687	0.0024794533494901113	5.367686527106817e-06	0.003252818035426731
B37	J96	17	901	430	49687	0.002506577358074366	5.367686527106817e-06	0.003258185721953838
G82	J15	7	100	914	49687	0.002540786218397914	5.367686527106817e-06	0.0032635534084809446
B37	K42	13	901	288	49687	0.0025500570595535497	5.367686527106817e-06	0.0032689210950080515
J13	J15	6	75	914	49687	0.002615148594728737	5.367686527106817e-06	0.0032742887815351584
G93	J06	13	91	2939	49687	0.0026749122740772437	5.367686527106817e-06	0.0032796564680622653
B99	B09	7	1146	81	49687	0.00269686990457124	5.367686527106817e-06	0.0032850241545893722
B99	K52	34	1146	880	49687	0.002755346714945278	5.367686527106817e-06	0.0032903918411164787
J00	B08	30	1470	584	49687	0.0027953658697105733	5.367686527106817e-06	0.0032957595276435856
H66	J10	17	1400	281	49687	0.002820481200512897	5.367686527106817e-06	0.0033011272141706925
J98	K21	9	442	328	49687	0.0029113370400314265	5.367686527106817e-06	0.0033064949006977994
J04	J40	16	914	394	49687	0.0029250181038438855	5.367686527106817e-06	0.003311862587224906
N39	D64	21	2930	184	49687	0.002938131543707923	5.367686527106817e-06	0.003317230273752013
H65	J34	14	5578	56	49687	0.002972324169671158	5.367686527106817e-06	0.0033225979602791197
E86	B08	37	1942	584	49687	0.0030544576063964426	5.367686527106817e-06	0.0033279656468062266
F89	H50	6	128	550	49687	0.0031156368111465594	5.367686527106817e-06	0.0033333333333333335
L20	B08	11	350	584	49687	0.003159892420007986	5.367686527106817e-06	0.00333870101986044
A04	E86	20	259	1942	49687	0.003166347672997923	5.367686527106817e-06	0.003344068706387547
H65	H69	10	5578	34	49687	0.0032434995288430726	5.367686527106817e-06	0.003349436392914654
D10	J35	22	61	10116	49687	0.0032568976213057464	5.367686527106817e-06	0.0033548040794417608
E88	J06	8	43	2939	49687	0.003349683076800846	5.367686527106817e-06	0.0033601717659688677
F90	G40	8	100	1224	49687	0.0033515398854072845	5.367686527106817e-06	0.003365539452495974
J18	J31	27	2223	342	49687	0.0033552485044382996	5.367686527106817e-06	0.003370907139023081
