ICD1	ICD2	val11	occ1	occ2	NN	pval	bonf_thresh	fdr_thresh
K02	K04	472	2359	940	70852	0.0	3.718854592785422e-06	3.718854592785422e-06
H65	J35	6514	8202	14420	70852	0.0	3.718854592785422e-06	7.437709185570844e-06
E86	A08	859	1979	4482	70852	0.0	3.718854592785422e-06	1.1156563778356266e-05
E86	A09	636	1979	4738	70852	1.760538335524177e-263	3.718854592785422e-06	1.4875418371141688e-05
N47	N48	558	10950	854	70852	2.5647190774075195e-241	3.718854592785422e-06	1.859427296392711e-05
K02	K08	214	2359	322	70852	1.1040984941500558e-234	3.718854592785422e-06	2.2313127556712532e-05
J00	J20	612	1938	5619	70852	6.130357264753588e-208	3.718854592785422e-06	2.6031982149497956e-05
H70	K04	142	276	940	70852	4.7617151854696874e-191	3.718854592785422e-06	2.9750836742283376e-05
N43	K40	261	860	2149	70852	3.0991822173649427e-183	3.718854592785422e-06	3.3469691335068796e-05
N13	N39	184	694	1115	70852	2.025410008944917e-169	3.718854592785422e-06	3.718854592785422e-05
J18	J20	668	2787	5619	70852	5.135796159497719e-156	3.718854592785422e-06	4.0907400520639644e-05
H50	H52	94	588	171	70852	4.61477522788741e-150	3.718854592785422e-06	4.4626255113425064e-05
H74	J39	59	142	185	70852	5.1173268202714344e-117	3.718854592785422e-06	4.8345109706210484e-05
H65	H90	252	8202	482	70852	1.1472960141328936e-106	3.718854592785422e-06	5.206396429899591e-05
J15	J20	325	1095	5619	70852	8.287231847874708e-101	3.718854592785422e-06	5.578281889178133e-05
G80	G82	55	206	177	70852	2.43816472892445e-97	3.718854592785422e-06	5.950167348456675e-05
E86	E87	134	1979	462	70852	3.328647769866326e-95	3.718854592785422e-06	6.322052807735217e-05
H90	J35	304	482	14420	70852	8.426780454906275e-93	3.718854592785422e-06	6.693938267013759e-05
F80	F82	65	453	219	70852	3.449398220855715e-89	3.718854592785422e-06	7.065823726292301e-05
J18	J45	252	2787	1488	70852	4.626559766068758e-87	3.718854592785422e-06	7.437709185570843e-05
G40	G41	65	1458	113	70852	4.846435966337369e-79	3.718854592785422e-06	7.809594644849387e-05
N10	N39	77	253	1115	70852	1.4251405576799076e-75	3.718854592785422e-06	8.181480104127929e-05
E87	A08	161	462	4482	70852	7.878550493678772e-75	3.718854592785422e-06	8.553365563406471e-05
F80	F83	70	453	446	70852	9.738807945965096e-75	3.718854592785422e-06	8.925251022685013e-05
F90	F91	49	514	129	70852	9.642147703791904e-71	3.718854592785422e-06	9.297136481963555e-05
J20	J45	334	5619	1488	70852	3.9883022016124445e-69	3.718854592785422e-06	9.669021941242097e-05
F83	G40	97	446	1458	70852	1.554143965466279e-68	3.718854592785422e-06	0.00010040907400520639
K02	K12	100	2359	320	70852	1.8518868088247204e-67	3.718854592785422e-06	0.00010412792859799182
G82	M62	37	177	125	70852	5.628955891973975e-67	3.718854592785422e-06	0.00010784678319077724
N13	N28	51	694	135	70852	1.3288913256541595e-66	3.718854592785422e-06	0.00011156563778356266
F81	F90	39	74	514	70852	1.0519892125364975e-63	3.718854592785422e-06	0.00011528449237634808
H61	J35	213	344	14420	70852	2.449054852461921e-63	3.718854592785422e-06	0.0001190033469691335
K08	K12	51	322	320	70852	1.0609479212951223e-62	3.718854592785422e-06	0.00012272220156191892
H90	H91	47	482	164	70852	2.1624158433514275e-62	3.718854592785422e-06	0.00012644105615470434
H50	H53	43	588	103	70852	8.662298194859092e-62	3.718854592785422e-06	0.00013015991074748977
J30	J45	71	236	1488	70852	1.4571916704123734e-60	3.718854592785422e-06	0.00013387876534027519
H74	J35	120	142	14420	70852	1.8979187243776404e-60	3.718854592785422e-06	0.0001375976199330606
G40	G82	61	1458	177	70852	7.874476220698405e-57	3.718854592785422e-06	0.00014131647452584603
J18	J44	202	2787	1433	70852	4.274081792988339e-56	3.718854592785422e-06	0.00014503532911863145
G80	M62	33	206	125	70852	1.8572770710692548e-55	3.718854592785422e-06	0.00014875418371141687
J20	L22	195	5619	718	70852	6.142259105297803e-54	3.718854592785422e-06	0.00015247303830420231
G51	A69	27	147	79	70852	2.6648560792791457e-53	3.718854592785422e-06	0.00015619189289698773
H52	H53	29	171	103	70852	2.9698633198115507e-52	3.718854592785422e-06	0.00015991074748977315
F82	F90	45	219	514	70852	3.240976566306614e-51	3.718854592785422e-06	0.00016362960208255858
H66	J00	185	1938	1938	70852	2.3275256542797527e-49	3.718854592785422e-06	0.000167348456675344
M13	M25	31	192	176	70852	4.453193076985735e-47	3.718854592785422e-06	0.00017106731126812942
F90	F98	49	514	355	70852	9.10210870602893e-47	3.718854592785422e-06	0.00017478616586091484
L22	A09	167	718	4738	70852	2.192796732842102e-46	3.718854592785422e-06	0.00017850502045370026
H66	J20	342	1938	5619	70852	3.6188228011989e-45	3.718854592785422e-06	0.00018222387504648568
F80	F90	51	453	514	70852	4.555260130080178e-44	3.718854592785422e-06	0.0001859427296392711
H66	J06	258	1938	3698	70852	1.7399065942405519e-43	3.718854592785422e-06	0.00018966158423205652
F90	F92	31	514	93	70852	5.6583595664046755e-43	3.718854592785422e-06	0.00019338043882484194
J12	J20	118	354	5619	70852	7.961193705898198e-43	3.718854592785422e-06	0.00019709929341762736
E10	E16	30	258	162	70852	3.291762202436457e-42	3.718854592785422e-06	0.00020081814801041278
F90	F93	34	514	137	70852	5.225072499600387e-42	3.718854592785422e-06	0.0002045370026031982
J35	J39	123	14420	185	70852	6.122130311114558e-42	3.718854592785422e-06	0.00020825585719598365
J18	J90	45	2787	80	70852	6.194404298181761e-42	3.718854592785422e-06	0.00021197471178876907
E10	E14	21	258	39	70852	1.565125787168791e-41	3.718854592785422e-06	0.0002156935663815545
G40	G93	47	1458	153	70852	2.1590327097877185e-41	3.718854592785422e-06	0.0002194124209743399
E16	E87	34	162	462	70852	7.155954512327139e-41	3.718854592785422e-06	0.00022313127556712533
B37	J20	195	867	5619	70852	8.857499906589387e-41	3.718854592785422e-06	0.00022685013015991075
C71	D43	17	100	33	70852	9.507136753687972e-41	3.718854592785422e-06	0.00023056898475269617
F83	F90	48	446	514	70852	1.4010479069736074e-40	3.718854592785422e-06	0.0002342878393454816
K40	K42	78	2149	388	70852	2.0087516565787493e-40	3.718854592785422e-06	0.000238006693938267
H10	J20	150	573	5619	70852	1.0452485272187896e-39	3.718854592785422e-06	0.00024172554853105243
C91	C95	15	102	20	70852	1.2371106886824933e-39	3.718854592785422e-06	0.00024544440312383785
E87	A09	121	462	4738	70852	2.013444375075164e-39	3.718854592785422e-06	0.00024916325771662327
F82	F83	35	219	446	70852	3.754787159952734e-38	3.718854592785422e-06	0.0002528821123094087
H66	J03	189	1938	2428	70852	6.558912490111226e-38	3.718854592785422e-06	0.0002566009669021941
H10	J00	86	573	1938	70852	1.2987334715821823e-37	3.718854592785422e-06	0.00026031982149497953
E23	E34	24	74	340	70852	1.3750701580062198e-37	3.718854592785422e-06	0.00026403867608776495
G80	M21	25	206	145	70852	4.919501613999672e-37	3.718854592785422e-06	0.00026775753068055037
B37	L22	66	867	718	70852	8.716682730378075e-37	3.718854592785422e-06	0.0002714763852733358
C71	J96	29	100	593	70852	2.0611688060405155e-36	3.718854592785422e-06	0.0002751952398661212
H65	H74	78	8202	142	70852	5.5960273783308074e-36	3.718854592785422e-06	0.00027891409445890663
N10	N13	40	253	694	70852	1.2822332458818303e-35	3.718854592785422e-06	0.00028263294905169205
F83	F98	38	446	355	70852	1.523862189381663e-34	3.718854592785422e-06	0.00028635180364447747
G81	M62	20	115	125	70852	1.747881863675963e-34	3.718854592785422e-06	0.0002900706582372629
D69	D70	27	391	132	70852	2.417486958656947e-34	3.718854592785422e-06	0.0002937895128300483
J20	J44	254	5619	1433	70852	4.849044822024208e-34	3.718854592785422e-06	0.00029750836742283373
M87	M91	15	51	70	70852	5.155963712167439e-34	3.718854592785422e-06	0.0003012272220156192
H73	J00	35	78	1938	70852	8.489982975537628e-34	3.718854592785422e-06	0.00030494607660840463
F83	F84	34	446	265	70852	9.967878407247066e-34	3.718854592785422e-06	0.00030866493120119005
E84	J96	27	95	593	70852	1.0193316400447565e-33	3.718854592785422e-06	0.00031238378579397547
G40	G80	46	1458	206	70852	1.1898427150343629e-33	3.718854592785422e-06	0.0003161026403867609
K60	K61	19	109	115	70852	1.466361994891999e-33	3.718854592785422e-06	0.0003198214949795463
B37	J21	74	867	1058	70852	3.089337637372359e-33	3.718854592785422e-06	0.00032354034957233173
K35	K65	22	1073	32	70852	4.171574484732218e-33	3.718854592785422e-06	0.00032725920416511715
F84	G40	50	265	1458	70852	1.0059404289027998e-32	3.718854592785422e-06	0.00033097805875790257
J45	L20	68	1488	534	70852	2.2086480013071323e-32	3.718854592785422e-06	0.000334696913350688
G93	J96	30	153	593	70852	5.512775870812713e-32	3.718854592785422e-06	0.0003384157679434734
J45	J46	40	1488	155	70852	9.14283288653829e-32	3.718854592785422e-06	0.00034213462253625883
J00	J18	192	1938	2787	70852	1.6223646836336174e-31	3.718854592785422e-06	0.00034585347712904425
D50	J20	140	599	5619	70852	1.76361500183022e-31	3.718854592785422e-06	0.00034957233172182967
G44	H81	12	113	16	70852	2.6802473585348394e-31	3.718854592785422e-06	0.0003532911863146151
H26	H27	12	40	38	70852	4.488764573445866e-31	3.718854592785422e-06	0.0003570100409074005
H66	J18	191	1938	2787	70852	4.570318668282278e-31	3.718854592785422e-06	0.00036072889550018593
F83	F89	30	446	215	70852	5.107189013616488e-31	3.718854592785422e-06	0.00036444775009297135
F80	F93	26	453	137	70852	1.5894799553887875e-30	3.718854592785422e-06	0.0003681666046857568
F43	F90	32	239	514	70852	1.835574632125093e-30	3.718854592785422e-06	0.0003718854592785422
C71	G93	18	100	153	70852	9.759622656738214e-30	3.718854592785422e-06	0.0003756043138713276
N44	N45	20	194	126	70852	1.354133629249763e-29	3.718854592785422e-06	0.00037932316846411303
G40	J96	67	1458	593	70852	2.5993331072109235e-29	3.718854592785422e-06	0.00038304202305689845
H61	H90	34	344	482	70852	1.0158884142515806e-28	3.718854592785422e-06	0.0003867608776496839
N10	A41	25	253	247	70852	1.175836096484752e-28	3.718854592785422e-06	0.0003904797322424693
F89	G40	42	215	1458	70852	2.3901992036496217e-28	3.718854592785422e-06	0.0003941985868352547
F93	F98	23	137	355	70852	2.7645214910126202e-28	3.718854592785422e-06	0.00039791744142804014
H61	H65	117	344	8202	70852	4.929119688961313e-28	3.718854592785422e-06	0.00040163629602082556
J03	L04	58	2428	285	70852	5.469193014457175e-28	3.718854592785422e-06	0.000405355150613611
I88	K56	42	628	494	70852	6.443104572176754e-28	3.718854592785422e-06	0.0004090740052063964
F83	G82	26	446	177	70852	1.2025161339094945e-27	3.718854592785422e-06	0.0004127928597991818
J21	J96	56	1058	593	70852	1.312651673007657e-27	3.718854592785422e-06	0.0004165117143919673
K04	K08	41	940	322	70852	1.8764450057855705e-27	3.718854592785422e-06	0.0004202305689847527
F81	F98	19	74	355	70852	2.0354277717110118e-27	3.718854592785422e-06	0.00042394942357753813
N28	N39	31	135	1115	70852	5.649197169052556e-27	3.718854592785422e-06	0.00042766827817032355
G82	G93	19	177	153	70852	8.225141331334024e-27	3.718854592785422e-06	0.000431387132763109
E87	J96	39	462	593	70852	8.328341288237678e-27	3.718854592785422e-06	0.0004351059873558944
E84	K86	10	95	14	70852	1.1470685828727014e-26	3.718854592785422e-06	0.0004388248419486798
F70	F90	16	31	514	70852	1.2669021042466384e-26	3.718854592785422e-06	0.00044254369654146523
E86	K52	97	1979	996	70852	3.487334198480819e-26	3.718854592785422e-06	0.00044626255113425065
F83	F93	23	446	137	70852	5.314587328141577e-26	3.718854592785422e-06	0.0004499814057270361
J18	J96	87	2787	593	70852	5.772144882482028e-26	3.718854592785422e-06	0.0004537002603198215
G47	J35	208	511	14420	70852	5.819327866139721e-26	3.718854592785422e-06	0.0004574191149126069
J31	J40	38	458	604	70852	1.3622381812311678e-25	3.718854592785422e-06	0.00046113796950539234
G80	M24	14	206	43	70852	1.4318081954187075e-25	3.718854592785422e-06	0.00046485682409817776
J00	L22	79	1938	718	70852	1.878994812278091e-25	3.718854592785422e-06	0.0004685756786909632
L01	L20	24	143	534	70852	3.2726512929006046e-25	3.718854592785422e-06	0.0004722945332837486
B27	J03	48	217	2428	70852	4.313476760137181e-25	3.718854592785422e-06	0.000476013387876534
C47	C74	8	12	33	70852	4.359683105880744e-25	3.718854592785422e-06	0.00047973224246931944
N12	N39	22	59	1115	70852	9.053010828670587e-25	3.718854592785422e-06	0.00048345109706210486
F80	H90	34	453	482	70852	9.106061644312084e-25	3.718854592785422e-06	0.0004871699516548903
E86	J06	216	1979	3698	70852	1.3850239144871557e-24	3.718854592785422e-06	0.0004908888062476757
M21	M87	13	145	51	70852	2.8334030452319006e-24	3.718854592785422e-06	0.0004946076608404611
F82	F98	23	219	355	70852	1.980975614733222e-23	3.718854592785422e-06	0.0004983265154332465
A08	L22	122	4482	718	70852	2.508757813491368e-23	3.718854592785422e-06	0.000502045370026032
K59	K60	26	1149	109	70852	5.505146327149276e-23	3.718854592785422e-06	0.0005057642246188174
D50	J00	68	599	1938	70852	7.430184180549767e-23	3.718854592785422e-06	0.0005094830792116028
F81	F91	13	74	129	70852	1.2345215228566842e-22	3.718854592785422e-06	0.0005132019338043882
J00	A09	247	1938	4738	70852	1.3567544097060993e-22	3.718854592785422e-06	0.0005169207883971736
J20	L20	114	5619	534	70852	1.8853065009744544e-22	3.718854592785422e-06	0.0005206396429899591
F81	F92	12	74	93	70852	2.5650207465305464e-22	3.718854592785422e-06	0.0005243584975827445
B37	J00	82	867	1938	70852	4.355948964585461e-22	3.718854592785422e-06	0.0005280773521755299
F90	F94	17	514	65	70852	4.444686105966268e-22	3.718854592785422e-06	0.0005317962067683153
J69	J96	18	71	593	70852	6.473707606848971e-22	3.718854592785422e-06	0.0005355150613611007
F80	F98	28	453	355	70852	6.524982591759432e-22	3.718854592785422e-06	0.0005392339159538862
E86	B00	65	1979	563	70852	7.895494175692061e-22	3.718854592785422e-06	0.0005429527705466716
F82	F92	15	219	93	70852	8.71352248723939e-22	3.718854592785422e-06	0.000546671625139457
J21	J44	77	1058	1433	70852	9.65809231953172e-22	3.718854592785422e-06	0.0005503904797322424
D61	D70	11	39	132	70852	9.818761123372453e-22	3.718854592785422e-06	0.0005541093343250278
F84	F90	26	265	514	70852	1.800932960627012e-21	3.718854592785422e-06	0.0005578281889178133
F80	F89	23	453	215	70852	3.1919979787558406e-21	3.718854592785422e-06	0.0005615470435105987
H10	H66	64	573	1938	70852	3.2065873036625265e-21	3.718854592785422e-06	0.0005652658981033841
G91	G93	16	187	153	70852	4.019326721196637e-21	3.718854592785422e-06	0.0005689847526961695
F92	F93	13	93	137	70852	6.696277386601743e-21	3.718854592785422e-06	0.0005727036072889549
F91	F98	18	129	355	70852	6.835558424311251e-21	3.718854592785422e-06	0.0005764224618817404
C71	D70	13	100	132	70852	1.0993410513476242e-20	3.718854592785422e-06	0.0005801413164745258
D50	L22	40	599	718	70852	1.1987475863756205e-20	3.718854592785422e-06	0.0005838601710673112
E73	E74	11	76	83	70852	1.5388427572639638e-20	3.718854592785422e-06	0.0005875790256600966
C91	D69	17	102	391	70852	1.803665371631898e-20	3.718854592785422e-06	0.000591297880252882
F80	F84	24	453	265	70852	2.2830992566578485e-20	3.718854592785422e-06	0.0005950167348456675
D61	D69	13	39	391	70852	2.5717570103497448e-20	3.718854592785422e-06	0.000598735589438453
J03	B00	69	2428	563	70852	9.683457060005302e-20	3.718854592785422e-06	0.0006024544440312384
F83	F94	15	446	65	70852	1.187355925559232e-19	3.718854592785422e-06	0.0006061732986240238
K56	K59	44	494	1149	70852	1.3054438097590531e-19	3.718854592785422e-06	0.0006098921532168093
H66	J02	71	1938	742	70852	1.3944058783729897e-19	3.718854592785422e-06	0.0006136110078095947
F82	F91	15	219	129	70852	1.5135120023967974e-19	3.718854592785422e-06	0.0006173298624023801
J13	J90	11	96	80	70852	1.514653120811688e-19	3.718854592785422e-06	0.0006210487169951655
J06	J18	259	3698	2787	70852	1.76416591152068e-19	3.718854592785422e-06	0.0006247675715879509
N13	N20	14	694	36	70852	2.045212087225359e-19	3.718854592785422e-06	0.0006284864261807364
J06	J45	164	3698	1488	70852	2.4031175379155057e-19	3.718854592785422e-06	0.0006322052807735218
K02	K10	21	2359	47	70852	4.6758898189181145e-19	3.718854592785422e-06	0.0006359241353663072
J21	L22	50	1058	718	70852	4.781916908740405e-19	3.718854592785422e-06	0.0006396429899590926
B37	A08	128	867	4482	70852	4.942825882985307e-19	3.718854592785422e-06	0.000643361844551878
F70	F80	12	31	453	70852	5.10018638708485e-19	3.718854592785422e-06	0.0006470806991446635
E16	J96	21	162	593	70852	7.108957071146905e-19	3.718854592785422e-06	0.0006507995537374489
J15	J90	20	1095	80	70852	7.513992206888755e-19	3.718854592785422e-06	0.0006545184083302343
F81	F83	15	74	446	70852	9.919843401764186e-19	3.718854592785422e-06	0.0006582372629230197
C71	G91	13	100	187	70852	1.1485152809518418e-18	3.718854592785422e-06	0.0006619561175158051
J18	J98	76	2787	610	70852	1.2947764326869201e-18	3.718854592785422e-06	0.0006656749721085906
K04	K12	32	940	320	70852	1.5249542619214154e-18	3.718854592785422e-06	0.000669393826701376
I88	A09	106	628	4738	70852	1.6156219809593276e-18	3.718854592785422e-06	0.0006731126812941614
H10	J18	73	573	2787	70852	1.7835866765502872e-18	3.718854592785422e-06	0.0006768315358869468
C71	D33	8	100	21	70852	2.369275489939434e-18	3.718854592785422e-06	0.0006805503904797322
C91	D61	9	102	39	70852	3.779968530572113e-18	3.718854592785422e-06	0.0006842692450725177
K21	K29	16	349	127	70852	4.237167401797135e-18	3.718854592785422e-06	0.0006879880996653031
J20	J31	95	5619	458	70852	4.382648020781516e-18	3.718854592785422e-06	0.0006917069542580885
B37	J18	93	867	2787	70852	4.649562318259225e-18	3.718854592785422e-06	0.0006954258088508739
D64	J96	25	285	593	70852	4.808185413666517e-18	3.718854592785422e-06	0.0006991446634436593
F83	G80	20	446	206	70852	6.403503147225888e-18	3.718854592785422e-06	0.0007028635180364448
C91	C92	8	102	23	70852	6.7095081072441135e-18	3.718854592785422e-06	0.0007065823726292302
H66	H92	23	1938	78	70852	8.073066424619676e-18	3.718854592785422e-06	0.0007103012272220156
N18	N19	6	27	15	70852	8.414513085885639e-18	3.718854592785422e-06	0.000714020081814801
H60	H66	28	127	1938	70852	1.1087517474788286e-17	3.718854592785422e-06	0.0007177389364075864
I45	I47	8	30	81	70852	1.1718343530533584e-17	3.718854592785422e-06	0.0007214577910003719
F80	F91	17	453	129	70852	1.3590633046899901e-17	3.718854592785422e-06	0.0007251766455931573
F82	F93	14	219	137	70852	1.6155045772371514e-17	3.718854592785422e-06	0.0007288955001859427
D64	D69	21	285	391	70852	1.9242780761678072e-17	3.718854592785422e-06	0.0007326143547787281
F91	F92	11	129	93	70852	2.5304117149603952e-17	3.718854592785422e-06	0.0007363332093715135
F82	G40	31	219	1458	70852	4.3762758727878434e-17	3.718854592785422e-06	0.000740052063964299
F80	F92	15	453	93	70852	4.7968518927097155e-17	3.718854592785422e-06	0.0007437709185570844
F92	F98	14	93	355	70852	5.044417553442178e-17	3.718854592785422e-06	0.0007474897731498698
J12	J45	39	354	1488	70852	5.689022435014143e-17	3.718854592785422e-06	0.0007512086277426552
C91	D63	7	102	15	70852	6.621545515874917e-17	3.718854592785422e-06	0.0007549274823354406
B37	B99	57	867	1264	70852	7.26699240290834e-17	3.718854592785422e-06	0.0007586463369282261
C91	D70	11	102	132	70852	9.455469845694592e-17	3.718854592785422e-06	0.0007623651915210115
M12	M25	14	193	176	70852	9.633840191874453e-17	3.718854592785422e-06	0.0007660840461137969
J06	A08	361	3698	4482	70852	1.0266513470733411e-16	3.718854592785422e-06	0.0007698029007065823
F82	F94	11	219	65	70852	1.4762332856773289e-16	3.718854592785422e-06	0.0007735217552993678
J06	J20	432	3698	5619	70852	1.7159845599524496e-16	3.718854592785422e-06	0.0007772406098921532
M87	M96	6	51	13	70852	1.752565045431859e-16	3.718854592785422e-06	0.0007809594644849386
G82	M67	10	177	55	70852	1.9418997799422566e-16	3.718854592785422e-06	0.000784678319077724
G40	G81	23	1458	115	70852	2.0437207554311109e-16	3.718854592785422e-06	0.0007883971736705094
E16	E86	30	162	1979	70852	2.298602493630144e-16	3.718854592785422e-06	0.0007921160282632949
J06	J98	85	3698	610	70852	2.576764994476343e-16	3.718854592785422e-06	0.0007958348828560803
J06	J44	151	3698	1433	70852	3.2553629150725256e-16	3.718854592785422e-06	0.0007995537374488657
D33	D43	6	21	33	70852	3.404595377153095e-16	3.718854592785422e-06	0.0008032725920416511
H68	J35	42	61	14420	70852	3.9093764290604917e-16	3.718854592785422e-06	0.0008069914466344365
J20	J96	108	5619	593	70852	4.2319024650477923e-16	3.718854592785422e-06	0.000810710301227222
K21	K44	9	349	21	70852	4.295387080052182e-16	3.718854592785422e-06	0.0008144291558200074
H05	J01	10	60	177	70852	4.952226317446716e-16	3.718854592785422e-06	0.0008181480104127928
N39	A41	28	1115	247	70852	5.877992576160607e-16	3.718854592785422e-06	0.0008218668650055782
H27	H53	8	38	103	70852	7.125556212605384e-16	3.718854592785422e-06	0.0008255857195983636
B37	J31	33	867	458	70852	7.28195430756438e-16	3.718854592785422e-06	0.0008293045741911491
F83	G41	15	446	113	70852	7.876457469720704e-16	3.718854592785422e-06	0.0008330234287839346
J12	J21	32	354	1058	70852	8.164235794014226e-16	3.718854592785422e-06	0.00083674228337672
F80	H91	17	453	164	70852	8.372697513844861e-16	3.718854592785422e-06	0.0008404611379695054
F80	G40	42	453	1458	70852	8.789942455177238e-16	3.718854592785422e-06	0.0008441799925622908
N17	N18	6	30	27	70852	9.944690858078657e-16	3.718854592785422e-06	0.0008478988471550763
K56	K91	11	494	37	70852	1.2301498501733913e-15	3.718854592785422e-06	0.0008516177017478617
G31	G40	12	21	1458	70852	1.366101965303332e-15	3.718854592785422e-06	0.0008553365563406471
J00	J15	81	1938	1095	70852	1.4953347906257816e-15	3.718854592785422e-06	0.0008590554109334325
B99	J40	45	1264	604	70852	1.5307421555317275e-15	3.718854592785422e-06	0.000862774265526218
F80	F81	13	453	74	70852	1.846320168735219e-15	3.718854592785422e-06	0.0008664931201190034
N44	N50	12	194	126	70852	1.865793131194299e-15	3.718854592785422e-06	0.0008702119747117888
F43	F93	13	239	137	70852	1.9453237120498144e-15	3.718854592785422e-06	0.0008739308293045742
J44	J45	81	1433	1488	70852	2.11011448429457e-15	3.718854592785422e-06	0.0008776496838973596
C74	A41	9	33	247	70852	2.3547681178308437e-15	3.718854592785422e-06	0.000881368538490145
C91	A41	12	102	247	70852	2.520351412759492e-15	3.718854592785422e-06	0.0008850873930829305
H50	H55	13	588	60	70852	2.809781544047261e-15	3.718854592785422e-06	0.0008888062476757159
I47	I50	7	81	29	70852	2.9917934753029835e-15	3.718854592785422e-06	0.0008925251022685013
N17	D64	9	30	285	70852	3.226779334069839e-15	3.718854592785422e-06	0.0008962439568612867
D50	J15	41	599	1095	70852	4.146902128688659e-15	3.718854592785422e-06	0.0008999628114540721
J34	J35	59	108	14420	70852	4.331487313142391e-15	3.718854592785422e-06	0.0009036816660468576
J03	J06	218	2428	3698	70852	5.5586060477816495e-15	3.718854592785422e-06	0.000907400520639643
F83	F91	15	446	129	70852	5.939672838361409e-15	3.718854592785422e-06	0.0009111193752324284
D64	A41	16	285	247	70852	7.483527869199321e-15	3.718854592785422e-06	0.0009148382298252138
B37	A09	122	867	4738	70852	7.716410211797702e-15	3.718854592785422e-06	0.0009185570844179993
M12	M13	13	193	192	70852	1.00763577830037e-14	3.718854592785422e-06	0.0009222759390107847
J02	A09	109	742	4738	70852	1.1645846613238864e-14	3.718854592785422e-06	0.0009259947936035701
J30	J44	29	236	1433	70852	1.2607766392878426e-14	3.718854592785422e-06	0.0009297136481963555
K40	K46	14	2149	28	70852	1.4403991952421598e-14	3.718854592785422e-06	0.0009334325027891409
N10	N12	10	253	59	70852	1.5185961892355923e-14	3.718854592785422e-06	0.0009371513573819264
B27	L04	15	217	285	70852	2.0260639250918036e-14	3.718854592785422e-06	0.0009408702119747118
E66	I10	11	380	59	70852	2.031758549479583e-14	3.718854592785422e-06	0.0009445890665674972
F90	F95	13	514	79	70852	2.263241536369972e-14	3.718854592785422e-06	0.0009483079211602826
L20	L27	13	534	77	70852	2.5934813198154395e-14	3.718854592785422e-06	0.000952026775753068
I27	J96	9	20	593	70852	2.9355758903035004e-14	3.718854592785422e-06	0.0009557456303458535
F92	F94	8	93	65	70852	3.0722122598874526e-14	3.718854592785422e-06	0.0009594644849386389
F83	F92	13	446	93	70852	3.366594477162377e-14	3.718854592785422e-06	0.0009631833395314243
D66	D68	8	45	138	70852	3.419440570573255e-14	3.718854592785422e-06	0.0009669021941242097
H47	H53	7	32	103	70852	3.641423096556744e-14	3.718854592785422e-06	0.0009706210487169951
F81	F82	10	74	219	70852	3.911874736591351e-14	3.718854592785422e-06	0.0009743399033097806
B99	J31	37	1264	458	70852	4.244710773285921e-14	3.718854592785422e-06	0.000978058757902566
G81	I63	6	115	14	70852	4.759538122159171e-14	3.718854592785422e-06	0.0009817776124953514
G41	J96	15	113	593	70852	4.9519484596061506e-14	3.718854592785422e-06	0.0009854964670881368
D16	D48	8	54	129	70852	9.393003145612793e-14	3.718854592785422e-06	0.0009892153216809222
K60	K92	10	109	162	70852	1.0343415743693416e-13	3.718854592785422e-06	0.0009929341762737077
J96	J98	29	593	610	70852	1.0983774333378093e-13	3.718854592785422e-06	0.000996653030866493
H10	J31	25	573	458	70852	1.267119329083413e-13	3.718854592785422e-06	0.0010003718854592785
F84	F89	14	265	215	70852	1.276939775694852e-13	3.718854592785422e-06	0.001004090740052064
J04	J20	240	1874	5619	70852	1.3110462584903109e-13	3.718854592785422e-06	0.0010078095946448493
F43	F98	16	239	355	70852	1.3289992886465707e-13	3.718854592785422e-06	0.0010115284492376348
H66	L22	59	1938	718	70852	1.35127877985194e-13	3.718854592785422e-06	0.0010152473038304202
B34	H66	64	823	1938	70852	1.5409133218608953e-13	3.718854592785422e-06	0.0010189661584232056
C71	E23	8	100	74	70852	1.6506109551316706e-13	3.718854592785422e-06	0.001022685013015991
I42	J96	10	34	593	70852	1.7125229297642395e-13	3.718854592785422e-06	0.0010264038676087764
G82	M24	8	177	43	70852	1.7401343099319836e-13	3.718854592785422e-06	0.0010301227222015619
E72	E88	6	28	65	70852	1.7438342453583492e-13	3.718854592785422e-06	0.0010338415767943473
D63	D70	6	15	132	70852	1.8399785778736813e-13	3.718854592785422e-06	0.0010375604313871327
N31	K59	14	55	1149	70852	1.8898854320615515e-13	3.718854592785422e-06	0.0010412792859799181
E75	G82	6	12	177	70852	2.036586426389626e-13	3.718854592785422e-06	0.0010449981405727035
J30	J46	12	236	155	70852	2.399592686298539e-13	3.718854592785422e-06	0.001048716995165489
B37	D50	34	867	599	70852	2.660234221864934e-13	3.718854592785422e-06	0.0010524358497582744
H10	J06	75	573	3698	70852	3.628871617919637e-13	3.718854592785422e-06	0.0010561547043510598
J32	J33	7	95	47	70852	3.742505728263823e-13	3.718854592785422e-06	0.0010598735589438452
B37	H10	33	867	573	70852	4.009720101537602e-13	3.718854592785422e-06	0.0010635924135366306
H83	H91	6	14	164	70852	4.147408220313072e-13	3.718854592785422e-06	0.001067311268129416
B97	J20	21	41	5619	70852	4.170902706850416e-13	3.718854592785422e-06	0.0010710301227222015
D69	D72	10	391	54	70852	4.5028280146621477e-13	3.718854592785422e-06	0.001074748977314987
D50	A08	87	599	4482	70852	5.186045495906184e-13	3.718854592785422e-06	0.0010784678319077723
H10	J15	37	573	1095	70852	5.205270428309529e-13	3.718854592785422e-06	0.0010821866865005577
M24	M87	6	43	51	70852	6.125459279610477e-13	3.718854592785422e-06	0.0010859055410933432
F84	G41	11	265	113	70852	6.753299696153595e-13	3.718854592785422e-06	0.0010896243956861286
D50	J18	64	599	2787	70852	8.349407004146737e-13	3.718854592785422e-06	0.001093343250278914
G25	G40	14	50	1458	70852	1.0795740148982833e-12	3.718854592785422e-06	0.0010970621048716994
F94	F98	10	65	355	70852	1.2315746758243334e-12	3.718854592785422e-06	0.0011007809594644848
E66	K76	11	380	85	70852	1.3678391729277325e-12	3.718854592785422e-06	0.0011044998140572703
E78	E88	6	39	65	70852	1.4983707370723105e-12	3.718854592785422e-06	0.0011082186686500557
K52	K56	32	996	494	70852	1.5314309537045942e-12	3.718854592785422e-06	0.001111937523242841
D50	A09	89	599	4738	70852	1.6033096151899024e-12	3.718854592785422e-06	0.0011156563778356265
K40	K45	12	2149	25	70852	2.120279524188879e-12	3.718854592785422e-06	0.001119375232428412
B37	J06	97	867	3698	70852	2.1830618590909428e-12	3.718854592785422e-06	0.0011230940870211974
C71	G40	18	100	1458	70852	2.464928507453741e-12	3.718854592785422e-06	0.0011268129416139828
G80	M87	8	206	51	70852	2.547280508519503e-12	3.718854592785422e-06	0.0011305317962067682
J00	J04	106	1938	1874	70852	3.0087746429069975e-12	3.718854592785422e-06	0.0011342506507995536
J15	J98	37	1095	610	70852	3.298253503699799e-12	3.718854592785422e-06	0.001137969505392339
D50	D56	10	599	44	70852	3.318621024955486e-12	3.718854592785422e-06	0.0011416883599851245
J20	J21	150	5619	1058	70852	3.4266240277970447e-12	3.718854592785422e-06	0.0011454072145779099
M21	M24	7	145	43	70852	3.934575148460892e-12	3.718854592785422e-06	0.0011491260691706953
D64	J18	40	285	2787	70852	4.077894067822834e-12	3.718854592785422e-06	0.0011528449237634807
J00	J03	127	1938	2428	70852	4.31957818067601e-12	3.718854592785422e-06	0.0011565637783562662
N35	N47	49	116	10950	70852	4.589594370870202e-12	3.718854592785422e-06	0.0011602826329490516
G81	G93	9	115	153	70852	4.655422942397837e-12	3.718854592785422e-06	0.001164001487541837
D43	J96	9	33	593	70852	6.11936161673604e-12	3.718854592785422e-06	0.0011677203421346224
C71	G81	8	100	115	70852	6.178325804857262e-12	3.718854592785422e-06	0.0011714391967274078
D80	D84	6	71	45	70852	6.439951558882292e-12	3.718854592785422e-06	0.0011751580513201933
B25	D64	7	25	285	70852	7.1503573342824515e-12	3.718854592785422e-06	0.0011788769059129787
F80	H52	14	453	171	70852	7.618406230471924e-12	3.718854592785422e-06	0.001182595760505764
D61	K76	6	39	85	70852	7.870607421171529e-12	3.718854592785422e-06	0.0011863146150985495
E03	J96	13	108	593	70852	8.656313714469328e-12	3.718854592785422e-06	0.001190033469691335
N30	N39	12	48	1115	70852	9.00906481636846e-12	3.718854592785422e-06	0.0011937523242841206
J96	K86	7	593	14	70852	9.059033071315998e-12	3.718854592785422e-06	0.001197471178876906
G40	G91	23	1458	187	70852	9.28087227040003e-12	3.718854592785422e-06	0.0012011900334696914
J06	J38	98	3698	903	70852	9.728755535087325e-12	3.718854592785422e-06	0.0012049088880624768
F89	G82	11	215	177	70852	9.743622596846888e-12	3.718854592785422e-06	0.0012086277426552623
F98	K59	28	355	1149	70852	1.0007199534918376e-11	3.718854592785422e-06	0.0012123465972480477
H71	H90	9	42	482	70852	1.0586756688518466e-11	3.718854592785422e-06	0.001216065451840833
F38	K21	8	37	349	70852	1.090358625852437e-11	3.718854592785422e-06	0.0012197843064336185
N12	N13	11	59	694	70852	1.3457069154719074e-11	3.718854592785422e-06	0.001223503161026404
G40	M62	19	1458	125	70852	1.379433199275006e-11	3.718854592785422e-06	0.0012272220156191894
H10	L22	28	573	718	70852	1.4054948995045267e-11	3.718854592785422e-06	0.0012309408702119748
G40	J69	15	1458	71	70852	1.4572883732137516e-11	3.718854592785422e-06	0.0012346597248047602
G81	G82	9	115	177	70852	1.729043759050561e-11	3.718854592785422e-06	0.0012383785793975456
J05	J31	18	343	458	70852	1.748071474607911e-11	3.718854592785422e-06	0.001242097433990331
H10	J21	34	573	1058	70852	1.790992055747069e-11	3.718854592785422e-06	0.0012458162885831165
G47	J96	24	511	593	70852	1.8856820279444387e-11	3.718854592785422e-06	0.0012495351431759019
J15	J91	9	1095	22	70852	2.022143452697949e-11	3.718854592785422e-06	0.0012532539977686873
K00	K02	21	102	2359	70852	2.0905422729897606e-11	3.718854592785422e-06	0.0012569728523614727
H27	H50	9	38	588	70852	2.3123079912304548e-11	3.718854592785422e-06	0.0012606917069542581
D50	D80	11	599	71	70852	2.3313398041486958e-11	3.718854592785422e-06	0.0012644105615470436
E86	J03	126	1979	2428	70852	3.42290731920769e-11	3.718854592785422e-06	0.001268129416139829
G80	G93	10	206	153	70852	3.462948526682986e-11	3.718854592785422e-06	0.0012718482707326144
J44	L20	38	1433	534	70852	3.824887830038777e-11	3.718854592785422e-06	0.0012755671253253998
D43	D70	6	33	132	70852	3.9614768599891774e-11	3.718854592785422e-06	0.0012792859799181852
H66	H70	31	1938	276	70852	4.279194613056341e-11	3.718854592785422e-06	0.0012830048345109707
D70	A41	10	132	247	70852	4.7483540153278023e-11	3.718854592785422e-06	0.001286723689103756
K56	K65	8	494	32	70852	4.793674057995829e-11	3.718854592785422e-06	0.0012904425436965415
F83	J96	22	446	593	70852	5.139925306908813e-11	3.718854592785422e-06	0.001294161398289327
D50	E46	7	599	17	70852	5.387527883678372e-11	3.718854592785422e-06	0.0012978802528821123
J00	J21	69	1938	1058	70852	5.5286012424980456e-11	3.718854592785422e-06	0.0013015991074748978
H66	H71	13	1938	42	70852	5.6172643448767234e-11	3.718854592785422e-06	0.0013053179620676832
F43	F80	15	239	453	70852	6.093813178392345e-11	3.718854592785422e-06	0.0013090368166604686
G80	G81	9	206	115	70852	6.709669120196314e-11	3.718854592785422e-06	0.001312755671253254
N10	N28	10	253	135	70852	7.509536481617398e-11	3.718854592785422e-06	0.0013164745258460394
H65	J39	54	8202	185	70852	7.686925098243975e-11	3.718854592785422e-06	0.0013201933804388249
F89	G41	9	215	113	70852	8.375424768233826e-11	3.718854592785422e-06	0.0013239122350316103
I47	I49	6	81	60	70852	8.806805945166923e-11	3.718854592785422e-06	0.0013276310896243957
D43	G93	6	33	153	70852	9.694700480905839e-11	3.718854592785422e-06	0.0013313499442171811
B37	K21	23	867	349	70852	1.0398179980792796e-10	3.718854592785422e-06	0.0013350687988099665
H35	H53	6	49	103	70852	1.082185498773814e-10	3.718854592785422e-06	0.001338787653402752
N17	J96	8	30	593	70852	1.143516493840877e-10	3.718854592785422e-06	0.0013425065079955374
I88	J03	56	628	2428	70852	1.2785838629826176e-10	3.718854592785422e-06	0.0013462253625883228
D63	D69	6	15	391	70852	1.3045524961409904e-10	3.718854592785422e-06	0.0013499442171811082
H73	J20	26	78	5619	70852	1.3173344384361103e-10	3.718854592785422e-06	0.0013536630717738936
J00	J01	24	1938	177	70852	1.3644190948565005e-10	3.718854592785422e-06	0.001357381926366679
G82	M21	9	177	145	70852	1.3978726490300372e-10	3.718854592785422e-06	0.0013611007809594645
J00	J02	54	1938	742	70852	1.4001752112499543e-10	3.718854592785422e-06	0.00136481963555225
N13	N31	10	694	55	70852	1.500042923512043e-10	3.718854592785422e-06	0.0013685384901450353
M24	M62	6	43	125	70852	1.5433893598251153e-10	3.718854592785422e-06	0.0013722573447378207
F80	H65	100	453	8202	70852	1.5564380354386634e-10	3.718854592785422e-06	0.0013759761993306062
K21	K22	7	349	31	70852	1.5737620179595274e-10	3.718854592785422e-06	0.0013796950539233916
J06	B00	68	3698	563	70852	1.603290883459893e-10	3.718854592785422e-06	0.001383413908516177
B37	J40	30	867	604	70852	1.7157596918324197e-10	3.718854592785422e-06	0.0013871327631089624
I88	K52	33	628	996	70852	1.7401231154843796e-10	3.718854592785422e-06	0.0013908516177017478
E88	J96	10	65	593	70852	1.8532236600971554e-10	3.718854592785422e-06	0.0013945704722945333
E10	K90	10	258	147	70852	2.1100257550978277e-10	3.718854592785422e-06	0.0013982893268873187
D68	J35	61	138	14420	70852	2.1440560962113585e-10	3.718854592785422e-06	0.001402008181480104
G80	G91	10	206	187	70852	2.5000613076567707e-10	3.718854592785422e-06	0.0014057270360728895
J36	J39	7	60	185	70852	2.536127072472265e-10	3.718854592785422e-06	0.001409445890665675
F83	G91	13	446	187	70852	2.725419785392585e-10	3.718854592785422e-06	0.0014131647452584604
J00	J45	85	1938	1488	70852	2.735432302389235e-10	3.718854592785422e-06	0.0014168835998512458
G80	M67	7	206	55	70852	2.8580058030585855e-10	3.718854592785422e-06	0.0014206024544440312
K29	K90	8	127	147	70852	3.0816340750736416e-10	3.718854592785422e-06	0.0014243213090368166
F81	F84	8	74	265	70852	4.1942849129975454e-10	3.718854592785422e-06	0.001428040163629602
J44	J46	19	1433	155	70852	4.6230310482699877e-10	3.718854592785422e-06	0.0014317590182223875
D50	J03	53	599	2428	70852	5.212103303115724e-10	3.718854592785422e-06	0.0014354778728151729
J06	J11	41	3698	265	70852	5.272086024997769e-10	3.718854592785422e-06	0.0014391967274079583
G41	G82	8	113	177	70852	5.293621675716937e-10	3.718854592785422e-06	0.0014429155820007437
F43	F83	14	239	446	70852	5.351524752696263e-10	3.718854592785422e-06	0.0014466344365935292
E16	A08	34	162	4482	70852	5.394632879166968e-10	3.718854592785422e-06	0.0014503532911863146
B34	D70	14	823	132	70852	5.655036473587062e-10	3.718854592785422e-06	0.0014540721457791
H66	H72	13	1938	50	70852	6.37232799932891e-10	3.718854592785422e-06	0.0014577910003718854
N43	N47	201	860	10950	70852	6.577802042682798e-10	3.718854592785422e-06	0.0014615098549646708
B34	J20	117	823	5619	70852	6.609779895297399e-10	3.718854592785422e-06	0.0014652287095574563
J18	L22	65	2787	718	70852	6.711056558407035e-10	3.718854592785422e-06	0.0014689475641502417
D64	J20	55	285	5619	70852	6.943796005015057e-10	3.718854592785422e-06	0.001472666418743027
K61	L02	9	115	272	70852	7.821229600096203e-10	3.718854592785422e-06	0.0014763852733358125
G04	G40	10	33	1458	70852	7.948370457526693e-10	3.718854592785422e-06	0.001480104127928598
F70	F83	7	31	446	70852	8.624327075980042e-10	3.718854592785422e-06	0.0014838229825213834
J18	J86	9	2787	15	70852	8.985319206012931e-10	3.718854592785422e-06	0.0014875418371141688
N17	A41	6	30	247	70852	9.349580533514298e-10	3.718854592785422e-06	0.0014912606917069542
G81	G91	8	115	187	70852	9.41282268713511e-10	3.718854592785422e-06	0.0014949795462997396
F43	F70	6	239	31	70852	9.490934814500483e-10	3.718854592785422e-06	0.001498698400892525
J04	J06	160	1874	3698	70852	9.535673879210306e-10	3.718854592785422e-06	0.0015024172554853105
A38	J03	23	145	2428	70852	1.0237779075715788e-09	3.718854592785422e-06	0.0015061361100780959
K56	A09	71	494	4738	70852	1.170998369924497e-09	3.718854592785422e-06	0.0015098549646708813
F43	F92	8	239	93	70852	1.1857731347561446e-09	3.718854592785422e-06	0.0015135738192636667
F83	H52	12	446	171	70852	1.1927383089559985e-09	3.718854592785422e-06	0.0015172926738564521
L22	B00	25	718	563	70852	1.2379159384960677e-09	3.718854592785422e-06	0.0015210115284492376
J40	J44	38	604	1433	70852	1.2494353510470197e-09	3.718854592785422e-06	0.001524730383042023
G82	G91	9	177	187	70852	1.3363104330349837e-09	3.718854592785422e-06	0.0015284492376348084
L02	L03	15	272	498	70852	1.343214119600591e-09	3.718854592785422e-06	0.0015321680922275938
N39	D64	22	1115	285	70852	1.3910957329643592e-09	3.718854592785422e-06	0.0015358869468203792
E66	E78	7	380	39	70852	1.6028133702948542e-09	3.718854592785422e-06	0.0015396058014131647
J15	J18	86	1095	2787	70852	1.6079685162298214e-09	3.718854592785422e-06	0.00154332465600595
F32	F90	6	17	514	70852	1.6375102229721495e-09	3.718854592785422e-06	0.0015470435105987355
F84	G82	10	265	177	70852	1.677539095333221e-09	3.718854592785422e-06	0.001550762365191521
D50	H66	45	599	1938	70852	1.76062768499893e-09	3.718854592785422e-06	0.0015544812197843063
J06	A09	339	3698	4738	70852	1.9659250886409347e-09	3.718854592785422e-06	0.0015582000743770918
H54	J96	7	27	593	70852	2.1330789823308343e-09	3.718854592785422e-06	0.0015619189289698772
K02	K05	12	2359	38	70852	2.184721319642939e-09	3.718854592785422e-06	0.0015656377835626626
F84	F92	8	265	93	70852	2.665832294627932e-09	3.718854592785422e-06	0.001569356638155448
F43	F94	7	239	65	70852	2.681979488014357e-09	3.718854592785422e-06	0.0015730754927482334
B37	B00	27	867	563	70852	2.9387840092922406e-09	3.718854592785422e-06	0.0015767943473410189
G93	H53	7	153	103	70852	3.1754398230726695e-09	3.718854592785422e-06	0.0015805132019338043
J18	J21	83	2787	1058	70852	3.2407326079223573e-09	3.718854592785422e-06	0.0015842320565265897
L90	M21	6	61	145	70852	3.3496089706704486e-09	3.718854592785422e-06	0.0015879509111193751
F93	F94	6	137	65	70852	3.519316750151991e-09	3.718854592785422e-06	0.0015916697657121605
N20	N39	9	36	1115	70852	3.68655122378472e-09	3.718854592785422e-06	0.001595388620304946
I50	J96	7	29	593	70852	3.695091458907204e-09	3.718854592785422e-06	0.0015991074748977314
K35	K37	12	1073	81	70852	3.7153981098734197e-09	3.718854592785422e-06	0.0016028263294905168
A41	J96	15	247	593	70852	3.778027666099691e-09	3.718854592785422e-06	0.0016065451840833022
G71	J96	9	65	593	70852	3.999077816038622e-09	3.718854592785422e-06	0.0016102640386760876
J20	J30	47	5619	236	70852	4.06228303897946e-09	3.718854592785422e-06	0.001613982893268873
K21	K31	7	349	48	70852	4.101159365332679e-09	3.718854592785422e-06	0.0016177017478616585
K51	K52	7	19	996	70852	4.620023030545547e-09	3.718854592785422e-06	0.001621420602454444
H10	J04	42	573	1874	70852	4.736774943654979e-09	3.718854592785422e-06	0.0016251394570472293
B37	H66	56	867	1938	70852	4.902013191519544e-09	3.718854592785422e-06	0.0016288583116400147
J21	J98	31	1058	610	70852	5.589031378164387e-09	3.718854592785422e-06	0.0016325771662328002
J06	L22	76	3698	718	70852	5.821765989008172e-09	3.718854592785422e-06	0.0016362960208255856
I88	K59	33	628	1149	70852	5.934396480479344e-09	3.718854592785422e-06	0.001640014875418371
G41	G93	7	113	153	70852	6.079012009045346e-09	3.718854592785422e-06	0.0016437337300111564
J03	L22	57	2428	718	70852	6.349929934588265e-09	3.718854592785422e-06	0.0016474525846039418
F43	F81	7	239	74	70852	6.756252366659164e-09	3.718854592785422e-06	0.0016511714391967273
F91	F93	7	129	137	70852	7.108327598665257e-09	3.718854592785422e-06	0.0016548902937895127
I88	L04	16	628	285	70852	7.9034074579964e-09	3.718854592785422e-06	0.0016586091483822981
L03	L60	8	498	58	70852	7.93459517217595e-09	3.718854592785422e-06	0.0016623280029750835
H52	H55	6	171	60	70852	8.130974883941425e-09	3.718854592785422e-06	0.0016660468575678692
D50	J02	25	599	742	70852	8.203498373343618e-09	3.718854592785422e-06	0.0016697657121606546
C71	H53	6	100	103	70852	8.689294372037664e-09	3.718854592785422e-06	0.00167348456675344
F80	F94	8	453	65	70852	9.634671429380204e-09	3.718854592785422e-06	0.0016772034213462254
N13	N32	6	694	17	70852	9.759011805992256e-09	3.718854592785422e-06	0.0016809222759390108
H73	J02	10	78	742	70852	9.90956427952164e-09	3.718854592785422e-06	0.0016846411305317963
K62	K92	6	66	162	70852	1.0557791149936787e-08	3.718854592785422e-06	0.0016883599851245817
A04	E86	31	339	1979	70852	1.0805244633704786e-08	3.718854592785422e-06	0.0016920788397173671
E66	F98	14	380	355	70852	1.1033152572518748e-08	3.718854592785422e-06	0.0016957976943101525
J40	J45	37	604	1488	70852	1.1096991612519406e-08	3.718854592785422e-06	0.001699516548902938
E87	E88	8	462	65	70852	1.121799040206177e-08	3.718854592785422e-06	0.0017032354034957234
J00	L50	38	1938	487	70852	1.1478332697696478e-08	3.718854592785422e-06	0.0017069542580885088
J10	J18	40	374	2787	70852	1.4334543817341836e-08	3.718854592785422e-06	0.0017106731126812942
J18	B00	52	2787	563	70852	1.6963230129308005e-08	3.718854592785422e-06	0.0017143919672740796
D70	J96	11	132	593	70852	1.7886092650728997e-08	3.718854592785422e-06	0.001718110821866865
D70	G93	7	132	153	70852	1.7926069892335138e-08	3.718854592785422e-06	0.0017218296764596505
N13	N26	7	694	31	70852	1.7996717856337893e-08	3.718854592785422e-06	0.001725548531052436
H66	J15	64	1938	1095	70852	1.8640831943006995e-08	3.718854592785422e-06	0.0017292673856452213
E86	H66	98	1979	1938	70852	1.9186950842729853e-08	3.718854592785422e-06	0.0017329862402380067
F82	G80	9	219	206	70852	1.9887265121467843e-08	3.718854592785422e-06	0.0017367050948307922
J15	J85	6	1095	13	70852	2.1024909602324545e-08	3.718854592785422e-06	0.0017404239494235776
F80	J35	142	453	14420	70852	2.145587245495821e-08	3.718854592785422e-06	0.001744142804016363
G41	G91	7	113	187	70852	2.430484343852599e-08	3.718854592785422e-06	0.0017478616586091484
L01	B00	11	143	563	70852	2.4308040688588792e-08	3.718854592785422e-06	0.0017515805132019338
F79	G40	8	25	1458	70852	2.4992052091051108e-08	3.718854592785422e-06	0.0017552993677947193
K00	K08	8	102	322	70852	2.525214762665729e-08	3.718854592785422e-06	0.0017590182223875047
F89	G93	8	215	153	70852	2.674908221672103e-08	3.718854592785422e-06	0.00176273707698029
F83	G25	7	446	50	70852	2.9552009776623722e-08	3.718854592785422e-06	0.0017664559315730755
N13	A41	15	694	247	70852	3.008439454417455e-08	3.718854592785422e-06	0.001770174786165861
F40	K02	7	12	2359	70852	3.073698316395721e-08	3.718854592785422e-06	0.0017738936407586464
K14	B00	7	41	563	70852	3.4293457603193375e-08	3.718854592785422e-06	0.0017776124953514318
J93	J96	6	24	593	70852	3.968893689012986e-08	3.718854592785422e-06	0.0017813313499442172
G82	J96	12	177	593	70852	4.0827738844402674e-08	3.718854592785422e-06	0.0017850502045370026
N35	N39	13	116	1115	70852	4.186806875430757e-08	3.718854592785422e-06	0.001788769059129788
E16	E74	6	162	83	70852	4.24757213069902e-08	3.718854592785422e-06	0.0017924879137225735
H10	J98	21	573	610	70852	4.2542750280539905e-08	3.718854592785422e-06	0.0017962067683153589
J93	J98	6	24	610	70852	4.688273150410213e-08	3.718854592785422e-06	0.0017999256229081443
H69	J35	24	40	14420	70852	4.957279448927216e-08	3.718854592785422e-06	0.0018036444775009297
B25	J96	6	25	593	70852	5.185233096870176e-08	3.718854592785422e-06	0.0018073633320937151
K02	L03	42	2359	498	70852	5.372239527867526e-08	3.718854592785422e-06	0.0018110821866865006
J15	J44	51	1095	1433	70852	5.5020148359867883e-08	3.718854592785422e-06	0.001814801041279286
F83	G93	10	446	153	70852	5.6898178107780557e-08	3.718854592785422e-06	0.0018185198958720714
E34	F80	14	340	453	70852	5.7025384689684295e-08	3.718854592785422e-06	0.0018222387504648568
D64	E87	13	285	462	70852	6.529030317529287e-08	3.718854592785422e-06	0.0018259576050576422
L22	L30	11	718	125	70852	6.99800861127516e-08	3.718854592785422e-06	0.0018296764596504277
J02	L22	26	742	718	70852	7.04962858184781e-08	3.718854592785422e-06	0.001833395314243213
J12	J96	16	354	593	70852	7.290054647552759e-08	3.718854592785422e-06	0.0018371141688359985
G91	J96	12	187	593	70852	7.475131335869946e-08	3.718854592785422e-06	0.001840833023428784
N39	B37	37	1115	867	70852	7.476918359940181e-08	3.718854592785422e-06	0.0018445518780215693
B37	B08	28	867	702	70852	7.552827602756413e-08	3.718854592785422e-06	0.0018482707326143548
C71	D69	8	100	391	70852	9.575216459555433e-08	3.718854592785422e-06	0.0018519895872071402
D70	B08	11	132	702	70852	9.78848519763618e-08	3.718854592785422e-06	0.0018557084417999256
A41	E87	12	247	462	70852	1.059153705602094e-07	3.718854592785422e-06	0.001859427296392711
E71	J96	6	28	593	70852	1.0797701290101439e-07	3.718854592785422e-06	0.0018631461509854964
F80	G80	11	453	206	70852	1.1467054949394593e-07	3.718854592785422e-06	0.0018668650055782819
A41	M86	6	247	65	70852	1.1744886733753644e-07	3.718854592785422e-06	0.0018705838601710673
J44	L22	38	1433	718	70852	1.1932479354880875e-07	3.718854592785422e-06	0.0018743027147638527
B99	D70	14	1264	132	70852	1.1981799491793077e-07	3.718854592785422e-06	0.0018780215693566381
F84	F98	11	265	355	70852	1.2686538724793787e-07	3.718854592785422e-06	0.0018817404239494235
D64	J06	38	285	3698	70852	1.298247670735704e-07	3.718854592785422e-06	0.001885459278542209
J15	L22	32	1095	718	70852	1.4536215976500225e-07	3.718854592785422e-06	0.0018891781331349944
E87	K91	6	462	37	70852	1.4577810922558443e-07	3.718854592785422e-06	0.0018928969877277798
M13	M79	7	192	143	70852	1.4722957056269124e-07	3.718854592785422e-06	0.0018966158423205652
F50	F98	8	117	355	70852	1.5572363054534843e-07	3.718854592785422e-06	0.0019003346969133506
J18	J40	52	2787	604	70852	1.6071287264417838e-07	3.718854592785422e-06	0.001904053551506136
J20	J98	86	5619	610	70852	1.6184425993875962e-07	3.718854592785422e-06	0.0019077724060989215
F43	F45	6	239	71	70852	1.649413203512657e-07	3.718854592785422e-06	0.001911491260691707
J20	J42	26	5619	106	70852	1.6720834757242745e-07	3.718854592785422e-06	0.0019152101152844923
H66	B00	39	1938	563	70852	1.7339900849324137e-07	3.718854592785422e-06	0.0019189289698772777
L50	M02	7	487	59	70852	1.739826927389968e-07	3.718854592785422e-06	0.0019226478244700632
N31	N39	9	55	1115	70852	1.9054382764325778e-07	3.718854592785422e-06	0.0019263666790628486
J04	J05	28	1874	343	70852	1.9072613438302287e-07	3.718854592785422e-06	0.001930085533655634
D48	L72	6	129	134	70852	1.9213262503193008e-07	3.718854592785422e-06	0.0019338043882484194
L03	B01	13	498	293	70852	2.117637288559441e-07	3.718854592785422e-06	0.0019375232428412049
J00	J12	29	1938	354	70852	2.15812447436986e-07	3.718854592785422e-06	0.0019412420974339903
E66	F80	14	380	453	70852	2.2114612054897688e-07	3.718854592785422e-06	0.0019449609520267757
K35	K56	25	1073	494	70852	2.2882275793036776e-07	3.718854592785422e-06	0.0019486798066195611
F89	F93	7	215	137	70852	2.3653252870138333e-07	3.718854592785422e-06	0.0019523986612123465
H47	H50	6	32	588	70852	2.402682036617585e-07	3.718854592785422e-06	0.001956117515805132
D70	J18	20	132	2787	70852	2.505960450931925e-07	3.718854592785422e-06	0.0019598363703979176
E70	J96	6	32	593	70852	2.524463372306831e-07	3.718854592785422e-06	0.001963555224990703
F72	K02	6	10	2359	70852	2.533240869550877e-07	3.718854592785422e-06	0.0019672740795834884
E66	F50	8	380	117	70852	2.6076556925111233e-07	3.718854592785422e-06	0.0019709929341762736
F89	G80	8	215	206	70852	2.6431529122573083e-07	3.718854592785422e-06	0.0019747117887690593
E84	J15	11	95	1095	70852	2.737456700084642e-07	3.718854592785422e-06	0.0019784306433618445
G82	K21	9	177	349	70852	2.8481525325171783e-07	3.718854592785422e-06	0.00198214949795463
A02	E87	10	176	462	70852	2.9160109286333577e-07	3.718854592785422e-06	0.0019858683525474153
F43	F91	7	239	129	70852	3.2062284847216605e-07	3.718854592785422e-06	0.001989587207140201
B99	J03	79	1264	2428	70852	3.2614232123566477e-07	3.718854592785422e-06	0.001993306061732986
E34	F83	13	340	446	70852	3.301841581894087e-07	3.718854592785422e-06	0.001997024916325772
J12	J44	24	354	1433	70852	3.494421669707175e-07	3.718854592785422e-06	0.002000743770918557
H49	H50	6	34	588	70852	3.516026568239391e-07	3.718854592785422e-06	0.0020044626255113426
J96	K21	15	593	349	70852	3.522843279733986e-07	3.718854592785422e-06	0.002008181480104128
G44	J06	21	113	3698	70852	3.73014471896813e-07	3.718854592785422e-06	0.0020119003346969135
E84	K56	8	95	494	70852	3.7734788584213215e-07	3.718854592785422e-06	0.0020156191892896987
J45	J98	34	1488	610	70852	3.894170778985611e-07	3.718854592785422e-06	0.0020193380438824843
B37	E87	21	867	462	70852	3.943442172591073e-07	3.718854592785422e-06	0.0020230568984752695
D64	J00	25	285	1938	70852	4.0816949569545635e-07	3.718854592785422e-06	0.002026775753068055
F82	F89	8	219	215	70852	4.2044380267377045e-07	3.718854592785422e-06	0.0020304946076608404
I47	J96	8	81	593	70852	4.322197965408518e-07	3.718854592785422e-06	0.002034213462253626
H66	J44	73	1938	1433	70852	4.367210878693497e-07	3.718854592785422e-06	0.002037932316846411
N43	N50	11	860	126	70852	4.5330260089859584e-07	3.718854592785422e-06	0.002041651171439197
G47	G71	7	511	65	70852	4.7263553483281706e-07	3.718854592785422e-06	0.002045370026031982
I42	J18	10	34	2787	70852	4.807739059982708e-07	3.718854592785422e-06	0.0020490888806247677
K59	K92	14	1149	162	70852	4.822246823748981e-07	3.718854592785422e-06	0.002052807735217553
G40	I67	6	1458	16	70852	5.043476865425553e-07	3.718854592785422e-06	0.0020565265898103385
L20	L30	9	534	125	70852	5.174831775641053e-07	3.718854592785422e-06	0.0020602454444031237
H10	L20	18	573	534	70852	5.28001483806654e-07	3.718854592785422e-06	0.0020639642989959094
F90	H52	10	514	171	70852	5.885377996126989e-07	3.718854592785422e-06	0.0020676831535886946
J31	K21	13	458	349	70852	5.9681918312935e-07	3.718854592785422e-06	0.00207140200818148
J96	K76	8	593	85	70852	6.280293645973706e-07	3.718854592785422e-06	0.0020751208627742654
J22	J96	16	416	593	70852	6.322575234951918e-07	3.718854592785422e-06	0.002078839717367051
H73	A09	19	78	4738	70852	6.69030966290891e-07	3.718854592785422e-06	0.0020825585719598362
H66	J10	29	1938	374	70852	6.716896553016593e-07	3.718854592785422e-06	0.002086277426552622
E86	I88	41	1979	628	70852	6.866508589576047e-07	3.718854592785422e-06	0.002089996281145407
E87	K31	6	462	48	70852	7.242348777620999e-07	3.718854592785422e-06	0.0020937151357381927
B37	J44	41	867	1433	70852	7.333132733318671e-07	3.718854592785422e-06	0.002097433990330978
J96	K63	6	593	38	70852	7.369995584269894e-07	3.718854592785422e-06	0.0021011528449237636
F83	G81	8	446	115	70852	7.608060327428041e-07	3.718854592785422e-06	0.0021048716995165488
E66	F43	10	380	239	70852	8.171530216521351e-07	3.718854592785422e-06	0.0021085905541093344
E87	G41	8	462	113	70852	8.657406765852028e-07	3.718854592785422e-06	0.0021123094087021196
N39	E83	7	1115	34	70852	8.709982040358503e-07	3.718854592785422e-06	0.0021160282632949052
J04	L22	43	1874	718	70852	8.740362713419962e-07	3.718854592785422e-06	0.0021197471178876904
F43	F82	8	239	219	70852	9.325999465105097e-07	3.718854592785422e-06	0.002123465972480476
G40	H54	7	1458	27	70852	9.538551256945076e-07	3.718854592785422e-06	0.0021271848270732613
M25	M65	6	176	130	70852	9.965113679216794e-07	3.718854592785422e-06	0.002130903681666047
L03	L04	12	498	285	70852	1.0725683841550549e-06	3.718854592785422e-06	0.002134622536258832
G41	G80	6	113	206	70852	1.0951087840792063e-06	3.718854592785422e-06	0.0021383413908516178
F93	H52	6	137	171	70852	1.1449104484397831e-06	3.718854592785422e-06	0.002142060245444403
F83	G47	15	446	511	70852	1.183412883670513e-06	3.718854592785422e-06	0.0021457791000371886
E03	F82	6	108	219	70852	1.197919325516782e-06	3.718854592785422e-06	0.002149497954629974
K59	K62	9	1149	66	70852	1.2160911219449163e-06	3.718854592785422e-06	0.0021532168092227594
D50	D64	13	599	285	70852	1.2201721047451163e-06	3.718854592785422e-06	0.0021569356638155446
J44	J98	32	1433	610	70852	1.3878841292136524e-06	3.718854592785422e-06	0.0021606545184083303
G80	H50	11	206	588	70852	1.4796713241109318e-06	3.718854592785422e-06	0.0021643733730011155
D80	J15	9	71	1095	70852	1.5379263083711824e-06	3.718854592785422e-06	0.002168092227593901
F80	K07	6	453	56	70852	1.6373218996815624e-06	3.718854592785422e-06	0.0021718110821866863
M25	M79	6	176	143	70852	1.7375782079983718e-06	3.718854592785422e-06	0.002175529936779472
D64	J21	17	285	1058	70852	1.8033332874699046e-06	3.718854592785422e-06	0.002179248791372257
J40	J98	19	604	610	70852	1.8075955741512895e-06	3.718854592785422e-06	0.002182967645965043
J13	J40	8	96	604	70852	1.8288333539687968e-06	3.718854592785422e-06	0.002186686500557828
E86	K56	34	1979	494	70852	1.8861825400725029e-06	3.718854592785422e-06	0.0021904053551506136
N19	E86	6	15	1979	70852	1.8989854437777537e-06	3.718854592785422e-06	0.002194124209743399
B34	E86	48	823	1979	70852	2.0047825618356734e-06	3.718854592785422e-06	0.0021978430643361845
J30	L20	11	236	534	70852	2.1969797675495506e-06	3.718854592785422e-06	0.0022015619189289697
N13	B37	25	694	867	70852	2.3085507009094293e-06	3.718854592785422e-06	0.0022052807735217553
J06	L50	51	3698	487	70852	2.3186362934534845e-06	3.718854592785422e-06	0.0022089996281145405
A04	A08	45	339	4482	70852	2.3505494819572773e-06	3.718854592785422e-06	0.002212718482707326
B96	J15	6	26	1095	70852	2.3755438458295155e-06	3.718854592785422e-06	0.0022164373373001114
B37	J02	26	867	742	70852	2.4056446726759257e-06	3.718854592785422e-06	0.002220156191892897
J02	L04	14	742	285	70852	2.427787559164795e-06	3.718854592785422e-06	0.002223875046485682
J04	J31	31	1874	458	70852	2.479065061319498e-06	3.718854592785422e-06	0.002227593901078468
E03	G40	12	108	1458	70852	2.5008593420596753e-06	3.718854592785422e-06	0.002231312755671253
A41	A49	8	247	242	70852	2.5070109334682327e-06	3.718854592785422e-06	0.0022350316102640387
I89	L03	6	55	498	70852	2.5337785953575827e-06	3.718854592785422e-06	0.002238750464856824
D69	E03	7	391	108	70852	2.552359851682591e-06	3.718854592785422e-06	0.0022424693194496095
F70	G40	7	31	1458	70852	2.628580180843106e-06	3.718854592785422e-06	0.0022461881740423947
N39	B96	6	1115	26	70852	2.6358218789345198e-06	3.718854592785422e-06	0.0022499070286351804
D50	H10	18	599	573	70852	2.6636388597267397e-06	3.718854592785422e-06	0.0022536258832279656
F80	H68	6	453	61	70852	2.7255406034285915e-06	3.718854592785422e-06	0.002257344737820751
J00	B08	42	1938	702	70852	2.751203570058722e-06	3.718854592785422e-06	0.0022610635924135364
K04	K10	7	940	47	70852	2.8040295494183e-06	3.718854592785422e-06	0.002264782447006322
J02	J03	51	742	2428	70852	2.8921456255008485e-06	3.718854592785422e-06	0.0022685013015991073
E23	J96	7	74	593	70852	3.0772509637393232e-06	3.718854592785422e-06	0.002272220156191893
E66	F81	6	380	74	70852	3.116452192672016e-06	3.718854592785422e-06	0.002275939010784678
J31	J98	16	458	610	70852	3.1439021011901936e-06	3.718854592785422e-06	0.0022796578653774637
A41	G03	6	247	114	70852	3.288554082017306e-06	3.718854592785422e-06	0.002283376719970249
H35	H50	6	49	588	70852	3.2898657031716494e-06	3.718854592785422e-06	0.0022870955745630346
E66	F82	9	380	219	70852	3.3603063460205035e-06	3.718854592785422e-06	0.0022908144291558198
H35	J96	6	49	593	70852	3.453072360507992e-06	3.718854592785422e-06	0.0022945332837486054
J18	J69	13	2787	71	70852	3.606417241854424e-06	3.718854592785422e-06	0.0022982521383413906
D50	E61	6	599	49	70852	3.6575674004305056e-06	3.718854592785422e-06	0.0023019709929341763
F83	M21	8	446	145	70852	4.346449811803928e-06	3.718854592785422e-06	0.0023056898475269615
J12	L22	15	354	718	70852	4.3819151171189345e-06	3.718854592785422e-06	0.002309408702119747
F95	G40	10	79	1458	70852	5.25276701093235e-06	3.718854592785422e-06	0.0023131275567125323
B34	L22	24	823	718	70852	5.355042667464439e-06	3.718854592785422e-06	0.002316846411305318
J00	A08	172	1938	4482	70852	5.4191624138023685e-06	3.718854592785422e-06	0.002320565265898103
N04	J96	6	53	593	70852	5.5106265230071955e-06	3.718854592785422e-06	0.0023242841204908888
J22	J44	24	416	1433	70852	5.811642524597819e-06	3.718854592785422e-06	0.002328002975083674
B37	D70	10	867	132	70852	5.830447557603576e-06	3.718854592785422e-06	0.0023317218296764596
E03	F83	7	108	446	70852	6.028970626886991e-06	3.718854592785422e-06	0.002335440684269245
A02	A08	28	176	4482	70852	6.317649420069257e-06	3.718854592785422e-06	0.0023391595388620305
E66	F91	7	380	129	70852	6.887760089511603e-06	3.718854592785422e-06	0.0023428783934548157
I27	J18	7	20	2787	70852	7.131535750514806e-06	3.718854592785422e-06	0.0023465972480476013
D80	J20	18	71	5619	70852	7.736640591015243e-06	3.718854592785422e-06	0.0023503161026403865
N26	N39	6	31	1115	70852	7.882175083503092e-06	3.718854592785422e-06	0.002354034957233172
L20	B00	16	534	563	70852	7.891263418305248e-06	3.718854592785422e-06	0.0023577538118259573
J03	J18	139	2428	2787	70852	8.042313724601346e-06	3.718854592785422e-06	0.002361472666418743
D69	K76	6	391	85	70852	8.231809641872066e-06	3.718854592785422e-06	0.002365191521011528
H65	H91	39	8202	164	70852	8.776002401553649e-06	3.718854592785422e-06	0.002368910375604314
B07	B08	12	249	702	70852	8.78597981900375e-06	3.718854592785422e-06	0.002372629230197099
H10	J22	14	573	416	70852	9.70067715498769e-06	3.718854592785422e-06	0.0023763480847898847
H65	H68	20	8202	61	70852	9.903807819415513e-06	3.718854592785422e-06	0.00238006693938267
B37	J12	16	867	354	70852	9.929226342309913e-06	3.718854592785422e-06	0.0023837857939754555
F84	F91	6	265	129	70852	1.0013439938704919e-05	3.718854592785422e-06	0.002387504648568241
H10	J03	41	573	2428	70852	1.0185478302018819e-05	3.718854592785422e-06	0.0023912235031610263
A02	E86	17	176	1979	70852	1.0286137555522854e-05	3.718854592785422e-06	0.002394942357753812
H65	J33	17	8202	47	70852	1.0378838333045263e-05	3.718854592785422e-06	0.002398661212346597
D69	A41	9	391	247	70852	1.1126753611163558e-05	3.718854592785422e-06	0.002402380066939383
J33	J35	23	47	14420	70852	1.134638518064552e-05	3.718854592785422e-06	0.002406098921532168
J40	K21	13	604	349	70852	1.197550069749101e-05	3.718854592785422e-06	0.0024098177761249537
E87	J06	47	462	3698	70852	1.2047800562432655e-05	3.718854592785422e-06	0.002413536630717739
B34	J00	45	823	1938	70852	1.2354580587875484e-05	3.718854592785422e-06	0.0024172554853105245
H66	A09	178	1938	4738	70852	1.2461907738417925e-05	3.718854592785422e-06	0.0024209743399033097
J03	A09	216	2428	4738	70852	1.2529102565051673e-05	3.718854592785422e-06	0.0024246931944960953
B34	A08	84	823	4482	70852	1.2855193356115768e-05	3.718854592785422e-06	0.0024284120490888805
E45	F83	6	81	446	70852	1.3103597459527105e-05	3.718854592785422e-06	0.002432130903681666
G40	J10	22	1458	374	70852	1.3476005439985714e-05	3.718854592785422e-06	0.0024358497582744514
G47	H90	14	511	482	70852	1.3995475393569797e-05	3.718854592785422e-06	0.002439568612867237
B37	D64	14	867	285	70852	1.4006808011617173e-05	3.718854592785422e-06	0.0024432874674600222
J18	J91	7	2787	22	70852	1.463853365104813e-05	3.718854592785422e-06	0.002447006322052808
B34	B37	26	823	867	70852	1.4740491803736754e-05	3.718854592785422e-06	0.002450725176645593
H66	J40	36	1938	604	70852	1.4822539084055109e-05	3.718854592785422e-06	0.0024544440312383787
J02	J20	92	742	5619	70852	1.5070896903470108e-05	3.718854592785422e-06	0.002458162885831164
F89	J96	10	215	593	70852	1.5911161264727108e-05	3.718854592785422e-06	0.0024618817404239495
F82	H52	6	219	171	70852	1.692501254949927e-05	3.718854592785422e-06	0.0024656005950167348
F84	J96	11	265	593	70852	1.752395515653897e-05	3.718854592785422e-06	0.0024693194496095204
B00	B08	18	563	702	70852	1.785312716694723e-05	3.718854592785422e-06	0.0024730383042023056
A49	E86	20	242	1979	70852	1.839596874432631e-05	3.718854592785422e-06	0.0024767571587950912
J02	J15	28	742	1095	70852	1.9032061799982863e-05	3.718854592785422e-06	0.0024804760133878764
G82	H50	9	177	588	70852	1.9557317019906948e-05	3.718854592785422e-06	0.002484194867980662
F45	K59	8	71	1149	70852	2.0131442336969442e-05	3.718854592785422e-06	0.0024879137225734473
D50	J40	17	599	604	70852	2.0532318082941323e-05	3.718854592785422e-06	0.002491632577166233
F82	F84	7	219	265	70852	2.0974973997168942e-05	3.718854592785422e-06	0.002495351431759018
J13	J18	14	96	2787	70852	2.3794943763875632e-05	3.718854592785422e-06	0.0024990702863518038
G82	J18	20	177	2787	70852	2.454732355010872e-05	3.718854592785422e-06	0.002502789140944589
D80	H10	6	71	573	70852	2.50052419595736e-05	3.718854592785422e-06	0.0025065079955373746
L20	L50	14	534	487	70852	2.539666385149186e-05	3.718854592785422e-06	0.00251022685013016
E87	L22	16	462	718	70852	2.5974443243634815e-05	3.718854592785422e-06	0.0025139457047229454
D57	J06	9	32	3698	70852	2.6652582294457018e-05	3.718854592785422e-06	0.0025176645593157306
F50	K21	6	117	349	70852	2.7024861822106173e-05	3.718854592785422e-06	0.0025213834139085163
B34	J02	23	823	742	70852	2.7198551371987756e-05	3.718854592785422e-06	0.0025251022685013015
J10	J15	18	374	1095	70852	2.746106059762741e-05	3.718854592785422e-06	0.002528821123094087
G40	I10	8	1458	59	70852	2.7581063094490325e-05	3.718854592785422e-06	0.0025325399776868723
F43	H52	6	239	171	70852	2.764050975262899e-05	3.718854592785422e-06	0.002536258832279658
F98	H52	7	355	171	70852	2.7709080034724774e-05	3.718854592785422e-06	0.002539977686872443
B37	J98	21	867	610	70852	2.8144310382428615e-05	3.718854592785422e-06	0.002543696541465229
G91	H50	9	187	588	70852	3.0152690388734356e-05	3.718854592785422e-06	0.002547415396058014
L20	B08	17	534	702	70852	3.1918022732005326e-05	3.718854592785422e-06	0.0025511342506507996
D69	J96	13	391	593	70852	3.2292152011383436e-05	3.718854592785422e-06	0.002554853105243585
H66	J01	16	1938	177	70852	3.26659259596536e-05	3.718854592785422e-06	0.0025585719598363705
J03	J36	10	2428	60	70852	3.457193335597492e-05	3.718854592785422e-06	0.0025622908144291557
E66	F83	11	380	446	70852	3.5378067011102294e-05	3.718854592785422e-06	0.0025660096690219413
G40	I61	6	1458	31	70852	3.560629105715539e-05	3.718854592785422e-06	0.0025697285236147265
D50	K90	8	599	147	70852	3.968350146094424e-05	3.718854592785422e-06	0.002573447378207512
J01	L03	8	177	498	70852	4.066575041071815e-05	3.718854592785422e-06	0.0025771662328002974
E87	G40	24	462	1458	70852	4.20745725287966e-05	3.718854592785422e-06	0.002580885087393083
J00	L04	21	1938	285	70852	4.6482483000624596e-05	3.718854592785422e-06	0.002584603941985868
B37	J03	53	867	2428	70852	4.716047079490929e-05	3.718854592785422e-06	0.002588322796578654
G82	J10	7	177	374	70852	4.795475341851058e-05	3.718854592785422e-06	0.002592041651171439
B99	D72	7	1264	54	70852	4.8232972548061326e-05	3.718854592785422e-06	0.0025957605057642247
B37	J15	30	867	1095	70852	4.830583862548023e-05	3.718854592785422e-06	0.00259947936035701
E03	J15	9	108	1095	70852	4.859216121041695e-05	3.718854592785422e-06	0.0026031982149497955
J38	J98	21	903	610	70852	5.025111233188326e-05	3.718854592785422e-06	0.0026069170695425807
H73	J18	12	78	2787	70852	5.222270677105419e-05	3.718854592785422e-06	0.0026106359241353664
J46	J96	8	155	593	70852	5.3852111222240096e-05	3.718854592785422e-06	0.0026143547787281516
D64	K92	6	285	162	70852	5.434086480367234e-05	3.718854592785422e-06	0.002618073633320937
D64	J22	9	285	416	70852	5.519010956050025e-05	3.718854592785422e-06	0.0026217924879137224
G81	J96	7	115	593	70852	5.578326879669646e-05	3.718854592785422e-06	0.002625511342506508
D64	J03	24	285	2428	70852	5.6622618267806215e-05	3.718854592785422e-06	0.0026292301970992932
J03	B08	45	2428	702	70852	5.74473061958622e-05	3.718854592785422e-06	0.002632949051692079
D50	J12	12	599	354	70852	5.889443002709179e-05	3.718854592785422e-06	0.002636667906284864
G40	I95	7	1458	49	70852	6.220460174040072e-05	3.718854592785422e-06	0.0026403867608776497
N10	L22	11	253	718	70852	6.438358740733738e-05	3.718854592785422e-06	0.002644105615470435
E72	J06	8	28	3698	70852	6.622736761420083e-05	3.718854592785422e-06	0.0026478244700632206
J15	J21	34	1095	1058	70852	6.714074387465827e-05	3.718854592785422e-06	0.0026515433246560058
J15	J96	23	1095	593	70852	6.792569281449731e-05	3.718854592785422e-06	0.0026552621792487914
H10	L03	14	573	498	70852	6.86473176889961e-05	3.718854592785422e-06	0.0026589810338415766
B37	J22	16	867	416	70852	6.901251122077145e-05	3.718854592785422e-06	0.0026626998884343622
N13	F82	10	694	219	70852	6.944345096720453e-05	3.718854592785422e-06	0.0026664187430271474
J40	L20	15	604	534	70852	6.948171786389762e-05	3.718854592785422e-06	0.002670137597619933
D68	G47	7	138	511	70852	7.000566546996363e-05	3.718854592785422e-06	0.0026738564522127183
E03	K59	9	108	1149	70852	7.013519356718177e-05	3.718854592785422e-06	0.002677575306805504
A08	K91	10	4482	37	70852	7.261646237210226e-05	3.718854592785422e-06	0.002681294161398289
J22	J40	13	416	604	70852	7.28476722495072e-05	3.718854592785422e-06	0.0026850130159910748
N45	D69	6	126	391	70852	7.668124203751538e-05	3.718854592785422e-06	0.00268873187058386
G40	G47	25	1458	511	70852	7.695079552252477e-05	3.718854592785422e-06	0.0026924507251766456
E86	L22	39	1979	718	70852	8.081940094225418e-05	3.718854592785422e-06	0.002696169579769431
J06	B08	61	3698	702	70852	8.386875724761893e-05	3.718854592785422e-06	0.0026998884343622164
B99	B08	28	1264	702	70852	8.625168993063305e-05	3.718854592785422e-06	0.0027036072889550017
F80	H61	10	453	344	70852	8.735218430516136e-05	3.718854592785422e-06	0.0027073261435477873
J00	L20	31	1938	534	70852	9.050514069419134e-05	3.718854592785422e-06	0.0027110449981405725
B37	A04	14	867	339	70852	9.181253855710223e-05	3.718854592785422e-06	0.002714763852733358
N43	K42	15	860	388	70852	9.953236549020747e-05	3.718854592785422e-06	0.0027184827073261433
H66	A08	164	1938	4482	70852	0.00010317435778533583	3.718854592785422e-06	0.002722201561918929
K12	L03	10	320	498	70852	0.00010465428508415178	3.718854592785422e-06	0.002725920416511714
J06	J21	84	3698	1058	70852	0.00010885422826311393	3.718854592785422e-06	0.0027296392711045
K52	K92	10	996	162	70852	0.00010916221144379242	3.718854592785422e-06	0.002733358125697285
B34	J15	28	823	1095	70852	0.00011259277954784871	3.718854592785422e-06	0.0027370769802900707
E16	J06	21	162	3698	70852	0.0001159812160421257	3.718854592785422e-06	0.002740795834882856
J15	J69	7	1095	71	70852	0.00011629507373994939	3.718854592785422e-06	0.0027445146894756415
B99	H66	58	1264	1938	70852	0.00011691802841999438	3.718854592785422e-06	0.0027482335440684267
B34	B09	7	823	94	70852	0.00011867430424422424	3.718854592785422e-06	0.0027519523986612123
D50	J44	27	599	1433	70852	0.00011890473805272168	3.718854592785422e-06	0.0027556712532539975
G93	K21	6	153	349	70852	0.00012020407814632581	3.718854592785422e-06	0.002759390107846783
E87	H10	13	462	573	70852	0.00012236542147381734	3.718854592785422e-06	0.0027631089624395684
J20	L30	23	5619	125	70852	0.0001224115377891095	3.718854592785422e-06	0.002766827817032354
J13	J15	8	96	1095	70852	0.00012682538369603253	3.718854592785422e-06	0.0027705466716251392
D50	J21	22	599	1058	70852	0.00012904901386737676	3.718854592785422e-06	0.002774265526217925
L02	L04	7	272	285	70852	0.0001293061359226147	3.718854592785422e-06	0.00277798438081071
L22	B08	19	718	702	70852	0.00013076569375658834	3.718854592785422e-06	0.0027817032354034957
N17	J18	7	30	2787	70852	0.0001325379339299819	3.718854592785422e-06	0.002785422089996281
B37	L20	18	867	534	70852	0.0001328423244851644	3.718854592785422e-06	0.0027891409445890665
D80	H66	9	71	1938	70852	0.0001362919927375729	3.718854592785422e-06	0.0027928597991818517
F84	G80	6	265	206	70852	0.0001366403870327132	3.718854592785422e-06	0.0027965786537746374
N13	D64	11	694	285	70852	0.0001367752799276371	3.718854592785422e-06	0.0028002975083674226
J21	L21	6	1058	53	70852	0.00013797363051142446	3.718854592785422e-06	0.002804016362960208
G40	K21	19	1458	349	70852	0.00013983106397312355	3.718854592785422e-06	0.0028077352175529934
B34	A49	11	823	242	70852	0.00014332085048431639	3.718854592785422e-06	0.002811454072145779
K35	K36	7	1073	75	70852	0.00014536020682797709	3.718854592785422e-06	0.0028151729267385643
D50	G82	8	599	177	70852	0.00014544751564996277	3.718854592785422e-06	0.00281889178133135
H10	J40	15	573	604	70852	0.0001500854605594651	3.718854592785422e-06	0.002822610635924135
F83	M62	6	446	125	70852	0.00015010420658530317	3.718854592785422e-06	0.0028263294905169207
D50	K52	21	599	996	70852	0.00015114565539015333	3.718854592785422e-06	0.002830048345109706
F83	J10	10	446	374	70852	0.00015190804106333928	3.718854592785422e-06	0.0028337671997024916
B27	I88	9	217	628	70852	0.00015538021200933876	3.718854592785422e-06	0.0028374860542952768
F89	J10	7	215	374	70852	0.00016119816463422299	3.718854592785422e-06	0.0028412049088880624
G93	J10	6	153	374	70852	0.00017471014447739333	3.718854592785422e-06	0.0028449237634808476
D68	J96	7	138	593	70852	0.00017493786679911212	3.718854592785422e-06	0.0028486426180736333
F50	B08	7	117	702	70852	0.0001760273875777694	3.718854592785422e-06	0.0028523614726664185
J06	J40	53	3698	604	70852	0.0001846689832770485	3.718854592785422e-06	0.002856080327259204
D64	J40	10	285	604	70852	0.00019382036416913513	3.718854592785422e-06	0.0028597991818519897
H66	J31	27	1938	458	70852	0.00019459538267430207	3.718854592785422e-06	0.002863518036444775
J04	J40	32	1874	604	70852	0.00020187360392014703	3.718854592785422e-06	0.0028672368910375606
D64	J98	10	285	610	70852	0.00020968129311201185	3.718854592785422e-06	0.0028709557456303458
B99	K21	17	1264	349	70852	0.00021656133167386425	3.718854592785422e-06	0.0028746746002231314
K36	K59	7	75	1149	70852	0.00022049064074881474	3.718854592785422e-06	0.0028783934548159166
J20	J46	26	5619	155	70852	0.00022145166829729796	3.718854592785422e-06	0.0028821123094087023
G40	M21	11	1458	145	70852	0.00022210049603857163	3.718854592785422e-06	0.0028858311640014875
D50	K21	11	599	349	70852	0.0002221944541308458	3.718854592785422e-06	0.002889550018594273
E87	J98	13	462	610	70852	0.00022443915457437267	3.718854592785422e-06	0.0028932688731870583
J20	J40	73	5619	604	70852	0.0002322259636122982	3.718854592785422e-06	0.002896987727779844
L50	M25	7	487	176	70852	0.00023554164335734147	3.718854592785422e-06	0.002900706582372629
A08	K56	52	4482	494	70852	0.0002494536929418979	3.718854592785422e-06	0.0029044254369654148
J22	K21	9	416	349	70852	0.0002523109062849833	3.718854592785422e-06	0.0029081442915582
B34	J06	67	823	3698	70852	0.000257370663801871	3.718854592785422e-06	0.0029118631461509856
B99	F50	9	1264	117	70852	0.0002631549281820764	3.718854592785422e-06	0.002915582000743771
B37	A41	11	867	247	70852	0.00026670310665566886	3.718854592785422e-06	0.0029193008553365565
J12	J40	11	354	604	70852	0.0002690995608520616	3.718854592785422e-06	0.0029230197099293417
J00	J10	23	1938	374	70852	0.00030966717678254765	3.718854592785422e-06	0.0029267385645221273
F89	J00	16	215	1938	70852	0.0003174902926403642	3.718854592785422e-06	0.0029304574191149125
H10	J44	25	573	1433	70852	0.000338045280084186	3.718854592785422e-06	0.002934176273707698
H66	L51	6	1938	35	70852	0.0003414678067452951	3.718854592785422e-06	0.0029378951283004833
A41	J18	22	247	2787	70852	0.00034401628373971	3.718854592785422e-06	0.002941613982893269
I88	M43	6	628	104	70852	0.00034461149541712154	3.718854592785422e-06	0.002945332837486054
G91	K21	6	187	349	70852	0.0003549291059288474	3.718854592785422e-06	0.00294905169207884
F50	B00	6	117	563	70852	0.00036401178796627905	3.718854592785422e-06	0.002952770546671625
E10	J96	9	258	593	70852	0.00036590328670077233	3.718854592785422e-06	0.0029564894012644107
D64	H66	19	285	1938	70852	0.00037348261734527057	3.718854592785422e-06	0.002960208255857196
H65	H72	15	8202	50	70852	0.00037550556195985456	3.718854592785422e-06	0.0029639271104499815
E88	G40	7	65	1458	70852	0.00037912716856344043	3.718854592785422e-06	0.0029676459650427667
J02	A08	71	742	4482	70852	0.00038589327914206434	3.718854592785422e-06	0.0029713648196355523
J10	J20	49	374	5619	70852	0.0003875151401301898	3.718854592785422e-06	0.0029750836742283376
D18	K42	7	241	388	70852	0.0004016079362780752	3.718854592785422e-06	0.002978802528821123
L22	B09	6	718	94	70852	0.00040578017708345056	3.718854592785422e-06	0.0029825213834139084
A49	H66	17	242	1938	70852	0.00041006904169366387	3.718854592785422e-06	0.002986240238006694
F83	H50	12	446	588	70852	0.0004155296687526693	3.718854592785422e-06	0.0029899590925994792
F98	K21	8	355	349	70852	0.0004223337165041351	3.718854592785422e-06	0.002993677947192265
J12	J18	28	354	2787	70852	0.00042281350763203793	3.718854592785422e-06	0.00299739680178505
H66	J98	32	1938	610	70852	0.00042649790569178016	3.718854592785422e-06	0.0030011156563778357
G40	J06	106	1458	3698	70852	0.00042790415767924455	3.718854592785422e-06	0.003004834510970621
J30	J35	70	236	14420	70852	0.00043059810008621305	3.718854592785422e-06	0.0030085533655634066
N47	B07	59	10950	249	70852	0.0004323621814289052	3.718854592785422e-06	0.0030122722201561918
A49	J15	12	242	1095	70852	0.00043884408337908654	3.718854592785422e-06	0.0030159910747489774
J40	K52	20	604	996	70852	0.0004437254806552743	3.718854592785422e-06	0.0030197099293417626
E86	E88	8	1979	65	70852	0.00044847031481428046	3.718854592785422e-06	0.0030234287839345482
D80	J18	10	71	2787	70852	0.00045067296311796233	3.718854592785422e-06	0.0030271476385273334
F83	J18	33	446	2787	70852	0.00045752646573413494	3.718854592785422e-06	0.003030866493120119
F89	H50	8	215	588	70852	0.0004760636727469129	3.718854592785422e-06	0.0030345853477129043
F80	H50	12	453	588	70852	0.0004767680229015356	3.718854592785422e-06	0.00303830420230569
A09	B09	16	4738	94	70852	0.0004826543126593554	3.718854592785422e-06	0.003042023056898475
J20	L50	60	5619	487	70852	0.00048542405023487776	3.718854592785422e-06	0.0030457419114912608
G40	H35	6	1458	49	70852	0.0004935685008841663	3.718854592785422e-06	0.003049460766084046
B37	E86	42	867	1979	70852	0.0004954622261059737	3.718854592785422e-06	0.0030531796206768316
G44	J03	12	113	2428	70852	0.0005164806392452868	3.718854592785422e-06	0.003056898475269617
E66	F90	10	380	514	70852	0.0005260603430285724	3.718854592785422e-06	0.0030606173298624024
E87	G93	6	462	153	70852	0.0005358437007952851	3.718854592785422e-06	0.0030643361844551876
N13	G91	8	694	187	70852	0.0005601141297994359	3.718854592785422e-06	0.0030680550390479733
H66	H74	12	1938	142	70852	0.0005617912463644956	3.718854592785422e-06	0.0030717738936407585
F82	J96	8	219	593	70852	0.0005678682361883524	3.718854592785422e-06	0.003075492748233544
D64	J15	13	285	1095	70852	0.0005687476221653634	3.718854592785422e-06	0.0030792116028263293
N10	D64	6	253	285	70852	0.0006019684666321232	3.718854592785422e-06	0.003082930457419115
N39	N48	27	1115	854	70852	0.0006060284834901212	3.718854592785422e-06	0.0030866493120119
F98	G80	6	355	206	70852	0.0006461097354556276	3.718854592785422e-06	0.003090368166604686
N43	N44	9	860	194	70852	0.0006660228042330471	3.718854592785422e-06	0.003094087021197471
E86	K92	13	1979	162	70852	0.000670405086392085	3.718854592785422e-06	0.0030978058757902566
J00	L30	11	1938	125	70852	0.0006709549788487746	3.718854592785422e-06	0.003101524730383042
J40	J96	14	604	593	70852	0.0006817946556658295	3.718854592785422e-06	0.0031052435849758275
N13	J31	13	694	458	70852	0.0006919090631294794	3.718854592785422e-06	0.0031089624395686127
E34	F82	6	340	219	70852	0.0007102799722235877	3.718854592785422e-06	0.0031126812941613983
N13	E03	6	694	108	70852	0.0007104371164162048	3.718854592785422e-06	0.0031164001487541835
J15	B01	13	1095	293	70852	0.0007346139656745196	3.718854592785422e-06	0.003120119003346969
J02	L50	14	742	487	70852	0.0007400630588183011	3.718854592785422e-06	0.0031238378579397544
H10	J30	8	573	236	70852	0.0007402054474574038	3.718854592785422e-06	0.00312755671253254
D50	J04	30	599	1874	70852	0.0007779767100012575	3.718854592785422e-06	0.003131275567125325
A04	L22	11	339	718	70852	0.0007840086447882922	3.718854592785422e-06	0.003134994421718111
E87	F83	10	462	446	70852	0.0007920443197823903	3.718854592785422e-06	0.003138713276310896
J12	K42	8	354	388	70852	0.0008257091588475844	3.718854592785422e-06	0.0031424321309036817
J31	J45	21	458	1488	70852	0.000831068770915496	3.718854592785422e-06	0.003146150985496467
E23	G40	7	74	1458	70852	0.0008354173330947215	3.718854592785422e-06	0.0031498698400892525
E87	J18	33	462	2787	70852	0.0008360102345601305	3.718854592785422e-06	0.0031535886946820377
D50	J06	50	599	3698	70852	0.0008437247180576767	3.718854592785422e-06	0.0031573075492748234
J21	K42	15	1058	388	70852	0.0008658929175533305	3.718854592785422e-06	0.0031610264038676086
J03	M43	11	2428	104	70852	0.0008996978531022658	3.718854592785422e-06	0.003164745258460394
J03	A08	192	2428	4482	70852	0.000907198479408371	3.718854592785422e-06	0.0031684641130531794
E73	A08	13	76	4482	70852	0.0009093001534355025	3.718854592785422e-06	0.003172182967645965
L22	B01	10	718	293	70852	0.0009165662678883967	3.718854592785422e-06	0.0031759018222387502
B37	L30	7	867	125	70852	0.0009187492647179227	3.718854592785422e-06	0.003179620676831536
F89	J06	23	215	3698	70852	0.0009387804458925536	3.718854592785422e-06	0.003183339531424321
E86	J18	106	1979	2787	70852	0.0009569201240301179	3.718854592785422e-06	0.0031870583860171067
J98	K21	10	610	349	70852	0.0010084229422121457	3.718854592785422e-06	0.003190777240609892
A08	B00	55	4482	563	70852	0.0010199467121268504	3.718854592785422e-06	0.0031944960952026776
J06	J12	33	3698	354	70852	0.0010239413028837242	3.718854592785422e-06	0.0031982149497954628
J11	J22	7	265	416	70852	0.001054133383541052	3.718854592785422e-06	0.0032019338043882484
I88	A08	60	628	4482	70852	0.0010713664029128767	3.718854592785422e-06	0.0032056526589810336
J06	L04	28	3698	285	70852	0.0010815567445460247	3.718854592785422e-06	0.0032093715135738192
H66	B09	9	1938	94	70852	0.0011131688700133091	3.718854592785422e-06	0.0032130903681666045
D18	D50	8	241	599	70852	0.0011240400699271413	3.718854592785422e-06	0.00321680922275939
E03	J18	12	108	2787	70852	0.0011371032596188533	3.718854592785422e-06	0.0032205280773521753
F50	J06	15	117	3698	70852	0.0011606698768215878	3.718854592785422e-06	0.003224246931944961
H60	J44	9	127	1433	70852	0.001164308302198333	3.718854592785422e-06	0.003227965786537746
K12	B00	9	320	563	70852	0.001167107020813219	3.718854592785422e-06	0.0032316846411305318
J15	J45	39	1095	1488	70852	0.0011800013142923647	3.718854592785422e-06	0.003235403495723317
D50	B00	13	599	563	70852	0.0011830069088330675	3.718854592785422e-06	0.0032391223503161026
D69	E87	9	391	462	70852	0.001192747104892182	3.718854592785422e-06	0.003242841204908888
H10	J02	15	573	742	70852	0.0012432064476247627	3.718854592785422e-06	0.0032465600595016735
J31	J44	20	458	1433	70852	0.0012494475443178578	3.718854592785422e-06	0.0032502789140944587
J04	J38	40	1874	903	70852	0.0012763073743469347	3.718854592785422e-06	0.0032539977686872443
H10	J45	24	573	1488	70852	0.0012825729210161445	3.718854592785422e-06	0.0032577166232800295
J12	J30	6	354	236	70852	0.0012832746936705924	3.718854592785422e-06	0.003261435477872815
F80	J39	6	453	185	70852	0.0012965169934326304	3.718854592785422e-06	0.0032651543324656003
B34	H10	16	823	573	70852	0.0012971128005623486	3.718854592785422e-06	0.003268873187058386
D18	K21	6	241	349	70852	0.0013282671560683747	3.718854592785422e-06	0.003272592041651171
J15	J42	7	1095	106	70852	0.0013389118787980898	3.718854592785422e-06	0.003276310896243957
H68	J00	7	61	1938	70852	0.0013622107159540337	3.718854592785422e-06	0.003280029750836742
K40	K43	6	2149	41	70852	0.0013991629178211188	3.718854592785422e-06	0.0032837486054295277
J10	B08	11	374	702	70852	0.0014376968129694318	3.718854592785422e-06	0.003287467460022313
J42	J44	8	106	1433	70852	0.0014431645393341386	3.718854592785422e-06	0.0032911863146150985
G40	H55	6	1458	60	70852	0.0014594232600572009	3.718854592785422e-06	0.0032949051692078837
F43	G40	13	239	1458	70852	0.0015056225165175343	3.718854592785422e-06	0.0032986240238006693
A49	J18	20	242	2787	70852	0.0015607184141504032	3.718854592785422e-06	0.0033023428783934545
E66	K59	15	380	1149	70852	0.001580499810648717	3.718854592785422e-06	0.00330606173298624
N47	D22	49	10950	209	70852	0.001585280118735998	3.718854592785422e-06	0.0033097805875790254
N39	E03	7	1115	108	70852	0.0016527903672486767	3.718854592785422e-06	0.003313499442171811
J03	L50	30	2428	487	70852	0.0016715611669725554	3.718854592785422e-06	0.0033172182967645962
G41	J18	12	113	2787	70852	0.0016845121070869732	3.718854592785422e-06	0.003320937151357382
J21	J31	16	1058	458	70852	0.0016908157399861566	3.718854592785422e-06	0.003324656005950167
E87	K56	10	462	494	70852	0.0016918150422657306	3.718854592785422e-06	0.0033283748605429527
D50	E86	30	599	1979	70852	0.0017847313015307484	3.718854592785422e-06	0.0033320937151357383
F83	K21	8	446	349	70852	0.0018173812189127487	3.718854592785422e-06	0.0033358125697285235
G93	H50	6	153	588	70852	0.0018388193879491925	3.718854592785422e-06	0.003339531424321309
G82	J15	9	177	1095	70852	0.0018559802795720618	3.718854592785422e-06	0.0033432502789140944
F80	G47	10	453	511	70852	0.0018749812276342363	3.718854592785422e-06	0.00334696913350688
E34	F84	6	340	265	70852	0.0018798961935624643	3.718854592785422e-06	0.0033506879880996652
A04	E87	8	339	462	70852	0.0018875662450606756	3.718854592785422e-06	0.003354406842692451
E88	J06	10	65	3698	70852	0.0019080410872176923	3.718854592785422e-06	0.003358125697285236
G41	J15	7	113	1095	70852	0.0019344722284429993	3.718854592785422e-06	0.0033618445518780217
J00	K00	9	1938	102	70852	0.0019755600641089867	3.718854592785422e-06	0.003365563406470807
J16	J18	9	72	2787	70852	0.002028006534261774	3.718854592785422e-06	0.0033692822610635925
J00	B00	28	1938	563	70852	0.002044138331624093	3.718854592785422e-06	0.0033730011156563777
J06	J31	39	3698	458	70852	0.0020654112011319714	3.718854592785422e-06	0.0033767199702491634
J11	J40	8	265	604	70852	0.0021464519994064284	3.718854592785422e-06	0.0033804388248419486
J02	J10	11	742	374	70852	0.002208976654411508	3.718854592785422e-06	0.0033841576794347342
B34	G03	6	823	114	70852	0.002227374222214943	3.718854592785422e-06	0.0033878765340275194
J00	J06	130	1938	3698	70852	0.002278630361927998	3.718854592785422e-06	0.003391595388620305
J11	J12	6	265	354	70852	0.0022980484016035577	3.718854592785422e-06	0.0033953142432130903
E74	K59	6	83	1149	70852	0.0023482977352546237	3.718854592785422e-06	0.003399033097805876
B99	K52	31	1264	996	70852	0.002357452539305252	3.718854592785422e-06	0.003402751952398661
H10	K21	9	573	349	70852	0.0023683167819492927	3.718854592785422e-06	0.0034064708069914467
J21	J46	8	1058	155	70852	0.00241672901791315	3.718854592785422e-06	0.003410189661584232
B35	J20	9	38	5619	70852	0.002419254156942173	3.718854592785422e-06	0.0034139085161770176
J31	K52	15	458	996	70852	0.002420184156295559	3.718854592785422e-06	0.003417627370769803
J21	K21	13	1058	349	70852	0.0025627854219297448	3.718854592785422e-06	0.0034213462253625884
J00	J42	9	1938	106	70852	0.002571963048043586	3.718854592785422e-06	0.0034250650799553736
J22	K52	14	416	996	70852	0.002606106616985073	3.718854592785422e-06	0.0034287839345481593
F90	G40	21	514	1458	70852	0.002623706131357157	3.718854592785422e-06	0.0034325027891409445
A38	E86	11	145	1979	70852	0.002627479547808672	3.718854592785422e-06	0.00343622164373373
K91	A09	8	37	4738	70852	0.0026616060555181512	3.718854592785422e-06	0.0034399404983265153
I88	J11	8	628	265	70852	0.0027223677847318596	3.718854592785422e-06	0.003443659352919301
J38	J39	8	903	185	70852	0.002739635382302914	3.718854592785422e-06	0.003447378207512086
J03	J10	24	2428	374	70852	0.002744534823806677	3.718854592785422e-06	0.003451097062104872
D70	J02	6	132	742	70852	0.0027797851764580967	3.718854592785422e-06	0.003454815916697657
B34	J03	44	823	2428	70852	0.0028361889878846113	3.718854592785422e-06	0.0034585347712904426
H65	J00	264	8202	1938	70852	0.0028670057260589167	3.718854592785422e-06	0.003462253625883228
F83	K59	16	446	1149	70852	0.0029250869732863416	3.718854592785422e-06	0.0034659724804760135
D80	J03	8	71	2428	70852	0.0029430565742533292	3.718854592785422e-06	0.0034696913350687987
D50	B08	14	599	702	70852	0.002999582043239739	3.718854592785422e-06	0.0034734101896615843
D64	E86	17	285	1979	70852	0.0030098376998439697	3.718854592785422e-06	0.0034771290442543695
J18	J42	11	2787	106	70852	0.003092440333249345	3.718854592785422e-06	0.003480847898847155
J02	J18	45	742	2787	70852	0.0031289708790268648	3.718854592785422e-06	0.0034845667534399404
J31	B01	7	458	293	70852	0.003181887038820775	3.718854592785422e-06	0.003488285608032726
B37	K42	12	867	388	70852	0.003344418097209298	3.718854592785422e-06	0.003492004462625511
K21	K42	7	349	388	70852	0.003347834847967531	3.718854592785422e-06	0.003495723317218297
J18	J46	14	2787	155	70852	0.0033694667849060705	3.718854592785422e-06	0.003499442171811082
D80	G40	6	71	1458	70852	0.0034514284806174984	3.718854592785422e-06	0.0035031610264038677
