ICD1	ICD2	val11	occ1	occ2	NN	pval	bonf_thresh	fdr_thresh
F32	F43	264	856	1686	37921	1.6965056831695307e-148	8.56898029134533e-06	8.56898029134533e-06
J34	M95	76	564	110	37921	1.2632656114599377e-113	8.56898029134533e-06	1.713796058269066e-05
F43	F60	171	1686	443	37921	1.4766536589922397e-113	8.56898029134533e-06	2.570694087403599e-05
F32	F60	132	856	443	37921	2.2377419680983767e-109	8.56898029134533e-06	3.427592116538132e-05
F33	F60	64	182	443	37921	6.37788804156268e-77	8.56898029134533e-06	4.2844901456726646e-05
F32	F33	73	856	182	37921	3.1873789317392805e-71	8.56898029134533e-06	5.141388174807198e-05
J32	J34	75	286	564	37921	5.515268741081356e-71	8.56898029134533e-06	5.998286203941731e-05
N13	N20	50	245	159	37921	6.034548268345497e-71	8.56898029134533e-06	6.855184233076264e-05
F43	F92	102	1686	261	37921	2.6043510309986865e-68	8.56898029134533e-06	7.712082262210797e-05
K01	K07	80	540	442	37921	1.5957671852482228e-63	8.56898029134533e-06	8.568980291345329e-05
K21	K29	75	210	1093	37921	1.0099597354527667e-60	8.56898029134533e-06	9.425878320479863e-05
F11	F19	37	80	246	37921	4.458885863576936e-60	8.56898029134533e-06	0.00010282776349614396
K29	K44	56	1093	101	37921	4.487151905312496e-59	8.56898029134533e-06	0.00011139674378748928
F32	F50	98	856	535	37921	4.598008464592694e-59	8.56898029134533e-06	0.00011996572407883462
F43	F91	83	1686	199	37921	1.7471380543923938e-58	8.56898029134533e-06	0.00012853470437017994
F11	F13	31	80	117	37921	2.4169504010695627e-58	8.56898029134533e-06	0.00013710368466152527
E86	A08	64	223	689	37921	1.000954552312895e-57	8.56898029134533e-06	0.0001456726649528706
N77	B37	23	25	110	37921	1.0989258801556347e-57	8.56898029134533e-06	0.00015424164524421594
F91	F92	45	199	261	37921	4.111654969819353e-55	8.56898029134533e-06	0.00016281062553556125
F33	F43	77	182	1686	37921	6.761965308939322e-55	8.56898029134533e-06	0.00017137960582690659
H65	J35	100	190	3453	37921	4.074970724923537e-53	8.56898029134533e-06	0.00017994858611825192
E10	E14	32	289	60	37921	2.4650743279336285e-52	8.56898029134533e-06	0.00018851756640959726
E86	A09	74	223	1479	37921	6.98403389594004e-48	8.56898029134533e-06	0.0001970865467009426
F19	F60	50	246	443	37921	1.0207673464542721e-46	8.56898029134533e-06	0.00020565552699228792
H91	H93	36	176	213	37921	8.831974821179852e-46	8.56898029134533e-06	0.00021422450728363323
F13	F19	33	117	246	37921	5.856967705569466e-45	8.56898029134533e-06	0.00022279348757497857
E10	E16	25	289	39	37921	5.338474301684033e-44	8.56898029134533e-06	0.0002313624678663239
H83	H93	25	68	213	37921	2.73958887674207e-39	8.56898029134533e-06	0.00023993144815766924
F50	F60	59	535	443	37921	3.563353296535608e-39	8.56898029134533e-06	0.00024850042844901457
N20	N23	24	159	81	37921	2.6758967104913136e-38	8.56898029134533e-06	0.0002570694087403599
F10	F60	77	1086	443	37921	2.114962866080328e-37	8.56898029134533e-06	0.00026563838903170524
F60	F92	43	443	261	37921	3.60955988992727e-36	8.56898029134533e-06	0.00027420736932305055
K02	K04	23	152	87	37921	6.709096821238553e-36	8.56898029134533e-06	0.00028277634961439586
N10	N39	89	495	1440	37921	9.70704025877388e-35	8.56898029134533e-06	0.0002913453299057412
J34	J35	151	564	3453	37921	1.1415798585286256e-34	8.56898029134533e-06	0.0002999143101970865
E73	E74	20	114	77	37921	8.000574550329608e-34	8.56898029134533e-06	0.0003084832904884319
N13	N23	24	245	81	37921	1.4725612502594304e-33	8.56898029134533e-06	0.0003170522707797772
M21	M24	24	164	125	37921	7.071638433693432e-33	8.56898029134533e-06	0.0003256212510711225
K21	K44	24	210	101	37921	1.293051297788833e-32	8.56898029134533e-06	0.00033419023136246786
E66	I10	35	689	122	37921	5.234610529372491e-32	8.56898029134533e-06	0.00034275921165381317
F43	F70	40	1686	84	37921	1.207720784835464e-31	8.56898029134533e-06	0.00035132819194515853
F13	F43	46	117	1686	37921	1.389525608138825e-31	8.56898029134533e-06	0.00035989717223650384
N13	N39	60	245	1440	37921	2.05299713670061e-31	8.56898029134533e-06	0.00036846615252784915
F12	F13	18	62	117	37921	2.6933387568543168e-31	8.56898029134533e-06	0.0003770351328191945
M21	M96	16	164	30	37921	9.744432325878124e-31	8.56898029134533e-06	0.0003856041131105398
F19	F32	48	246	856	37921	1.3197698820494349e-30	8.56898029134533e-06	0.0003941730934018852
G80	G82	16	66	68	37921	1.3527515033668465e-30	8.56898029134533e-06	0.0004027420736932305
B18	F11	15	42	80	37921	1.7050179107557154e-30	8.56898029134533e-06	0.00041131105398457585
F10	F43	140	1086	1686	37921	6.759496353188574e-30	8.56898029134533e-06	0.00041988003427592116
M51	M54	26	86	466	37921	3.870308299679259e-29	8.56898029134533e-06	0.00042844901456726646
H50	H52	20	155	95	37921	6.2750855215224e-29	8.56898029134533e-06	0.0004370179948586118
F13	F60	28	117	443	37921	1.0054067603117111e-28	8.56898029134533e-06	0.00044558697514995713
G40	G41	21	791	31	37921	1.4229770452658367e-28	8.56898029134533e-06	0.0004541559554413025
N70	N73	25	365	101	37921	2.790541598798353e-28	8.56898029134533e-06	0.0004627249357326478
F13	F32	34	117	856	37921	3.1962732626607765e-28	8.56898029134533e-06	0.0004712939160239931
J30	J45	29	145	422	37921	6.9845206775723635e-28	8.56898029134533e-06	0.00047986289631533847
C73	E89	9	24	13	37921	2.0911619877675916e-27	8.56898029134533e-06	0.0004884318766066838
F32	F41	47	856	280	37921	5.694564537440204e-27	8.56898029134533e-06	0.0004970008568980291
M23	M65	28	471	135	37921	4.1107765264464306e-26	8.56898029134533e-06	0.0005055698371893744
F50	M81	19	535	37	37921	7.031845713129126e-26	8.56898029134533e-06	0.0005141388174807198
F20	F23	14	51	91	37921	8.846754988419463e-26	8.56898029134533e-06	0.0005227077977720651
F43	F44	49	1686	176	37921	1.2692827327930673e-25	8.56898029134533e-06	0.0005312767780634105
N12	N39	45	170	1440	37921	2.0027513853363467e-25	8.56898029134533e-06	0.0005398457583547558
N92	D50	27	176	338	37921	2.2682551251747444e-25	8.56898029134533e-06	0.0005484147386461011
F32	L98	23	856	49	37921	3.4017210666348405e-25	8.56898029134533e-06	0.0005569837189374464
F43	F50	86	1686	535	37921	3.643631526637641e-25	8.56898029134533e-06	0.0005655526992287917
F81	F98	14	65	82	37921	8.461363199563268e-25	8.56898029134533e-06	0.0005741216795201371
C41	C78	8	24	11	37921	1.143835614323958e-24	8.56898029134533e-06	0.0005826906598114824
C40	C41	9	22	24	37921	1.4501488406885176e-24	8.56898029134533e-06	0.0005912596401028277
E10	E13	13	289	18	37921	1.8464414578341445e-24	8.56898029134533e-06	0.000599828620394173
E66	K76	25	689	79	37921	1.971266199965675e-24	8.56898029134533e-06	0.0006083976006855184
H66	H72	14	127	48	37921	4.670097680247424e-24	8.56898029134533e-06	0.0006169665809768638
M22	M23	31	212	471	37921	6.229575939809165e-24	8.56898029134533e-06	0.0006255355612682091
F19	F43	55	246	1686	37921	1.7286430854179884e-23	8.56898029134533e-06	0.0006341045415595544
I26	I80	12	49	75	37921	1.2357435978319007e-22	8.56898029134533e-06	0.0006426735218508997
K80	K85	17	309	62	37921	1.0508795777809236e-21	8.56898029134533e-06	0.000651242502142245
K01	K05	15	540	26	37921	1.1072261170362483e-21	8.56898029134533e-06	0.0006598114824335904
C73	E04	10	24	82	37921	2.4197769230638632e-21	8.56898029134533e-06	0.0006683804627249357
B27	J03	50	442	837	37921	3.788863439890684e-21	8.56898029134533e-06	0.000676949443016281
G35	H46	10	64	32	37921	5.611471428842992e-21	8.56898029134533e-06	0.0006855184233076263
B18	F19	14	42	246	37921	7.237857211978482e-21	8.56898029134533e-06	0.0006940874035989717
F41	F43	55	280	1686	37921	1.1515440346634622e-20	8.56898029134533e-06	0.0007026563838903171
G40	G82	22	791	68	37921	1.290832932782729e-20	8.56898029134533e-06	0.0007112253641816624
K01	K09	17	540	44	37921	1.526007047516957e-20	8.56898029134533e-06	0.0007197943444730077
E06	E10	16	62	289	37921	1.7015498749178135e-20	8.56898029134533e-06	0.000728363324764353
K35	K65	33	3666	54	37921	1.9258214205587256e-20	8.56898029134533e-06	0.0007369323050556983
F10	F13	30	1086	117	37921	2.272041729260056e-20	8.56898029134533e-06	0.0007455012853470437
F43	F45	77	1686	525	37921	3.3857902701307427e-20	8.56898029134533e-06	0.000754070265638389
D50	K50	22	338	155	37921	3.930397830913288e-20	8.56898029134533e-06	0.0007626392459297343
N83	D27	35	1036	178	37921	4.068609100151351e-20	8.56898029134533e-06	0.0007712082262210796
D44	E23	8	19	39	37921	4.3530180456525247e-20	8.56898029134533e-06	0.0007797772065124249
G44	H81	19	420	82	37921	4.828551542976497e-20	8.56898029134533e-06	0.0007883461868037704
F32	F42	20	856	52	37921	6.057998515948441e-20	8.56898029134533e-06	0.0007969151670951157
G51	A69	13	185	47	37921	7.033763717403215e-20	8.56898029134533e-06	0.000805484147386461
F44	G40	31	176	791	37921	7.664540976480553e-20	8.56898029134533e-06	0.0008140531276778063
N80	N94	20	97	437	37921	1.334606644481397e-19	8.56898029134533e-06	0.0008226221079691517
G81	M62	10	42	67	37921	2.0637360801743617e-19	8.56898029134533e-06	0.000831191088260497
M22	M25	21	212	238	37921	4.0188125888792226e-19	8.56898029134533e-06	0.0008397600685518423
H65	H90	14	190	70	37921	5.843270008581143e-19	8.56898029134533e-06	0.0008483290488431876
F44	F60	24	176	443	37921	1.0702231093878306e-18	8.56898029134533e-06	0.0008568980291345329
D69	D70	10	124	28	37921	1.2044223690803723e-18	8.56898029134533e-06	0.0008654670094258783
M23	M94	16	471	53	37921	2.4254679678172474e-18	8.56898029134533e-06	0.0008740359897172237
K80	K81	12	309	29	37921	3.1719052691064586e-18	8.56898029134533e-06	0.000882604970008569
F83	G40	18	52	791	37921	1.0154779841947715e-17	8.56898029134533e-06	0.0008911739502999143
C71	D43	8	56	25	37921	1.422279660291414e-17	8.56898029134533e-06	0.0008997429305912596
F12	F60	16	62	443	37921	1.5365574449878334e-17	8.56898029134533e-06	0.000908311910882605
K04	K12	11	87	81	37921	5.117519062158182e-17	8.56898029134533e-06	0.0009168808911739503
F12	F43	24	62	1686	37921	5.763100779048282e-17	8.56898029134533e-06	0.0009254498714652956
C71	G93	9	56	54	37921	8.582526067331251e-17	8.56898029134533e-06	0.0009340188517566409
E87	F50	20	110	535	37921	9.319234719266646e-17	8.56898029134533e-06	0.0009425878320479862
F11	F12	10	80	62	37921	9.584641515572735e-17	8.56898029134533e-06	0.0009511568123393316
F33	F50	24	182	535	37921	1.694155293747168e-16	8.56898029134533e-06	0.0009597257926306769
J18	J90	11	246	34	37921	1.7152667357468588e-16	8.56898029134533e-06	0.0009682947729220223
F83	G82	9	52	68	37921	3.8237336142695656e-16	8.56898029134533e-06	0.0009768637532133677
F42	F50	15	52	535	37921	3.988525424567702e-16	8.56898029134533e-06	0.000985432733504713
K25	K29	17	41	1093	37921	4.575412725256882e-16	8.56898029134533e-06	0.0009940017137960583
F41	F45	28	280	525	37921	4.734482974281643e-16	8.56898029134533e-06	0.0010025706940874036
M23	M25	25	471	238	37921	4.768032407737594e-16	8.56898029134533e-06	0.001011139674378749
J03	J35	150	837	3453	37921	5.760798181776926e-16	8.56898029134533e-06	0.0010197086546700942
G43	G44	38	694	420	37921	8.307645223144695e-16	8.56898029134533e-06	0.0010282776349614395
K02	K08	11	152	60	37921	8.601492625470909e-16	8.56898029134533e-06	0.0010368466152527848
E66	E78	20	689	97	37921	8.640711363731859e-16	8.56898029134533e-06	0.0010454155955441301
F81	F91	12	65	199	37921	9.853033393517144e-16	8.56898029134533e-06	0.0010539845758354754
K85	K86	7	62	19	37921	1.0914539264281004e-15	8.56898029134533e-06	0.001062553556126821
F80	F81	7	21	65	37921	3.55305221859278e-15	8.56898029134533e-06	0.0010711225364181663
G82	M62	9	68	67	37921	4.351392979458329e-15	8.56898029134533e-06	0.0010796915167095116
N83	K66	19	1036	64	37921	4.563773358273868e-15	8.56898029134533e-06	0.0010882604970008569
M13	M25	13	84	238	37921	7.11403603162184e-15	8.56898029134533e-06	0.0010968294772922022
B18	F13	9	42	117	37921	7.579122125453947e-15	8.56898029134533e-06	0.0011053984575835475
N13	N28	11	245	47	37921	9.271471374615241e-15	8.56898029134533e-06	0.0011139674378748928
F11	B17	7	80	20	37921	1.0774205336623489e-14	8.56898029134533e-06	0.0011225364181662381
A48	J03	15	43	837	37921	1.0840008084105476e-14	8.56898029134533e-06	0.0011311053984575834
E23	E34	9	39	132	37921	1.1032015577119413e-14	8.56898029134533e-06	0.001139674378748929
F32	F91	28	856	199	37921	1.398970653110478e-14	8.56898029134533e-06	0.0011482433590402743
A49	K29	21	83	1093	37921	1.68524902401831e-14	8.56898029134533e-06	0.0011568123393316196
F34	F43	20	51	1686	37921	1.686692852227934e-14	8.56898029134533e-06	0.0011653813196229649
F13	F33	13	117	182	37921	1.862768547876723e-14	8.56898029134533e-06	0.0011739502999143102
J31	J35	29	63	3453	37921	2.0256605698262277e-14	8.56898029134533e-06	0.0011825192802056555
F70	F80	7	84	21	37921	2.2974235182329033e-14	8.56898029134533e-06	0.0011910882604970008
F81	F92	12	65	261	37921	2.5559061900000737e-14	8.56898029134533e-06	0.001199657240788346
J33	J34	13	42	564	37921	2.6145677464496895e-14	8.56898029134533e-06	0.0012082262210796914
F43	F93	32	1686	143	37921	2.8126291873534484e-14	8.56898029134533e-06	0.0012167952013710367
C71	J96	9	56	102	37921	3.503436113232355e-14	8.56898029134533e-06	0.0012253641816623822
I45	I47	8	37	99	37921	5.862568844896103e-14	8.56898029134533e-06	0.0012339331619537275
J30	J34	20	145	564	37921	6.310984249400814e-14	8.56898029134533e-06	0.0012425021422450729
J35	J36	80	3453	363	37921	7.750456070690695e-14	8.56898029134533e-06	0.0012510711225364182
F40	F41	11	50	280	37921	8.45566575279921e-14	8.56898029134533e-06	0.0012596401028277635
N70	N76	21	365	256	37921	1.0214448845632675e-13	8.56898029134533e-06	0.0012682090831191088
H50	H53	11	155	90	37921	1.1704897122946684e-13	8.56898029134533e-06	0.001276778063410454
K50	K63	9	155	44	37921	1.5796271608616146e-13	8.56898029134533e-06	0.0012853470437017994
M23	M67	33	471	553	37921	1.6014915507051506e-13	8.56898029134533e-06	0.0012939160239931447
D61	D69	7	19	124	37921	1.6421080889825503e-13	8.56898029134533e-06	0.00130248500428449
G40	G91	13	791	36	37921	1.907323380795872e-13	8.56898029134533e-06	0.0013110539845758355
F32	F40	15	856	50	37921	1.926259726157764e-13	8.56898029134533e-06	0.0013196229648671808
F10	F19	33	1086	246	37921	2.1327676101668202e-13	8.56898029134533e-06	0.0013281919451585261
F11	F14	6	80	14	37921	2.1567945409231387e-13	8.56898029134533e-06	0.0013367609254498715
H90	H93	11	70	213	37921	2.1922996526906154e-13	8.56898029134533e-06	0.0013453299057412168
F17	J20	17	247	229	37921	2.31251804473319e-13	8.56898029134533e-06	0.001353898886032562
F12	F19	11	62	246	37921	2.598116555025314e-13	8.56898029134533e-06	0.0013624678663239074
F70	F83	8	84	52	37921	2.8621266996798405e-13	8.56898029134533e-06	0.0013710368466152527
F32	F44	25	856	176	37921	2.9041132215967314e-13	8.56898029134533e-06	0.001379605826906598
E03	E66	23	180	689	37921	2.9524951993119105e-13	8.56898029134533e-06	0.0013881748071979433
G80	M62	8	66	67	37921	3.2622395661996623e-13	8.56898029134533e-06	0.0013967437874892888
J45	L20	18	422	161	37921	3.4336588501854877e-13	8.56898029134533e-06	0.0014053127677806341
N73	N83	21	101	1036	37921	3.9134768836498043e-13	8.56898029134533e-06	0.0014138817480719794
C71	G40	15	56	791	37921	3.9710522102595714e-13	8.56898029134533e-06	0.0014224507283633247
F60	F61	10	443	28	37921	4.653814905399651e-13	8.56898029134533e-06	0.00143101970865467
N85	N92	8	28	176	37921	5.266388911207136e-13	8.56898029134533e-06	0.0014395886889460154
H47	H53	7	30	90	37921	6.508752024537149e-13	8.56898029134533e-06	0.0014481576692373607
F33	F61	8	182	28	37921	6.903992011074882e-13	8.56898029134533e-06	0.001456726649528706
K04	K08	8	87	60	37921	1.2811599882582404e-12	8.56898029134533e-06	0.0014652956298200513
M65	M67	18	135	553	37921	1.481696158582621e-12	8.56898029134533e-06	0.0014738646101113966
H52	H53	9	95	90	37921	1.5752590687631191e-12	8.56898029134533e-06	0.0014824335904027421
F90	F91	10	65	199	37921	1.757383828716532e-12	8.56898029134533e-06	0.0014910025706940874
G93	J96	8	54	102	37921	1.945302024083837e-12	8.56898029134533e-06	0.0014995715509854327
E10	E87	13	289	110	37921	3.0624114730747098e-12	8.56898029134533e-06	0.001508140531276778
F60	F91	19	443	199	37921	3.0741655352990972e-12	8.56898029134533e-06	0.0015167095115681233
G93	H47	6	54	30	37921	3.61915874356792e-12	8.56898029134533e-06	0.0015252784918594687
F33	F44	13	182	176	37921	3.735168424999147e-12	8.56898029134533e-06	0.001533847472150814
G40	J96	18	791	102	37921	4.072892122523796e-12	8.56898029134533e-06	0.0015424164524421593
F10	F32	64	1086	856	37921	4.354292698410715e-12	8.56898029134533e-06	0.0015509854327335046
N73	N97	7	101	35	37921	4.86729497097395e-12	8.56898029134533e-06	0.0015595544130248499
L90	L91	9	139	70	37921	4.943745446175906e-12	8.56898029134533e-06	0.0015681233933161954
N73	N80	9	101	97	37921	5.515249267673994e-12	8.56898029134533e-06	0.0015766923736075407
F10	F92	32	1086	261	37921	5.766406797274767e-12	8.56898029134533e-06	0.001585261353898886
F43	F98	22	1686	82	37921	6.146673127425893e-12	8.56898029134533e-06	0.0015938303341902313
N91	E28	7	67	55	37921	7.384324356430418e-12	8.56898029134533e-06	0.0016023993144815766
J90	K65	6	34	54	37921	8.161893008563647e-12	8.56898029134533e-06	0.001610968294772922
J03	J36	33	837	363	37921	9.489802265793661e-12	8.56898029134533e-06	0.0016195372750642673
N91	F50	13	67	535	37921	9.619173440626389e-12	8.56898029134533e-06	0.0016281062553556126
G91	G93	6	36	54	37921	1.1795032263229076e-11	8.56898029134533e-06	0.0016366752356469579
F32	F92	28	856	261	37921	1.212604485703131e-11	8.56898029134533e-06	0.0016452442159383034
G80	M21	9	66	164	37921	1.2711970386953325e-11	8.56898029134533e-06	0.0016538131962296487
D50	K51	11	338	65	37921	1.397888976699245e-11	8.56898029134533e-06	0.001662382176520994
F10	F12	16	1086	62	37921	1.458916980386665e-11	8.56898029134533e-06	0.0016709511568123393
F20	F60	11	51	443	37921	1.5298644278836136e-11	8.56898029134533e-06	0.0016795201371036846
N23	N39	20	81	1440	37921	1.758684562440192e-11	8.56898029134533e-06	0.00168808911739503
M08	M13	7	50	84	37921	1.874285821273874e-11	8.56898029134533e-06	0.0016966580976863752
F81	F90	7	65	65	37921	2.00552142649022e-11	8.56898029134533e-06	0.0017052270779777205
F19	F92	16	246	261	37921	2.0418029296209014e-11	8.56898029134533e-06	0.0017137960582690659
F23	F32	17	91	856	37921	2.1169864411463643e-11	8.56898029134533e-06	0.0017223650385604112
G44	J01	18	420	206	37921	2.1231634702954157e-11	8.56898029134533e-06	0.0017309340188517567
E66	K80	27	689	309	37921	2.426220034312469e-11	8.56898029134533e-06	0.001739502999143102
N10	B96	10	495	36	37921	2.4616061259593813e-11	8.56898029134533e-06	0.0017480719794344473
C71	E23	6	56	39	37921	2.471980414859021e-11	8.56898029134533e-06	0.0017566409597257926
J32	J33	9	286	42	37921	2.4964053877818607e-11	8.56898029134533e-06	0.001765209940017138
F90	F92	10	65	261	37921	2.5769674291617602e-11	8.56898029134533e-06	0.0017737789203084832
J96	M41	11	102	224	37921	2.6556858677526184e-11	8.56898029134533e-06	0.0017823479005998285
M24	M25	12	125	238	37921	2.6664582986187797e-11	8.56898029134533e-06	0.0017909168808911738
F43	F81	19	1686	65	37921	3.229354477974422e-11	8.56898029134533e-06	0.0017994858611825191
F43	F90	19	1686	65	37921	3.229354477974422e-11	8.56898029134533e-06	0.0018080548414738645
N70	N83	36	365	1036	37921	4.274480902919473e-11	8.56898029134533e-06	0.00181662382176521
H33	H52	6	26	95	37921	4.6555451734656477e-11	8.56898029134533e-06	0.0018251928020565553
F43	F61	13	1686	28	37921	5.0771741520802e-11	8.56898029134533e-06	0.0018337617823479006
I84	K60	6	43	57	37921	5.134899013748167e-11	8.56898029134533e-06	0.001842330762639246
M41	M54	19	224	466	37921	5.848783195816047e-11	8.56898029134533e-06	0.0018508997429305912
F68	F92	7	21	261	37921	7.229426763343773e-11	8.56898029134533e-06	0.0018594687232219365
J18	J96	11	246	102	37921	7.252368799422267e-11	8.56898029134533e-06	0.0018680377035132818
N31	N39	14	39	1440	37921	7.54080736605644e-11	8.56898029134533e-06	0.0018766066838046271
F32	F34	13	856	51	37921	7.796493394428084e-11	8.56898029134533e-06	0.0018851756640959724
D68	I80	7	69	75	37921	8.688172849608206e-11	8.56898029134533e-06	0.0018937446443873178
N92	D62	7	176	31	37921	9.848570299646201e-11	8.56898029134533e-06	0.0019023136246786633
F31	F60	11	60	443	37921	1.0017826869926655e-10	8.56898029134533e-06	0.0019108826049700086
F23	F31	7	91	60	37921	1.2613597519917199e-10	8.56898029134533e-06	0.0019194515852613539
H60	H66	8	73	127	37921	1.4179065214765507e-10	8.56898029134533e-06	0.0019280205655526992
F50	F55	8	535	20	37921	1.6173267206865812e-10	8.56898029134533e-06	0.0019365895458440445
K56	K59	26	233	934	37921	1.7769889926349782e-10	8.56898029134533e-06	0.0019451585261353898
G44	J06	25	420	476	37921	1.9521634233269509e-10	8.56898029134533e-06	0.0019537275064267353
B96	K29	12	36	1093	37921	2.0475696098442884e-10	8.56898029134533e-06	0.0019622964867180804
J03	B00	18	837	122	37921	2.2597554081962428e-10	8.56898029134533e-06	0.001970865467009426
K80	K83	6	309	12	37921	2.4728755164830836e-10	8.56898029134533e-06	0.001979434447300771
F19	F33	13	246	182	37921	2.4759384353152475e-10	8.56898029134533e-06	0.0019880034275921166
F60	F70	12	443	84	37921	2.9471849052540484e-10	8.56898029134533e-06	0.0019965724078834617
F32	F61	10	856	28	37921	2.9618694854693943e-10	8.56898029134533e-06	0.002005141388174807
H05	J01	6	18	206	37921	4.2000254393998595e-10	8.56898029134533e-06	0.0020137103684661523
N83	K36	54	1036	772	37921	4.308424562835989e-10	8.56898029134533e-06	0.002022279348757498
F17	J45	18	247	422	37921	4.5263414893443906e-10	8.56898029134533e-06	0.0020308483290488433
N70	A56	7	365	20	37921	5.030371439145723e-10	8.56898029134533e-06	0.0020394173093401884
N35	N39	15	52	1440	37921	5.468418179876325e-10	8.56898029134533e-06	0.002047986289631534
E03	E06	8	180	62	37921	5.98839661548219e-10	8.56898029134533e-06	0.002056555269922879
G82	G93	6	68	54	37921	6.401719346823455e-10	8.56898029134533e-06	0.0020651242502142246
F70	F98	7	84	82	37921	6.739250190722771e-10	8.56898029134533e-06	0.0020736932305055696
F31	F32	13	60	856	37921	7.015112756211637e-10	8.56898029134533e-06	0.002082262210796915
M24	M65	9	125	135	37921	7.563768759547564e-10	8.56898029134533e-06	0.0020908311910882603
F41	F44	13	280	176	37921	7.975819985322574e-10	8.56898029134533e-06	0.002099400171379606
K29	K31	11	1093	32	37921	8.037978704512454e-10	8.56898029134533e-06	0.002107969151670951
G40	G80	13	791	66	37921	9.492885680923902e-10	8.56898029134533e-06	0.0021165381319622964
F12	F32	13	62	856	37921	1.0821154756688338e-09	8.56898029134533e-06	0.002125107112253642
F89	G40	9	25	791	37921	1.0825991761799644e-09	8.56898029134533e-06	0.002133676092544987
N80	N83	17	97	1036	37921	1.1230719435184527e-09	8.56898029134533e-06	0.0021422450728363325
D22	D23	9	174	102	37921	1.1630666758018269e-09	8.56898029134533e-06	0.0021508140531276776
E66	F17	22	689	247	37921	1.1861097244374587e-09	8.56898029134533e-06	0.002159383033419023
K60	K92	7	57	132	37921	1.2061032539504643e-09	8.56898029134533e-06	0.0021679520137103682
J01	J06	17	206	476	37921	1.2630482407156067e-09	8.56898029134533e-06	0.0021765209940017138
F12	F91	8	62	199	37921	1.3246870875374314e-09	8.56898029134533e-06	0.002185089974293059
N87	A63	14	133	476	37921	1.5665834661609166e-09	8.56898029134533e-06	0.0021936589545844044
J02	J20	12	186	229	37921	1.7429744467371118e-09	8.56898029134533e-06	0.00220222793487575
F60	F63	7	443	20	37921	1.9256774846977434e-09	8.56898029134533e-06	0.002210796915167095
K29	K80	31	1093	309	37921	2.2278075552400593e-09	8.56898029134533e-06	0.0022193658954584405
M24	M93	9	125	153	37921	2.294050992599725e-09	8.56898029134533e-06	0.0022279348757497856
N92	N94	15	176	437	37921	2.437317408006679e-09	8.56898029134533e-06	0.002236503856041131
F79	K02	6	31	152	37921	2.545297439387574e-09	8.56898029134533e-06	0.0022450728363324762
F23	F43	20	91	1686	37921	2.5886414508226844e-09	8.56898029134533e-06	0.0022536418166238218
F11	F32	14	80	856	37921	3.0506168789301305e-09	8.56898029134533e-06	0.002262210796915167
J18	J45	17	246	422	37921	3.0948063956633204e-09	8.56898029134533e-06	0.0022707797772065124
B27	L27	11	442	83	37921	3.623247901336639e-09	8.56898029134533e-06	0.002279348757497858
K00	K01	8	28	540	37921	3.8853109007240365e-09	8.56898029134533e-06	0.002287917737789203
H66	H90	7	127	70	37921	4.022977747359049e-09	8.56898029134533e-06	0.0022964867180805485
D50	D64	11	338	109	37921	4.229747542127029e-09	8.56898029134533e-06	0.0023050556983718936
M53	M54	10	62	466	37921	4.3349387809603065e-09	8.56898029134533e-06	0.002313624678663239
N39	B96	12	1440	36	37921	4.613788132694944e-09	8.56898029134533e-06	0.002322193658954584
M41	M42	6	224	24	37921	4.892100363369283e-09	8.56898029134533e-06	0.0023307626392459297
F33	F34	7	182	51	37921	5.06075811804046e-09	8.56898029134533e-06	0.002339331619537275
F81	F93	7	65	143	37921	5.423412973950545e-09	8.56898029134533e-06	0.0023479005998286204
F44	F70	8	176	84	37921	5.923705241419651e-09	8.56898029134533e-06	0.0023564695801199654
F17	F60	17	247	443	37921	6.761652612248702e-09	8.56898029134533e-06	0.002365038560411311
F84	G40	9	30	791	37921	6.905494059282863e-09	8.56898029134533e-06	0.0023736075407026565
F70	F92	9	84	261	37921	7.088300258453485e-09	8.56898029134533e-06	0.0023821765209940016
F41	F60	18	280	443	37921	7.1013258235965916e-09	8.56898029134533e-06	0.002390745501285347
F70	G80	6	84	66	37921	8.04754048448378e-09	8.56898029134533e-06	0.002399314481576692
F19	F91	12	246	199	37921	8.365217684711407e-09	8.56898029134533e-06	0.0024078834618680377
N20	N39	24	159	1440	37921	8.677501007957967e-09	8.56898029134533e-06	0.002416452442159383
I88	J03	23	248	837	37921	8.976257199855301e-09	8.56898029134533e-06	0.0024250214224507283
F79	G40	9	31	791	37921	9.550487694291145e-09	8.56898029134533e-06	0.0024335904027420734
F23	F60	11	91	443	37921	1.000147004370379e-08	8.56898029134533e-06	0.002442159383033419
K01	K08	10	540	60	37921	1.2572850102045376e-08	8.56898029134533e-06	0.0024507283633247645
F91	F98	8	199	82	37921	1.2767676847166793e-08	8.56898029134533e-06	0.0024592973436161096
G40	G93	11	791	54	37921	1.2848972386219091e-08	8.56898029134533e-06	0.002467866323907455
F10	F33	22	1086	182	37921	1.4883627558893398e-08	8.56898029134533e-06	0.0024764353041988
F10	F91	23	1086	199	37921	1.661538062287405e-08	8.56898029134533e-06	0.0024850042844901457
F32	F45	35	856	525	37921	1.6889401424950906e-08	8.56898029134533e-06	0.002493573264781491
F17	F50	18	247	535	37921	1.8282546390535843e-08	8.56898029134533e-06	0.0025021422450728363
N70	N71	8	365	48	37921	1.840972821455554e-08	8.56898029134533e-06	0.0025107112253641814
D50	K29	31	338	1093	37921	1.8613183439920555e-08	8.56898029134533e-06	0.002519280205655527
J45	J96	11	422	102	37921	2.04764563421967e-08	8.56898029134533e-06	0.002527849185946872
F43	F94	11	1686	29	37921	2.1419650575015718e-08	8.56898029134533e-06	0.0025364181662382176
K26	K29	7	13	1093	37921	2.390578714025642e-08	8.56898029134533e-06	0.002544987146529563
J06	J45	22	476	422	37921	2.6475037753870347e-08	8.56898029134533e-06	0.002553556126820908
K29	K58	21	1093	172	37921	2.9416211177332566e-08	8.56898029134533e-06	0.0025621251071122537
E66	E79	6	689	12	37921	2.9640333763053763e-08	8.56898029134533e-06	0.002570694087403599
F17	I26	7	247	49	37921	3.108359810493595e-08	8.56898029134533e-06	0.0025792630676949443
E73	K29	17	114	1093	37921	3.111874472586517e-08	8.56898029134533e-06	0.0025878320479862894
G44	I95	22	420	484	37921	3.265981326808081e-08	8.56898029134533e-06	0.002596401028277635
F11	F60	10	80	443	37921	3.3986531607770576e-08	8.56898029134533e-06	0.00260497000856898
F18	F43	7	10	1686	37921	3.6173705322984216e-08	8.56898029134533e-06	0.0026135389888603255
F34	F50	9	51	535	37921	3.72230240916059e-08	8.56898029134533e-06	0.002622107969151671
N10	A41	9	495	55	37921	3.82125476398975e-08	8.56898029134533e-06	0.002630676949443016
N70	N97	7	365	35	37921	3.8540864888620786e-08	8.56898029134533e-06	0.0026392459297343617
F31	F43	15	60	1686	37921	3.959707453316716e-08	8.56898029134533e-06	0.0026478149100257068
F92	F94	6	261	29	37921	4.174694378383772e-08	8.56898029134533e-06	0.0026563838903170523
J00	J20	10	156	229	37921	4.303010171022947e-08	8.56898029134533e-06	0.0026649528706083974
N32	N39	9	22	1440	37921	5.091874122827755e-08	8.56898029134533e-06	0.002673521850899743
M23	M24	12	471	125	37921	5.819210045501444e-08	8.56898029134533e-06	0.002682090831191088
N83	N94	34	1036	437	37921	6.147994294506397e-08	8.56898029134533e-06	0.0026906598114824335
D16	D48	10	190	196	37921	6.41341503589319e-08	8.56898029134533e-06	0.0026992287917737786
F92	F93	10	261	143	37921	6.427889571950523e-08	8.56898029134533e-06	0.002707797772065124
E74	K58	7	77	172	37921	6.431685779414588e-08	8.56898029134533e-06	0.0027163667523564697
K36	K66	11	772	64	37921	6.467983209962126e-08	8.56898029134533e-06	0.0027249357326478148
F17	K29	25	247	1093	37921	6.545220581302841e-08	8.56898029134533e-06	0.0027335047129391603
K29	K90	17	1093	120	37921	6.761787465324365e-08	8.56898029134533e-06	0.0027420736932305054
B27	K75	6	442	20	37921	8.181949531581661e-08	8.56898029134533e-06	0.002750642673521851
L20	L30	6	161	51	37921	8.201510924680038e-08	8.56898029134533e-06	0.002759211653813196
M87	M93	6	54	153	37921	8.604118701902857e-08	8.56898029134533e-06	0.0027677806341045415
A49	K44	6	83	101	37921	9.820632882654078e-08	8.56898029134533e-06	0.0027763496143958866
N30	N39	25	194	1440	37921	1.0655737106035964e-07	8.56898029134533e-06	0.002784918594687232
N28	N39	12	47	1440	37921	1.3080214741038483e-07	8.56898029134533e-06	0.0027934875749785777
D50	K90	10	338	120	37921	1.351838006160742e-07	8.56898029134533e-06	0.0028020565552699227
E66	I15	6	689	15	37921	1.5324450142573687e-07	8.56898029134533e-06	0.0028106255355612683
E03	F32	18	180	856	37921	1.625101511506506e-07	8.56898029134533e-06	0.0028191945158526134
F32	F93	16	856	143	37921	1.6813195577830055e-07	8.56898029134533e-06	0.002827763496143959
F20	F33	6	51	182	37921	1.6937658360592295e-07	8.56898029134533e-06	0.002836332476435304
F70	G40	12	84	791	37921	1.7874036581827488e-07	8.56898029134533e-06	0.0028449014567266495
L90	M21	8	139	164	37921	1.7950620051200392e-07	8.56898029134533e-06	0.0028534704370179946
N12	N13	10	170	245	37921	1.8123165500423954e-07	8.56898029134533e-06	0.00286203941730934
N70	K66	8	365	64	37921	1.888705534407966e-07	8.56898029134533e-06	0.0028706083976006856
J15	J96	6	92	102	37921	1.9297973257256892e-07	8.56898029134533e-06	0.0028791773778920307
E66	F60	26	689	443	37921	2.1871370116924092e-07	8.56898029134533e-06	0.0028877463581833763
F13	F41	9	117	280	37921	2.3627628507066284e-07	8.56898029134533e-06	0.0028963153384747213
K76	K80	8	79	309	37921	2.804603709314085e-07	8.56898029134533e-06	0.002904884318766067
K50	K51	6	155	65	37921	2.864098161407404e-07	8.56898029134533e-06	0.002913453299057412
I47	J96	6	99	102	37921	2.986843758545417e-07	8.56898029134533e-06	0.0029220222793487575
E86	E87	8	223	110	37921	3.087814813176384e-07	8.56898029134533e-06	0.0029305912596401026
J18	J98	7	246	69	37921	3.4007587539157e-07	8.56898029134533e-06	0.002939160239931448
J20	J45	14	229	422	37921	3.4469120289110494e-07	8.56898029134533e-06	0.002947729220222793
M42	M54	6	24	466	37921	3.720704204043206e-07	8.56898029134533e-06	0.0029562982005141387
E03	E78	7	180	97	37921	4.32911378921064e-07	8.56898029134533e-06	0.0029648671808054842
F50	L70	10	535	87	37921	4.349077388171092e-07	8.56898029134533e-06	0.0029734361610968293
F43	F71	8	1686	18	37921	4.4062131230918834e-07	8.56898029134533e-06	0.002982005141388175
F31	F33	6	60	182	37921	4.5429870529231975e-07	8.56898029134533e-06	0.00299057412167952
M20	M21	8	157	164	37921	4.560321693966761e-07	8.56898029134533e-06	0.0029991431019708655
M22	M94	6	212	53	37921	5.244702634361547e-07	8.56898029134533e-06	0.0030077120822622106
J01	J32	11	206	286	37921	5.472998852220252e-07	8.56898029134533e-06	0.003016281062553556
K50	K56	9	155	233	37921	5.520133884769712e-07	8.56898029134533e-06	0.003024850042844901
M22	M24	8	212	125	37921	5.61466740376771e-07	8.56898029134533e-06	0.0030334190231362467
E66	F43	60	689	1686	37921	6.886108881792128e-07	8.56898029134533e-06	0.0030419880034275922
K00	K07	6	28	442	37921	7.348743361320701e-07	8.56898029134533e-06	0.0030505569837189373
H83	H91	6	68	176	37921	7.912189844168048e-07	8.56898029134533e-06	0.003059125964010283
F13	J96	6	117	102	37921	8.01781699382006e-07	8.56898029134533e-06	0.003067694944301628
N39	A41	12	1440	55	37921	8.294012970070748e-07	8.56898029134533e-06	0.0030762639245929735
N76	B37	8	256	110	37921	8.751064133842796e-07	8.56898029134533e-06	0.0030848329048843185
K02	K12	6	152	81	37921	9.5135181928562e-07	8.56898029134533e-06	0.003093401885175664
F91	F93	8	199	143	37921	9.689361263443146e-07	8.56898029134533e-06	0.003101970865467009
L20	B00	7	161	122	37921	9.703717188638478e-07	8.56898029134533e-06	0.0031105398457583547
N76	A60	7	256	80	37921	1.2290356378697455e-06	8.56898029134533e-06	0.0031191088260496998
E10	E86	11	289	223	37921	1.3221153126121135e-06	8.56898029134533e-06	0.0031276778063410453
E86	K56	10	223	233	37921	1.3799323542290444e-06	8.56898029134533e-06	0.003136246786632391
J06	J20	14	476	229	37921	1.4324590570791987e-06	8.56898029134533e-06	0.003144815766923736
E66	F32	37	689	856	37921	1.4454427926749954e-06	8.56898029134533e-06	0.0031533847472150814
K50	K52	17	155	1044	37921	1.4604414985115103e-06	8.56898029134533e-06	0.0031619537275064265
B27	I88	14	442	248	37921	1.5445481791546093e-06	8.56898029134533e-06	0.003170522707797772
F43	F80	8	1686	21	37921	1.8178368832103598e-06	8.56898029134533e-06	0.003179091688089117
F17	G58	6	247	57	37921	1.9749111000755833e-06	8.56898029134533e-06	0.0031876606683804627
G40	G81	8	791	42	37921	2.1810606864529446e-06	8.56898029134533e-06	0.0031962296486718078
N10	N17	6	495	30	37921	2.1845218618013355e-06	8.56898029134533e-06	0.0032047986289631533
F50	F61	6	535	28	37921	2.2190683236172245e-06	8.56898029134533e-06	0.003213367609254499
F19	F23	7	246	91	37921	2.2603399074036635e-06	8.56898029134533e-06	0.003221936589545844
L02	L72	8	309	104	37921	2.322077662541104e-06	8.56898029134533e-06	0.0032305055698371894
F41	F42	6	280	52	37921	2.3514841027640144e-06	8.56898029134533e-06	0.0032390745501285345
J00	J01	8	156	206	37921	2.4123914944306547e-06	8.56898029134533e-06	0.00324764353041988
N10	N12	12	495	170	37921	2.723817574115351e-06	8.56898029134533e-06	0.003256212510711225
F10	F11	12	1086	80	37921	2.877063245190846e-06	8.56898029134533e-06	0.0032647814910025707
J30	L20	7	145	161	37921	3.0821385719092733e-06	8.56898029134533e-06	0.0032733504712939157
G82	M41	6	68	224	37921	3.203262377294159e-06	8.56898029134533e-06	0.0032819194515852613
E87	F10	14	110	1086	37921	3.2852923076945906e-06	8.56898029134533e-06	0.003290488431876607
I88	A08	17	248	689	37921	3.5308935032817327e-06	8.56898029134533e-06	0.003299057412167952
F32	F63	6	856	20	37921	3.84435557881088e-06	8.56898029134533e-06	0.0033076263924592974
D16	L05	10	190	314	37921	4.693169446516927e-06	8.56898029134533e-06	0.0033161953727506425
E87	A08	11	110	689	37921	5.509740043283257e-06	8.56898029134533e-06	0.003324764353041988
G43	H53	10	694	90	37921	6.063410352441651e-06	8.56898029134533e-06	0.003333333333333333
E66	J00	13	689	156	37921	6.0851691284192004e-06	8.56898029134533e-06	0.0033419023136246786
F43	L70	15	1686	87	37921	6.341538871857874e-06	8.56898029134533e-06	0.0033504712939160237
E66	F33	14	689	182	37921	6.843960422549304e-06	8.56898029134533e-06	0.0033590402742073693
F43	L98	11	1686	49	37921	7.944393886793914e-06	8.56898029134533e-06	0.0033676092544987143
F60	L70	8	443	87	37921	8.499455680590645e-06	8.56898029134533e-06	0.00337617823479006
E10	E78	7	289	97	37921	9.933354021070486e-06	8.56898029134533e-06	0.0033847472150814054
F10	F17	21	1086	247	37921	1.0396686194645657e-05	8.56898029134533e-06	0.0033933161953727505
E61	F50	6	36	535	37921	1.0426166959996877e-05	8.56898029134533e-06	0.003401885175664096
N10	N30	12	495	194	37921	1.0545846028696449e-05	8.56898029134533e-06	0.003410454155955441
B85	F43	7	19	1686	37921	1.0660264052298206e-05	8.56898029134533e-06	0.0034190231362467866
N83	A56	6	1036	20	37921	1.1437734012361411e-05	8.56898029134533e-06	0.0034275921165381317
F20	F43	11	51	1686	37921	1.1967258907087785e-05	8.56898029134533e-06	0.0034361610968294772
F41	F93	8	280	143	37921	1.2016278047432946e-05	8.56898029134533e-06	0.0034447300771208223
M25	M67	14	238	553	37921	1.2354811901688174e-05	8.56898029134533e-06	0.003453299057412168
F19	F50	14	246	535	37921	1.2403116617629717e-05	8.56898029134533e-06	0.0034618680377035134
N92	D64	6	176	109	37921	1.2510436905579368e-05	8.56898029134533e-06	0.0034704370179948585
G40	I95	26	791	484	37921	1.3556921944803946e-05	8.56898029134533e-06	0.003479005998286204
A04	E86	8	184	223	37921	1.4513668089318832e-05	8.56898029134533e-06	0.003487574978577549
I95	J06	19	484	476	37921	1.479171377553045e-05	8.56898029134533e-06	0.0034961439588688946
F10	F63	6	1086	20	37921	1.4943706462262187e-05	8.56898029134533e-06	0.0035047129391602397
F43	F55	7	1686	20	37921	1.576980273705663e-05	8.56898029134533e-06	0.0035132819194515852
D22	B07	9	174	314	37921	1.6145801409882885e-05	8.56898029134533e-06	0.0035218508997429303
L03	L60	7	126	239	37921	1.6161487230033256e-05	8.56898029134533e-06	0.003530419880034276
E66	G47	7	689	46	37921	1.834070972450439e-05	8.56898029134533e-06	0.003538988860325621
F32	F70	10	856	84	37921	1.9946188477645117e-05	8.56898029134533e-06	0.0035475578406169665
F17	I95	13	247	484	37921	2.0217490954628785e-05	8.56898029134533e-06	0.003556126820908312
J03	L04	10	837	86	37921	2.0298219937594014e-05	8.56898029134533e-06	0.003564695801199657
D39	A63	6	45	476	37921	2.039276454134867e-05	8.56898029134533e-06	0.0035732647814910026
K44	K52	12	101	1044	37921	2.2386751299746315e-05	8.56898029134533e-06	0.0035818337617823477
E66	F70	9	689	84	37921	2.241916090765553e-05	8.56898029134533e-06	0.003590402742073693
F60	L98	6	443	49	37921	2.2465251820346147e-05	8.56898029134533e-06	0.0035989717223650383
F43	F68	7	1686	21	37921	2.2745785663979743e-05	8.56898029134533e-06	0.003607540702656384
N10	N13	13	495	245	37921	2.3442894684872785e-05	8.56898029134533e-06	0.003616109682947729
F40	F60	6	50	443	37921	2.527859089511692e-05	8.56898029134533e-06	0.0036246786632390744
E73	K59	12	114	934	37921	2.572741609653367e-05	8.56898029134533e-06	0.00363324764353042
J06	J44	7	476	69	37921	2.5908561342115873e-05	8.56898029134533e-06	0.003641816623821765
F12	F50	7	62	535	37921	2.6903541154421556e-05	8.56898029134533e-06	0.0036503856041131106
F34	F60	6	51	443	37921	2.8368452528467816e-05	8.56898029134533e-06	0.0036589545844044557
F45	K29	33	525	1093	37921	2.980669510253002e-05	8.56898029134533e-06	0.003667523564695801
J20	J30	7	229	145	37921	3.0441890909898354e-05	8.56898029134533e-06	0.0036760925449871463
J15	J18	6	92	246	37921	3.137424210812832e-05	8.56898029134533e-06	0.003684661525278492
F92	L70	6	261	87	37921	3.179249661773577e-05	8.56898029134533e-06	0.003693230505569837
F45	M54	19	525	466	37921	3.356251291800809e-05	8.56898029134533e-06	0.0037017994858611824
D50	E03	9	338	180	37921	3.752273621962725e-05	8.56898029134533e-06	0.0037103684661525275
F44	F45	11	176	525	37921	3.793833151135663e-05	8.56898029134533e-06	0.003718937446443873
E66	H53	9	689	90	37921	3.9056248396327846e-05	8.56898029134533e-06	0.0037275064267352186
E10	K90	7	289	120	37921	3.963712697281617e-05	8.56898029134533e-06	0.0037360754070265637
F33	F92	8	182	261	37921	4.1233925341288196e-05	8.56898029134533e-06	0.003744644387317909
J34	K07	19	564	442	37921	4.3097029253917476e-05	8.56898029134533e-06	0.0037532133676092543
N70	N80	7	365	97	37921	4.417327675669649e-05	8.56898029134533e-06	0.0037617823479006
K21	K90	6	210	120	37921	5.803287711377389e-05	8.56898029134533e-06	0.003770351328191945
L02	L05	11	309	314	37921	6.101984568408282e-05	8.56898029134533e-06	0.0037789203084832904
E61	K29	7	36	1093	37921	6.512764878773411e-05	8.56898029134533e-06	0.0037874892887746355
B27	L04	7	442	86	37921	6.781606570284632e-05	8.56898029134533e-06	0.003796058269065981
K01	K02	10	540	152	37921	6.966522777517138e-05	8.56898029134533e-06	0.0038046272493573265
F43	L30	10	1686	51	37921	7.079501797367611e-05	8.56898029134533e-06	0.0038131962296486716
K07	K08	6	442	60	37921	7.129064502884225e-05	8.56898029134533e-06	0.003821765209940017
F43	H52	14	1686	95	37921	7.809444532825085e-05	8.56898029134533e-06	0.0038303341902313623
F42	F43	10	52	1686	37921	8.418174142392631e-05	8.56898029134533e-06	0.0038389031705227078
F43	F83	10	1686	52	37921	8.418174142392631e-05	8.56898029134533e-06	0.003847472150814053
F10	F34	8	1086	51	37921	9.416202026105093e-05	8.56898029134533e-06	0.0038560411311053984
F44	I95	10	176	484	37921	9.621369801707907e-05	8.56898029134533e-06	0.0038646101113967435
N94	K66	6	437	64	37921	9.647783122775727e-05	8.56898029134533e-06	0.003873179091688089
E66	F31	7	689	60	37921	0.00010624708032351494	8.56898029134533e-06	0.0038817480719794345
F10	F61	6	1086	28	37921	0.00011940595330326428	8.56898029134533e-06	0.0038903170522707796
E86	I88	8	223	248	37921	0.0001194545661266976	8.56898029134533e-06	0.003898886032562125
M67	M94	6	553	53	37921	0.00012017590202968598	8.56898029134533e-06	0.003907455012853471
K29	K92	13	1093	132	37921	0.00012022305671423067	8.56898029134533e-06	0.003916023993144816
J30	J32	7	145	286	37921	0.00012272160728765466	8.56898029134533e-06	0.003924592973436161
N83	K37	30	1036	522	37921	0.00012819950822246233	8.56898029134533e-06	0.003933161953727506
N91	F32	8	67	856	37921	0.00013133479738667466	8.56898029134533e-06	0.003941730934018852
E10	J96	6	289	102	37921	0.0001357409328520953	8.56898029134533e-06	0.003950299914310197
F20	F32	7	51	856	37921	0.00014215003415337437	8.56898029134533e-06	0.003958868894601542
F17	K58	7	247	172	37921	0.00014340525330849965	8.56898029134533e-06	0.003967437874892888
M43	M54	6	65	466	37921	0.00014924114266190536	8.56898029134533e-06	0.003976006855184233
G43	J00	11	694	156	37921	0.00015113136561581303	8.56898029134533e-06	0.003984575835475578
F32	L70	9	856	87	37921	0.00015552250090954898	8.56898029134533e-06	0.003993144815766923
J00	J06	9	156	476	37921	0.00016814443463760852	8.56898029134533e-06	0.004001713796058269
F43	F63	6	1686	20	37921	0.00017314880804260055	8.56898029134533e-06	0.004010282776349614
K44	K80	6	101	309	37921	0.00018468933872309098	8.56898029134533e-06	0.0040188517566409595
N83	D39	7	1036	45	37921	0.00020409992619357654	8.56898029134533e-06	0.0040274207369323045
F11	F43	12	80	1686	37921	0.00020959437863272572	8.56898029134533e-06	0.0040359897172236505
F93	M41	6	143	224	37921	0.0002164431277285369	8.56898029134533e-06	0.004044558697514996
L20	L50	6	161	199	37921	0.00021725125438670298	8.56898029134533e-06	0.004053127677806341
E73	F50	8	114	535	37921	0.00022178977245260168	8.56898029134533e-06	0.004061696658097687
N39	B37	13	1440	110	37921	0.00028125820113537924	8.56898029134533e-06	0.004070265638389032
F45	F81	6	525	65	37921	0.00028315991664077034	8.56898029134533e-06	0.004078834618680377
D10	J35	10	31	3453	37921	0.00028544409607867414	8.56898029134533e-06	0.004087403598971722
F17	F43	24	247	1686	37921	0.000301832823386872	8.56898029134533e-06	0.004095972579263068
B99	G44	8	152	420	37921	0.00031026333468665623	8.56898029134533e-06	0.004104541559554413
B37	F60	7	110	443	37921	0.00032062743939241105	8.56898029134533e-06	0.004113110539845758
B27	K76	6	442	79	37921	0.0003286854365635745	8.56898029134533e-06	0.004121679520137103
G43	H52	8	694	95	37921	0.0003630251053263197	8.56898029134533e-06	0.004130248500428449
G40	K02	11	791	152	37921	0.00036762725904478707	8.56898029134533e-06	0.004138817480719794
E74	K29	9	77	1093	37921	0.0003702857798938189	8.56898029134533e-06	0.004147386461011139
K51	K52	8	65	1044	37921	0.00040453706329110224	8.56898029134533e-06	0.004155955441302485
F33	F91	6	182	199	37921	0.00041862470920401386	8.56898029134533e-06	0.00416452442159383
F45	I47	7	525	99	37921	0.00046562285165705587	8.56898029134533e-06	0.004173093401885175
K59	K60	7	934	57	37921	0.0004868370474295817	8.56898029134533e-06	0.0041816623821765205
E03	E10	7	180	289	37921	0.0004885640470990362	8.56898029134533e-06	0.0041902313624678665
G40	M62	7	791	67	37921	0.0004913512098078929	8.56898029134533e-06	0.004198800342759212
G44	H53	6	420	90	37921	0.00050655027782247	8.56898029134533e-06	0.004207369323050557
E66	E74	7	689	77	37921	0.0005073113638475865	8.56898029134533e-06	0.004215938303341902
F10	F90	8	1086	65	37921	0.0005247404900615621	8.56898029134533e-06	0.004224507283633248
F43	F48	8	1686	43	37921	0.0005417662287526923	8.56898029134533e-06	0.004233076263924593
K04	K07	6	87	442	37921	0.0005523117023594646	8.56898029134533e-06	0.004241645244215938
J01	J02	6	206	186	37921	0.0005633232259408264	8.56898029134533e-06	0.004250214224507284
J00	J18	6	156	246	37921	0.0005664194350966022	8.56898029134533e-06	0.004258783204798629
K29	K50	13	1093	155	37921	0.0005818153183580028	8.56898029134533e-06	0.004267352185089974
J15	J45	6	92	422	37921	0.0005838164479885702	8.56898029134533e-06	0.004275921165381319
F60	I10	7	443	122	37921	0.0005990064539372457	8.56898029134533e-06	0.004284490145672665
L02	L03	6	309	126	37921	0.0006058944287373574	8.56898029134533e-06	0.00429305912596401
I84	K59	6	43	934	37921	0.0006153514980577504	8.56898029134533e-06	0.004301628106255355
M21	M25	6	164	238	37921	0.0006196367092165845	8.56898029134533e-06	0.004310197086546701
D50	F13	6	338	117	37921	0.0006545186794652421	8.56898029134533e-06	0.004318766066838046
G44	H52	6	420	95	37921	0.0006751391202695999	8.56898029134533e-06	0.004327335047129391
F17	F45	11	247	525	37921	0.0007231084521927267	8.56898029134533e-06	0.0043359040274207365
E66	F45	21	689	525	37921	0.0007250372050314916	8.56898029134533e-06	0.0043444730077120824
F41	F92	8	280	261	37921	0.0007692946308388656	8.56898029134533e-06	0.0043530419880034275
J18	J20	7	246	229	37921	0.0007841796382891661	8.56898029134533e-06	0.004361610968294773
K36	K65	6	772	54	37921	0.0007856012961057288	8.56898029134533e-06	0.004370179948586118
G44	M54	14	420	466	37921	0.0007939447582359611	8.56898029134533e-06	0.004378748928877464
N39	N76	21	1440	256	37921	0.0008424342833797217	8.56898029134533e-06	0.004387317909168809
F60	H52	6	443	95	37921	0.0008896408164284379	8.56898029134533e-06	0.004395886889460154
F45	F93	8	525	143	37921	0.0008909588610615621	8.56898029134533e-06	0.0044044558697515
F44	F50	9	176	535	37921	0.0009409959011086444	8.56898029134533e-06	0.004413024850042845
J06	L50	9	476	199	37921	0.0009891099145910862	8.56898029134533e-06	0.00442159383033419
F50	F93	8	535	143	37921	0.0010051903923678205	8.56898029134533e-06	0.004430162810625535
E66	M54	19	689	466	37921	0.0010193557857959773	8.56898029134533e-06	0.004438731790916881
J33	J35	11	42	3453	37921	0.0010482268519287356	8.56898029134533e-06	0.004447300771208226
E66	L70	7	689	87	37921	0.0010551087583794525	8.56898029134533e-06	0.004455869751499571
K36	K56	13	772	233	37921	0.0010684445763541337	8.56898029134533e-06	0.004464438731790916
E66	F92	13	689	261	37921	0.0010771264012003922	8.56898029134533e-06	0.004473007712082262
B99	J32	6	152	286	37921	0.0010797758236730521	8.56898029134533e-06	0.004481576692373607
G43	M54	19	694	466	37921	0.0011081878887640923	8.56898029134533e-06	0.0044901456726649525
E66	F90	6	689	65	37921	0.001171502085363895	8.56898029134533e-06	0.004498714652956298
M22	M67	10	212	553	37921	0.001189806282973156	8.56898029134533e-06	0.0045072836332476435
A08	K56	12	689	233	37921	0.0012446090272495306	8.56898029134533e-06	0.004515852613538989
E78	M54	6	97	466	37921	0.0012846705887507187	8.56898029134533e-06	0.004524421593830334
F45	L70	6	525	87	37921	0.0013412178021829561	8.56898029134533e-06	0.00453299057412168
N91	E66	6	67	689	37921	0.0013728888931963373	8.56898029134533e-06	0.004541559554413025
F40	F43	8	50	1686	37921	0.0015237392638625506	8.56898029134533e-06	0.00455012853470437
G43	J01	11	694	206	37921	0.001556084324609293	8.56898029134533e-06	0.004558697514995716
N76	A63	10	256	476	37921	0.0015985989923343095	8.56898029134533e-06	0.004567266495287061
N70	N92	7	365	176	37921	0.0016594899592427845	8.56898029134533e-06	0.004575835475578406
E66	K21	11	689	210	37921	0.001712050511981751	8.56898029134533e-06	0.004584404455869751
F43	H61	8	1686	51	37921	0.001737812820828304	8.56898029134533e-06	0.004592973436161097
J06	K59	23	476	934	37921	0.0018783398907283185	8.56898029134533e-06	0.004601542416452442
K29	K52	47	1093	1044	37921	0.0019456075218400961	8.56898029134533e-06	0.004610111396743787
N76	N83	16	256	1036	37921	0.0019635272799141228	8.56898029134533e-06	0.004618680377035132
E66	L05	14	689	314	37921	0.002004643001889438	8.56898029134533e-06	0.004627249357326478
E66	F41	13	689	280	37921	0.002011573232865748	8.56898029134533e-06	0.004635818337617823
E66	J45	17	689	422	37921	0.002077442813360768	8.56898029134533e-06	0.004644387317909168
F45	H52	6	525	95	37921	0.002104563856117931	8.56898029134533e-06	0.004652956298200514
K21	K52	14	210	1044	37921	0.0021769310892295374	8.56898029134533e-06	0.0046615252784918595
D50	F60	11	338	443	37921	0.0022844626597648115	8.56898029134533e-06	0.004670094258783205
M54	M79	8	466	188	37921	0.002388313779669622	8.56898029134533e-06	0.00467866323907455
F45	G44	14	525	420	37921	0.002407507213546699	8.56898029134533e-06	0.004687232219365896
E86	J20	6	223	229	37921	0.0024470805765747132	8.56898029134533e-06	0.004695801199657241
M24	M67	7	125	553	37921	0.0024548048460204534	8.56898029134533e-06	0.004704370179948586
J00	J03	10	156	837	37921	0.0025408616448662235	8.56898029134533e-06	0.004712939160239931
J02	J06	8	186	476	37921	0.0025459840165545436	8.56898029134533e-06	0.004721508140531277
J03	J31	6	837	63	37921	0.0026514816183241287	8.56898029134533e-06	0.004730077120822622
J30	J35	24	145	3453	37921	0.002997609000528166	8.56898029134533e-06	0.004738646101113967
M25	M41	6	238	224	37921	0.0030264278907687217	8.56898029134533e-06	0.004747215081405313
N83	K38	8	1036	90	37921	0.0032538222070506366	8.56898029134533e-06	0.004755784061696658
N10	B37	6	495	110	37921	0.003280542056620741	8.56898029134533e-06	0.004764353041988003
H65	J32	6	190	286	37921	0.0033183088043285416	8.56898029134533e-06	0.004772922022279348
F17	M54	9	247	466	37921	0.003708242962613123	8.56898029134533e-06	0.004781491002570694
N80	K36	7	97	772	37921	0.0037254280936875927	8.56898029134533e-06	0.004790059982862039
K58	K59	11	172	934	37921	0.003731924453607762	8.56898029134533e-06	0.004798628963153384
N83	D36	6	1036	55	37921	0.00380043003115498	8.56898029134533e-06	0.0048071979434447295
E66	F98	6	689	82	37921	0.0038350959062440995	8.56898029134533e-06	0.0048157669237360754
I88	K52	15	248	1044	37921	0.003900518660617086	8.56898029134533e-06	0.0048243359040274205
E66	K59	29	689	934	37921	0.004028405578529111	8.56898029134533e-06	0.004832904884318766
I88	A09	19	248	1479	37921	0.004178215197973051	8.56898029134533e-06	0.004841473864610112
F41	G44	9	280	420	37921	0.0042744299161690345	8.56898029134533e-06	0.004850042844901457
F17	F32	13	247	856	37921	0.004324814193864143	8.56898029134533e-06	0.004858611825192802
I88	K56	6	248	233	37921	0.004478957374457962	8.56898029134533e-06	0.004867180805484147
A48	J35	10	43	3453	37921	0.004497255382988801	8.56898029134533e-06	0.004875749785775493
N73	K36	7	101	772	37921	0.004654283486043684	8.56898029134533e-06	0.004884318766066838
G40	I47	7	791	99	37921	0.004754054368144987	8.56898029134533e-06	0.004892887746358183
