ICD1	ICD2	val11	occ1	occ2	NN	pval	bonf_thresh	fdr_thresh
H65	J35	4142	5132	9504	45512	0.0	5.359056806002144e-06	5.359056806002144e-06
E86	A08	632	1527	3467	45512	1.25420939777203e-309	5.359056806002144e-06	1.0718113612004288e-05
N13	N39	334	686	2617	45512	3.7203341788602646e-227	5.359056806002144e-06	1.6077170418006433e-05
K02	K08	122	958	236	45512	6.223637840344134e-140	5.359056806002144e-06	2.1436227224008577e-05
F83	G40	128	314	1162	45512	1.0521495505018127e-118	5.359056806002144e-06	2.679528403001072e-05
E86	A09	393	1527	3519	45512	6.264280043508714e-106	5.359056806002144e-06	3.2154340836012867e-05
H50	H52	67	525	107	45512	5.098891547701769e-103	5.359056806002144e-06	3.751339764201501e-05
N10	N39	189	545	2617	45512	3.5695315570279264e-95	5.359056806002144e-06	4.287245444801715e-05
G40	G41	78	1162	124	45512	3.464174625326768e-92	5.359056806002144e-06	4.8231511254019296e-05
K02	K04	103	958	328	45512	2.230344218413372e-90	5.359056806002144e-06	5.359056806002144e-05
E84	K86	35	106	40	45512	8.238194349481158e-90	5.359056806002144e-06	5.894962486602358e-05
J18	J20	377	1822	3180	45512	7.992943477120209e-85	5.359056806002144e-06	6.430868167202573e-05
J15	J20	226	757	3180	45512	7.04546570106027e-82	5.359056806002144e-06	6.966773847802787e-05
H90	J35	256	394	9504	45512	2.8108264290267717e-80	5.359056806002144e-06	7.502679528403002e-05
G80	G82	42	157	108	45512	1.3730176034540248e-76	5.359056806002144e-06	8.038585209003216e-05
E86	E87	103	1527	326	45512	3.9740343655522455e-70	5.359056806002144e-06	8.57449088960343e-05
D69	D70	50	398	125	45512	7.165614874504039e-70	5.359056806002144e-06	9.110396570203646e-05
G40	J96	121	1162	628	45512	4.890628230804006e-69	5.359056806002144e-06	9.646302250803859e-05
J00	J20	263	1160	3180	45512	3.504597343280149e-67	5.359056806002144e-06	0.00010182207931404074
N11	N39	72	105	2617	45512	6.12178440606595e-64	5.359056806002144e-06	0.00010718113612004288
H65	H90	175	5132	394	45512	1.3961103060502479e-62	5.359056806002144e-06	0.00011254019292604503
D64	J96	64	263	628	45512	3.974332861978972e-60	5.359056806002144e-06	0.00011789924973204717
H74	J35	116	134	9504	45512	1.0495071432117987e-59	5.359056806002144e-06	0.00012325830653804932
G40	G82	56	1162	108	45512	1.1046402168327834e-59	5.359056806002144e-06	0.00012861736334405147
J20	J45	165	3180	556	45512	2.030196350568227e-59	5.359056806002144e-06	0.00013397642015005362
N10	N13	84	545	686	45512	2.840215565678054e-58	5.359056806002144e-06	0.00013933547695605574
E87	A08	128	326	3467	45512	7.81216234800913e-58	5.359056806002144e-06	0.0001446945337620579
C71	D43	24	126	32	45512	4.114254959870865e-56	5.359056806002144e-06	0.00015005359056806004
H61	J35	156	230	9504	45512	3.759061810178805e-53	5.359056806002144e-06	0.0001554126473740622
K10	K12	33	80	263	45512	4.346263748449026e-53	5.359056806002144e-06	0.0001607717041800643
G51	A69	27	143	68	45512	1.1981009491055678e-50	5.359056806002144e-06	0.00016613076098606646
C71	H53	29	126	109	45512	3.9512227222952633e-50	5.359056806002144e-06	0.0001714898177920686
E16	E87	38	143	326	45512	1.1924944257304485e-48	5.359056806002144e-06	0.00017684887459807076
F84	G40	46	95	1162	45512	2.067352211650371e-47	5.359056806002144e-06	0.0001822079314040729
G40	G80	54	1162	157	45512	1.198703823533778e-45	5.359056806002144e-06	0.00018756698821007504
D61	D70	23	55	125	45512	2.5031085807820493e-45	5.359056806002144e-06	0.00019292604501607719
N31	N39	57	99	2617	45512	1.6826582086671423e-44	5.359056806002144e-06	0.00019828510182207934
H50	H53	37	525	109	45512	4.391490829275403e-44	5.359056806002144e-06	0.00020364415862808149
H70	K04	33	113	328	45512	8.372678745016826e-44	5.359056806002144e-06	0.0002090032154340836
D61	D69	28	55	398	45512	2.7578849540834702e-43	5.359056806002144e-06	0.00021436227224008576
C71	D70	25	126	125	45512	9.370412709852254e-40	5.359056806002144e-06	0.0002197213290460879
G91	G93	24	149	90	45512	1.205693558308663e-39	5.359056806002144e-06	0.00022508038585209006
H52	H53	23	107	109	45512	5.374444022470257e-39	5.359056806002144e-06	0.0002304394426580922
J00	L22	89	1160	640	45512	5.8140812847570243e-39	5.359056806002144e-06	0.00023579849946409433
D64	D69	41	263	398	45512	1.63754152080412e-38	5.359056806002144e-06	0.00024115755627009648
F89	G40	47	146	1162	45512	2.373175375235985e-38	5.359056806002144e-06	0.00024651661307609863
H66	H70	42	1107	113	45512	2.731551475566721e-38	5.359056806002144e-06	0.0002518756698821008
K02	K12	55	958	263	45512	4.738158752380866e-38	5.359056806002144e-06	0.00025723472668810293
C71	G91	25	126	149	45512	1.1158373062972067e-37	5.359056806002144e-06	0.0002625937834941051
K02	K05	28	958	43	45512	8.548876425429405e-37	5.359056806002144e-06	0.00026795284030010723
J20	L22	144	3180	640	45512	1.3718280484300731e-36	5.359056806002144e-06	0.00027331189710610933
G40	G81	39	1162	98	45512	3.1715854201973876e-36	5.359056806002144e-06	0.0002786709539121115
C71	D33	16	126	24	45512	3.1916061100861376e-36	5.359056806002144e-06	0.00028403001071811363
F80	F83	33	196	314	45512	9.279921091755577e-36	5.359056806002144e-06	0.0002893890675241158
C91	D61	18	94	55	45512	1.1201808948289669e-35	5.359056806002144e-06	0.00029474812433011793
B37	J21	91	790	1080	45512	1.1305146547542393e-35	5.359056806002144e-06	0.0003001071811361201
C91	A41	24	94	205	45512	1.3493767616163114e-35	5.359056806002144e-06	0.00030546623794212223
E73	E74	17	52	77	45512	2.3839413201532292e-35	5.359056806002144e-06	0.0003108252947481244
F80	F82	23	196	87	45512	5.133510663982993e-35	5.359056806002144e-06	0.00031618435155412653
B37	L22	69	790	640	45512	1.073979299785485e-33	5.359056806002144e-06	0.0003215434083601286
M08	M13	20	89	119	45512	1.4176177780770348e-33	5.359056806002144e-06	0.0003269024651661308
J20	J31	109	3180	428	45512	5.647323940982915e-33	5.359056806002144e-06	0.0003322615219721329
K02	K10	32	958	80	45512	1.1116517809071672e-32	5.359056806002144e-06	0.0003376205787781351
C47	C74	10	13	23	45512	3.1146692107932617e-32	5.359056806002144e-06	0.0003429796355841372
C91	D69	26	94	398	45512	8.49268443844055e-32	5.359056806002144e-06	0.0003483386923901394
G41	J96	32	124	628	45512	1.9153518582653644e-31	5.359056806002144e-06	0.0003536977491961415
N28	N39	46	97	2617	45512	3.7442516070015165e-31	5.359056806002144e-06	0.0003590568060021437
B37	J20	153	790	3180	45512	5.8712623779015695e-31	5.359056806002144e-06	0.0003644158628081458
H74	J39	19	134	84	45512	6.048509256114158e-31	5.359056806002144e-06	0.0003697749196141479
G80	M62	19	157	74	45512	9.735770786116222e-31	5.359056806002144e-06	0.00037513397642015007
E16	E86	44	143	1527	45512	4.637502037164856e-30	5.359056806002144e-06	0.0003804930332261522
K35	K65	18	743	21	45512	7.028827442031903e-30	5.359056806002144e-06	0.00038585209003215437
N13	N28	29	686	97	45512	1.373262597925641e-29	5.359056806002144e-06	0.0003912111468381565
J30	J45	25	76	556	45512	3.826669893732484e-29	5.359056806002144e-06	0.00039657020364415867
B37	J00	85	790	1160	45512	5.258364597103859e-29	5.359056806002144e-06	0.0004019292604501608
J18	J45	89	1822	556	45512	5.4024000299767e-29	5.359056806002144e-06	0.00040728831725616297
G91	J96	32	149	628	45512	1.1019974401060766e-28	5.359056806002144e-06	0.0004126473740621651
C91	D70	18	94	125	45512	1.6681604360684288e-28	5.359056806002144e-06	0.0004180064308681672
F83	J96	42	314	628	45512	1.7750042192348606e-28	5.359056806002144e-06	0.00042336548767416937
K04	K08	30	328	236	45512	3.163746489602053e-28	5.359056806002144e-06	0.0004287245444801715
G40	G93	32	1162	90	45512	4.078837180952984e-28	5.359056806002144e-06	0.00043408360128617367
K72	K76	11	17	72	45512	8.550803460571025e-28	5.359056806002144e-06	0.0004394426580921758
C71	J96	29	126	628	45512	4.780630088587383e-27	5.359056806002144e-06	0.00044480171489817797
F82	F83	21	87	314	45512	1.0536164274162497e-26	5.359056806002144e-06	0.0004501607717041801
H90	H91	25	394	127	45512	1.142067863590057e-26	5.359056806002144e-06	0.00045551982851018227
D64	D70	22	263	125	45512	2.3497649776204815e-26	5.359056806002144e-06	0.0004608788853161844
F83	G41	23	314	124	45512	2.867305099396019e-26	5.359056806002144e-06	0.0004662379421221865
K59	K60	26	1056	63	45512	3.724055525909791e-26	5.359056806002144e-06	0.00047159699892818866
F83	F89	24	314	146	45512	5.007151046272288e-26	5.359056806002144e-06	0.0004769560557341908
C91	D68	15	94	83	45512	1.7818144016252945e-25	5.359056806002144e-06	0.00048231511254019296
K42	K43	16	253	45	45512	2.8805721019392026e-25	5.359056806002144e-06	0.0004876741693461951
J31	J44	43	428	585	45512	2.934255738025214e-25	5.359056806002144e-06	0.0004930332261521973
J18	J90	28	1822	54	45512	4.1321174414741286e-25	5.359056806002144e-06	0.0004983922829581994
E10	E16	22	268	143	45512	8.1645403916015445e-25	5.359056806002144e-06	0.0005037513397642016
F83	G82	21	314	108	45512	1.5022261396031676e-24	5.359056806002144e-06	0.0005091103965702037
F70	F83	13	20	314	45512	4.640147536393497e-24	5.359056806002144e-06	0.0005144694533762059
D70	H53	16	125	109	45512	1.8655572350010555e-23	5.359056806002144e-06	0.000519828510182208
D61	D64	16	55	263	45512	2.3711436913801277e-23	5.359056806002144e-06	0.0005251875669882102
G82	M62	14	108	74	45512	3.030278088986716e-23	5.359056806002144e-06	0.0005305466237942123
G81	I63	11	98	27	45512	3.2711811725256143e-23	5.359056806002144e-06	0.0005359056806002145
H10	J20	84	358	3180	45512	3.7066065756853355e-23	5.359056806002144e-06	0.0005412647374062166
F80	H90	26	196	394	45512	4.6777756920909626e-23	5.359056806002144e-06	0.0005466237942122187
F80	F90	16	196	78	45512	1.0210638787339269e-22	5.359056806002144e-06	0.0005519828510182209
J45	J46	19	556	57	45512	1.3697192909282412e-22	5.359056806002144e-06	0.000557341907824223
H20	M08	9	13	89	45512	1.9576313369655877e-22	5.359056806002144e-06	0.0005627009646302252
F83	G80	22	314	157	45512	2.270977730206646e-22	5.359056806002144e-06	0.0005680600214362273
E10	E14	14	268	37	45512	2.315474573760558e-22	5.359056806002144e-06	0.0005734190782422295
N31	N32	12	99	48	45512	3.6704071883714857e-22	5.359056806002144e-06	0.0005787781350482316
E87	J96	36	326	628	45512	1.0510097249762017e-21	5.359056806002144e-06	0.0005841371918542338
N32	N39	27	48	2617	45512	1.949982672179719e-21	5.359056806002144e-06	0.0005894962486602359
F43	F94	15	198	72	45512	2.0519223616458376e-21	5.359056806002144e-06	0.000594855305466238
C71	L81	10	126	20	45512	3.313146000165569e-21	5.359056806002144e-06	0.0006002143622722402
G80	M21	16	157	120	45512	4.188445956910305e-21	5.359056806002144e-06	0.0006055734190782423
E84	J96	23	106	628	45512	4.264202003474713e-21	5.359056806002144e-06	0.0006109324758842445
G40	I63	17	1162	27	45512	4.923694557938058e-21	5.359056806002144e-06	0.0006162915326902466
F83	F84	18	314	95	45512	5.288352370348128e-21	5.359056806002144e-06	0.0006216505894962488
K74	K76	9	20	72	45512	6.11249294668867e-21	5.359056806002144e-06	0.0006270096463022509
J15	J90	19	757	54	45512	1.3462873393716079e-20	5.359056806002144e-06	0.0006323687031082531
I42	I50	9	41	36	45512	1.4055019522837688e-20	5.359056806002144e-06	0.0006377277599142552
H66	J06	154	1107	2862	45512	1.5366431806801363e-20	5.359056806002144e-06	0.0006430868167202572
N39	B96	33	2617	81	45512	3.4312125475526474e-20	5.359056806002144e-06	0.0006484458735262595
C91	C92	9	94	19	45512	4.188360898890344e-20	5.359056806002144e-06	0.0006538049303322615
K00	K01	10	74	40	45512	5.582815719540478e-20	5.359056806002144e-06	0.0006591639871382638
J18	J44	77	1822	585	45512	6.087989158551334e-20	5.359056806002144e-06	0.0006645230439442658
G47	J35	135	307	9504	45512	6.446476735293063e-20	5.359056806002144e-06	0.000669882100750268
N10	N11	21	545	105	45512	7.553924605306944e-20	5.359056806002144e-06	0.0006752411575562701
G81	M62	12	98	74	45512	9.715586655062455e-20	5.359056806002144e-06	0.0006806002143622724
L22	A09	120	640	3519	45512	1.0340040555859216e-19	5.359056806002144e-06	0.0006859592711682744
G82	J96	22	108	628	45512	1.333767471212437e-19	5.359056806002144e-06	0.0006913183279742765
G40	G91	31	1162	149	45512	1.5644277903585012e-19	5.359056806002144e-06	0.0006966773847802787
E84	K76	12	106	72	45512	1.8313231064935676e-19	5.359056806002144e-06	0.0007020364415862808
M13	M25	13	119	90	45512	1.8850455740476736e-19	5.359056806002144e-06	0.000707395498392283
I88	K56	27	391	304	45512	2.3677763491611404e-19	5.359056806002144e-06	0.0007127545551982851
F84	G80	14	95	157	45512	3.002876782672798e-19	5.359056806002144e-06	0.0007181136120042874
D50	K50	12	264	34	45512	5.524272875241267e-19	5.359056806002144e-06	0.0007234726688102894
K04	K10	16	328	80	45512	6.522055625646368e-19	5.359056806002144e-06	0.0007288317256162917
K56	K59	40	304	1056	45512	1.0285436282008985e-18	5.359056806002144e-06	0.0007341907824222937
E23	E34	12	46	198	45512	1.1212315587556697e-18	5.359056806002144e-06	0.0007395498392282958
D44	E23	7	13	46	45512	1.1398979528636564e-18	5.359056806002144e-06	0.000744908896034298
C71	D64	17	126	263	45512	1.396705413115917e-18	5.359056806002144e-06	0.0007502679528403001
I27	J96	16	47	628	45512	1.4466354604077513e-18	5.359056806002144e-06	0.0007556270096463023
H10	J00	45	358	1160	45512	1.6088245848389378e-18	5.359056806002144e-06	0.0007609860664523044
G82	G93	12	108	90	45512	3.984499054579119e-18	5.359056806002144e-06	0.0007663451232583066
J21	L22	58	1080	640	45512	4.611774190152855e-18	5.359056806002144e-06	0.0007717041800643087
H65	H74	54	5132	134	45512	5.7308936955096645e-18	5.359056806002144e-06	0.000777063236870311
F84	G82	12	95	108	45512	7.87421220054615e-18	5.359056806002144e-06	0.000782422293676313
N11	N13	21	105	686	45512	7.992831014555872e-18	5.359056806002144e-06	0.0007877813504823151
F83	F90	15	314	78	45512	8.067624524777039e-18	5.359056806002144e-06	0.0007931404072883173
C91	C95	7	94	10	45512	1.523610709502622e-17	5.359056806002144e-06	0.0007984994640943194
G82	M24	9	108	29	45512	1.6327947551803933e-17	5.359056806002144e-06	0.0008038585209003216
H66	J20	157	1107	3180	45512	1.8334849712146824e-17	5.359056806002144e-06	0.0008092175777063237
H66	H72	16	1107	34	45512	1.9725845285871635e-17	5.359056806002144e-06	0.0008145766345123259
E87	A09	74	326	3519	45512	2.9130809900720746e-17	5.359056806002144e-06	0.000819935691318328
N83	K40	18	73	689	45512	3.550045819750231e-17	5.359056806002144e-06	0.0008252947481243302
K72	K74	6	17	20	45512	3.8763605510492585e-17	5.359056806002144e-06	0.0008306538049303323
N13	N31	20	686	99	45512	3.9361803722849955e-17	5.359056806002144e-06	0.0008360128617363344
C71	H91	13	126	127	45512	4.330918549744797e-17	5.359056806002144e-06	0.0008413719185423366
J06	J38	76	2862	416	45512	4.472094105347203e-17	5.359056806002144e-06	0.0008467309753483387
J12	J20	57	233	3180	45512	4.585617764726999e-17	5.359056806002144e-06	0.0008520900321543409
N39	A41	48	2617	205	45512	4.7573194683732234e-17	5.359056806002144e-06	0.000857449088960343
B98	K29	6	6	90	45512	5.045909247092301e-17	5.359056806002144e-06	0.0008628081457663452
F90	F94	10	78	72	45512	5.908037888913073e-17	5.359056806002144e-06	0.0008681672025723473
C71	C79	8	126	17	45512	6.553991339868647e-17	5.359056806002144e-06	0.0008735262593783495
C71	E23	10	126	46	45512	6.881980400883503e-17	5.359056806002144e-06	0.0008788853161843516
C71	D69	18	126	398	45512	7.206884059231357e-17	5.359056806002144e-06	0.0008842443729903537
C71	G81	12	126	98	45512	7.871352530442192e-17	5.359056806002144e-06	0.0008896034297963559
G81	J96	19	98	628	45512	1.0908564732271752e-16	5.359056806002144e-06	0.000894962486602358
J96	K86	14	628	40	45512	1.3113282534603468e-16	5.359056806002144e-06	0.0009003215434083602
G82	M21	12	108	120	45512	1.4465187728705563e-16	5.359056806002144e-06	0.0009056806002143623
J20	J96	104	3180	628	45512	2.023104795826633e-16	5.359056806002144e-06	0.0009110396570203645
K60	K92	11	63	152	45512	2.116974749685251e-16	5.359056806002144e-06	0.0009163987138263666
J12	J21	33	233	1080	45512	2.3082437817261833e-16	5.359056806002144e-06	0.0009217577706323688
G80	I63	9	157	27	45512	2.4369133370840305e-16	5.359056806002144e-06	0.0009271168274383709
J69	J96	13	33	628	45512	2.5876135038602e-16	5.359056806002144e-06	0.000932475884244373
I88	A09	81	391	3519	45512	2.73505549406435e-16	5.359056806002144e-06	0.0009378349410503752
D70	G91	13	125	149	45512	3.2534144377553e-16	5.359056806002144e-06	0.0009431939978563773
H53	H91	12	109	127	45512	3.262470045882506e-16	5.359056806002144e-06	0.0009485530546623795
K76	K83	7	72	17	45512	3.5271835196765225e-16	5.359056806002144e-06	0.0009539121114683816
J15	J96	45	757	628	45512	3.792054570125486e-16	5.359056806002144e-06	0.0009592711682743838
E16	A08	44	143	3467	45512	3.964259790490512e-16	5.359056806002144e-06	0.0009646302250803859
K56	K91	10	304	25	45512	4.5598656420247165e-16	5.359056806002144e-06	0.0009699892818863881
F90	F91	8	78	32	45512	5.230561340311543e-16	5.359056806002144e-06	0.0009753483386923902
M06	M08	7	15	89	45512	5.458229425067805e-16	5.359056806002144e-06	0.0009807073954983924
D64	E87	21	263	326	45512	5.653653677447942e-16	5.359056806002144e-06	0.0009860664523043945
D64	G91	16	263	149	45512	6.026978125938817e-16	5.359056806002144e-06	0.0009914255091103966
H53	J96	19	109	628	45512	8.740778355976962e-16	5.359056806002144e-06	0.0009967845659163987
G82	M41	10	108	68	45512	9.573061865644834e-16	5.359056806002144e-06	0.001002143622722401
G80	G81	12	157	98	45512	1.1652074685093135e-15	5.359056806002144e-06	0.0010075026795284031
H10	L22	31	358	640	45512	1.2345963304229504e-15	5.359056806002144e-06	0.0010128617363344052
F94	F98	12	72	219	45512	1.3553542106050315e-15	5.359056806002144e-06	0.0010182207931404073
H61	H90	21	230	394	45512	1.6472592993515222e-15	5.359056806002144e-06	0.0010235798499464096
D69	J96	32	398	628	45512	2.063384108655718e-15	5.359056806002144e-06	0.0010289389067524117
M08	M25	10	89	90	45512	2.4421649729928792e-15	5.359056806002144e-06	0.0010342979635584138
F93	K05	8	70	43	45512	2.8756757014728773e-15	5.359056806002144e-06	0.001039657020364416
K40	K42	27	689	253	45512	2.9976198079999777e-15	5.359056806002144e-06	0.001045016077170418
D68	A41	12	83	205	45512	3.688089263179415e-15	5.359056806002144e-06	0.0010503751339764203
F82	G40	21	87	1162	45512	4.544322775381813e-15	5.359056806002144e-06	0.0010557341907824224
C79	H53	7	17	109	45512	7.083825072160287e-15	5.359056806002144e-06	0.0010610932475884245
H47	H53	8	32	109	45512	8.3526032328374e-15	5.359056806002144e-06	0.0010664523043944266
N12	N39	33	117	2617	45512	1.1475551393306998e-14	5.359056806002144e-06	0.001071811361200429
C91	D64	13	94	263	45512	1.1820213165635106e-14	5.359056806002144e-06	0.001077170418006431
F43	F93	11	198	70	45512	1.3808895387328431e-14	5.359056806002144e-06	0.0010825294748124331
J20	J44	95	3180	585	45512	1.3851167679254814e-14	5.359056806002144e-06	0.0010878885316184352
A41	J96	23	205	628	45512	1.6941144739773825e-14	5.359056806002144e-06	0.0010932475884244373
N39	N76	38	2617	155	45512	1.720009004678052e-14	5.359056806002144e-06	0.0010986066452304396
H10	J21	38	358	1080	45512	1.9347096575532516e-14	5.359056806002144e-06	0.0011039657020364417
C79	H91	7	17	127	45512	2.11698752009479e-14	5.359056806002144e-06	0.0011093247588424438
E87	E88	11	326	46	45512	2.2957090970016758e-14	5.359056806002144e-06	0.001114683815648446
E84	K74	7	106	20	45512	2.2975387237293116e-14	5.359056806002144e-06	0.0011200428724544482
D43	D70	8	32	125	45512	2.566556027946326e-14	5.359056806002144e-06	0.0011254019292604503
C79	D64	8	17	263	45512	2.5971258977450013e-14	5.359056806002144e-06	0.0011307609860664524
H69	J35	30	38	9504	45512	3.05924907189248e-14	5.359056806002144e-06	0.0011361200428724545
F80	K07	9	196	36	45512	3.6050933410946755e-14	5.359056806002144e-06	0.0011414790996784566
F82	F90	9	87	78	45512	3.644917619927899e-14	5.359056806002144e-06	0.001146838156484459
I50	J96	12	36	628	45512	3.973835827942112e-14	5.359056806002144e-06	0.001152197213290461
G81	H53	10	98	109	45512	4.7787560566660234e-14	5.359056806002144e-06	0.0011575562700964631
F43	F90	11	198	78	45512	4.816492516815795e-14	5.359056806002144e-06	0.0011629153269024652
C49	D48	7	19	126	45512	5.159911371472655e-14	5.359056806002144e-06	0.0011682743837084675
B37	H10	32	790	358	45512	5.858488670332629e-14	5.359056806002144e-06	0.0011736334405144696
F83	H50	25	314	525	45512	5.937415608341337e-14	5.359056806002144e-06	0.0011789924973204717
H05	J01	8	47	92	45512	6.017111308068009e-14	5.359056806002144e-06	0.0011843515541264738
G80	M24	8	157	29	45512	6.758255175651317e-14	5.359056806002144e-06	0.001189710610932476
J35	J39	49	9504	84	45512	7.769737684267767e-14	5.359056806002144e-06	0.0011950696677384782
C71	G62	6	126	10	45512	8.306702337632658e-14	5.359056806002144e-06	0.0012004287245444803
C71	G93	10	126	90	45512	8.720624587856571e-14	5.359056806002144e-06	0.0012057877813504824
E06	E10	8	19	268	45512	9.303226904218259e-14	5.359056806002144e-06	0.0012111468381564845
F83	F94	12	314	72	45512	1.000639353690557e-13	5.359056806002144e-06	0.0012165058949624868
D43	G91	8	32	149	45512	1.0738289847340912e-13	5.359056806002144e-06	0.001221864951768489
C71	G40	23	126	1162	45512	1.418672282997761e-13	5.359056806002144e-06	0.001227224008574491
D64	I27	10	263	47	45512	1.5006473315367558e-13	5.359056806002144e-06	0.001232583065380493
F83	G91	15	314	149	45512	1.741002483855127e-13	5.359056806002144e-06	0.0012379421221864952
L22	B08	36	640	582	45512	1.9675625550836053e-13	5.359056806002144e-06	0.0012433011789924975
F83	G81	13	314	98	45512	1.9896712578303781e-13	5.359056806002144e-06	0.0012486602357984996
N12	N13	18	117	686	45512	2.148266222216281e-13	5.359056806002144e-06	0.0012540192926045017
G91	G97	6	149	10	45512	2.3108427918384844e-13	5.359056806002144e-06	0.0012593783494105038
J15	J91	10	757	20	45512	2.429569738966326e-13	5.359056806002144e-06	0.0012647374062165061
K21	K22	9	301	30	45512	2.720311384495136e-13	5.359056806002144e-06	0.0012700964630225082
H50	H55	11	525	38	45512	3.940031635734883e-13	5.359056806002144e-06	0.0012754555198285103
F80	F84	11	196	95	45512	4.057220708623545e-13	5.359056806002144e-06	0.0012808145766345124
E71	E88	6	31	46	45512	5.484942967262427e-13	5.359056806002144e-06	0.0012861736334405145
K60	K62	7	63	50	45512	6.57754770213033e-13	5.359056806002144e-06	0.0012915326902465168
C71	E89	6	126	13	45512	6.741845750716478e-13	5.359056806002144e-06	0.001296891747052519
G41	G80	11	124	157	45512	6.982396856068222e-13	5.359056806002144e-06	0.001302250803858521
J69	K21	9	33	301	45512	7.206800069904025e-13	5.359056806002144e-06	0.001307609860664523
N10	A41	20	545	205	45512	9.110607932038782e-13	5.359056806002144e-06	0.0013129689174705254
J13	J90	7	61	54	45512	9.173150258394303e-13	5.359056806002144e-06	0.0013183279742765275
C79	G81	6	17	98	45512	1.0358251110505447e-12	5.359056806002144e-06	0.0013236870310825296
F80	G40	27	196	1162	45512	1.3040258301106416e-12	5.359056806002144e-06	0.0013290460878885317
N31	K59	19	99	1056	45512	1.4021697381379202e-12	5.359056806002144e-06	0.0013344051446945338
G93	J96	15	90	628	45512	1.873213900438788e-12	5.359056806002144e-06	0.001339764201500536
D70	J96	17	125	628	45512	1.9370362785444094e-12	5.359056806002144e-06	0.0013451232583065382
D43	D61	6	32	55	45512	2.078534254089635e-12	5.359056806002144e-06	0.0013504823151125403
J05	J31	15	133	428	45512	2.7580962772495993e-12	5.359056806002144e-06	0.0013558413719185424
K74	K90	7	20	210	45512	2.9669332144963814e-12	5.359056806002144e-06	0.0013612004287245447
H51	H53	6	18	109	45512	2.9764749909567843e-12	5.359056806002144e-06	0.0013665594855305468
C71	D61	8	126	55	45512	3.0070368477577467e-12	5.359056806002144e-06	0.001371918542336549
G82	G91	10	108	149	45512	3.0663152906348973e-12	5.359056806002144e-06	0.001377277599142551
D43	D48	7	32	126	45512	3.345653639645172e-12	5.359056806002144e-06	0.001382636655948553
B95	L08	6	26	74	45512	3.3690740430959595e-12	5.359056806002144e-06	0.0013879957127545554
D64	K72	7	263	17	45512	3.676986364797771e-12	5.359056806002144e-06	0.0013933547695605575
C79	D70	6	17	125	45512	4.589999479456744e-12	5.359056806002144e-06	0.0013987138263665596
E66	E78	7	272	18	45512	7.58329821376481e-12	5.359056806002144e-06	0.0014040728831725617
G41	G81	9	124	98	45512	7.903944705007687e-12	5.359056806002144e-06	0.001409431939978564
C71	G51	10	126	143	45512	9.627063081193819e-12	5.359056806002144e-06	0.001414790996784566
M21	M67	8	120	67	45512	1.0555806144278327e-11	5.359056806002144e-06	0.0014201500535905682
N39	B37	95	2617	790	45512	1.060941290410769e-11	5.359056806002144e-06	0.0014255091103965703
F82	F89	9	87	146	45512	1.1622984332262152e-11	5.359056806002144e-06	0.0014308681672025724
J18	J96	64	1822	628	45512	1.1839759559313855e-11	5.359056806002144e-06	0.0014362272240085747
F80	F98	13	196	219	45512	1.6099620289612762e-11	5.359056806002144e-06	0.0014415862808145768
E23	H53	7	46	109	45512	1.841737688359778e-11	5.359056806002144e-06	0.001446945337620579
D64	A41	14	263	205	45512	2.069695170659092e-11	5.359056806002144e-06	0.001452304394426581
D33	H53	6	24	109	45512	2.1330649118561198e-11	5.359056806002144e-06	0.0014576634512325833
G81	G93	8	98	90	45512	2.3143180251049753e-11	5.359056806002144e-06	0.0014630225080385854
H27	H52	6	25	107	45512	2.5017611093814084e-11	5.359056806002144e-06	0.0014683815648445875
E86	B00	43	1527	403	45512	3.341955458138418e-11	5.359056806002144e-06	0.0014737406216505896
F80	H68	7	196	29	45512	3.553255359446289e-11	5.359056806002144e-06	0.0014790996784565917
F82	G31	6	87	32	45512	3.5643273966814337e-11	5.359056806002144e-06	0.001484458735262594
F83	G93	11	314	90	45512	3.628233171795614e-11	5.359056806002144e-06	0.001489817792068596
E10	K90	14	268	210	45512	3.6708578772566415e-11	5.359056806002144e-06	0.0014951768488745982
H61	H65	62	230	5132	45512	4.072184915106335e-11	5.359056806002144e-06	0.0015005359056806003
D64	H53	11	263	109	45512	4.530499743541287e-11	5.359056806002144e-06	0.0015058949624866026
D33	D70	6	24	125	45512	4.914114922070298e-11	5.359056806002144e-06	0.0015112540192926047
G80	K21	13	157	301	45512	5.183816981788437e-11	5.359056806002144e-06	0.0015166130760986068
E87	G31	8	326	32	45512	5.760372628644604e-11	5.359056806002144e-06	0.0015219721329046089
J39	K07	6	84	36	45512	6.139751121884505e-11	5.359056806002144e-06	0.001527331189710611
G40	K21	31	1162	301	45512	6.568544676077637e-11	5.359056806002144e-06	0.0015326902465166133
E84	K90	10	106	210	45512	7.641940148601018e-11	5.359056806002144e-06	0.0015380493033226154
J21	J96	45	1080	628	45512	8.079121954500373e-11	5.359056806002144e-06	0.0015434083601286175
D48	D70	9	126	125	45512	8.342514631986018e-11	5.359056806002144e-06	0.0015487674169346196
K59	K62	13	1056	50	45512	8.42260741667358e-11	5.359056806002144e-06	0.001554126473740622
F82	F94	7	87	72	45512	9.709478658736159e-11	5.359056806002144e-06	0.001559485530546624
H66	L22	46	1107	640	45512	1.009493867649704e-10	5.359056806002144e-06	0.001564844587352626
L01	L20	10	87	268	45512	1.138145444397567e-10	5.359056806002144e-06	0.0015702036441586282
D64	G93	10	263	90	45512	1.3336725410665897e-10	5.359056806002144e-06	0.0015755627009646303
F43	F83	14	198	314	45512	1.3555176589562272e-10	5.359056806002144e-06	0.0015809217577706326
B37	J31	30	790	428	45512	1.5703306241435917e-10	5.359056806002144e-06	0.0015862808145766347
N10	N12	14	545	117	45512	1.5739441372186986e-10	5.359056806002144e-06	0.0015916398713826368
N10	N28	13	545	97	45512	1.684547306162236e-10	5.359056806002144e-06	0.0015969989281886389
G82	K21	11	108	301	45512	1.7230457508373588e-10	5.359056806002144e-06	0.0016023579849946412
D48	D61	7	126	55	45512	1.9136319400940201e-10	5.359056806002144e-06	0.0016077170418006433
L20	L27	9	268	66	45512	2.0549691038605755e-10	5.359056806002144e-06	0.0016130760986066454
C91	K12	10	94	263	45512	2.0656024019392574e-10	5.359056806002144e-06	0.0016184351554126475
G31	G40	11	32	1162	45512	2.2636712628985362e-10	5.359056806002144e-06	0.0016237942122186496
G03	G51	7	50	143	45512	2.3255496118674065e-10	5.359056806002144e-06	0.0016291532690246519
F89	J96	16	146	628	45512	2.373663298255426e-10	5.359056806002144e-06	0.001634512325830654
J00	J21	65	1160	1080	45512	2.3833007818209714e-10	5.359056806002144e-06	0.001639871382636656
G82	M67	7	108	67	45512	2.69028135391296e-10	5.359056806002144e-06	0.0016452304394426582
J18	J98	56	1822	553	45512	2.8589857964547313e-10	5.359056806002144e-06	0.0016505894962486605
F83	H53	11	314	109	45512	2.979464308541552e-10	5.359056806002144e-06	0.0016559485530546626
J96	J98	30	628	553	45512	3.096288812334575e-10	5.359056806002144e-06	0.0016613076098606647
J96	K21	22	628	301	45512	3.1661942927201234e-10	5.359056806002144e-06	0.0016666666666666668
G40	J69	11	1162	33	45512	3.3170213877696577e-10	5.359056806002144e-06	0.0016720257234726689
G41	G91	9	124	149	45512	3.4869415554984263e-10	5.359056806002144e-06	0.0016773847802786712
D64	E63	7	263	30	45512	3.610093019985542e-10	5.359056806002144e-06	0.0016827438370846733
H47	J96	9	32	628	45512	3.621172685921759e-10	5.359056806002144e-06	0.0016881028938906754
D50	E63	7	264	30	45512	3.706777093507933e-10	5.359056806002144e-06	0.0016934619506966775
G81	H91	8	98	127	45512	3.749587014370873e-10	5.359056806002144e-06	0.0016988210075026798
E66	I10	8	272	47	45512	3.77356983351635e-10	5.359056806002144e-06	0.0017041800643086819
H52	H55	6	107	38	45512	3.8045046282267856e-10	5.359056806002144e-06	0.001709539121114684
E45	G80	7	49	157	45512	3.8640786324062366e-10	5.359056806002144e-06	0.001714898177920686
K29	K90	9	90	210	45512	4.079962080002974e-10	5.359056806002144e-06	0.0017202572347266882
H53	H55	6	109	38	45512	4.2578163775229495e-10	5.359056806002144e-06	0.0017256162915326905
F82	F98	9	87	219	45512	4.3456125227983305e-10	5.359056806002144e-06	0.0017309753483386926
K40	K45	8	689	21	45512	4.5321269078510133e-10	5.359056806002144e-06	0.0017363344051446947
B34	D70	16	777	125	45512	4.958823838244873e-10	5.359056806002144e-06	0.0017416934619506968
G04	G41	6	35	124	45512	5.507262744983262e-10	5.359056806002144e-06	0.001747052518756699
F89	G31	6	146	32	45512	8.312517431553179e-10	5.359056806002144e-06	0.0017524115755627012
H10	J06	55	358	2862	45512	8.716468737896574e-10	5.359056806002144e-06	0.0017577706323687033
F84	F89	8	95	146	45512	8.874817634745182e-10	5.359056806002144e-06	0.0017631296891747054
D64	J90	8	263	54	45512	9.242458768444534e-10	5.359056806002144e-06	0.0017684887459807075
G51	G81	8	143	98	45512	9.663798141227723e-10	5.359056806002144e-06	0.0017738478027867098
E72	E87	6	16	326	45512	9.724732801755577e-10	5.359056806002144e-06	0.0017792068595927119
B97	J20	21	64	3180	45512	1.0979155240916789e-09	5.359056806002144e-06	0.001784565916398714
E23	E30	6	46	107	45512	1.2713435790389269e-09	5.359056806002144e-06	0.001789924973204716
B37	J44	34	790	585	45512	1.3261655261984724e-09	5.359056806002144e-06	0.0017952840300107184
G62	J96	6	10	628	45512	1.3505025206895583e-09	5.359056806002144e-06	0.0018006430868167205
J00	J15	50	1160	757	45512	1.4193466038486392e-09	5.359056806002144e-06	0.0018060021436227226
N13	N20	8	686	24	45512	1.520850194616784e-09	5.359056806002144e-06	0.0018113612004287247
H65	H92	20	5132	40	45512	1.5410360106760453e-09	5.359056806002144e-06	0.0018167202572347268
J20	L20	48	3180	268	45512	1.6958851150768007e-09	5.359056806002144e-06	0.001822079314040729
K61	L02	6	21	263	45512	1.7745837369848214e-09	5.359056806002144e-06	0.0018274383708467312
E71	E87	7	31	326	45512	2.058217040683983e-09	5.359056806002144e-06	0.0018327974276527333
J96	M41	11	628	68	45512	2.382253398690987e-09	5.359056806002144e-06	0.0018381564844587354
D70	H91	8	125	127	45512	2.631973886502402e-09	5.359056806002144e-06	0.0018435155412647377
G80	G91	9	157	149	45512	2.8359033759355615e-09	5.359056806002144e-06	0.0018488745980707398
E84	J15	14	106	757	45512	2.843467681152347e-09	5.359056806002144e-06	0.0018542336548767419
I88	L04	13	391	168	45512	2.9059436556997243e-09	5.359056806002144e-06	0.001859592711682744
G91	H53	8	149	109	45512	3.1370621733458677e-09	5.359056806002144e-06	0.001864951768488746
D21	D48	6	46	126	45512	3.415420286725747e-09	5.359056806002144e-06	0.0018703108252947484
G80	M67	7	157	67	45512	3.7140209305714157e-09	5.359056806002144e-06	0.0018756698821007505
F83	K21	15	314	301	45512	3.771518728404091e-09	5.359056806002144e-06	0.0018810289389067526
B99	J02	36	817	650	45512	3.778056216010218e-09	5.359056806002144e-06	0.0018863879957127547
F43	F98	11	198	219	45512	3.9246628500021354e-09	5.359056806002144e-06	0.001891747052518757
B37	B08	33	790	582	45512	4.253088819073522e-09	5.359056806002144e-06	0.001897106109324759
H73	J00	11	41	1160	45512	4.412409041874338e-09	5.359056806002144e-06	0.0019024651661307612
F90	F98	8	78	219	45512	4.43922385952719e-09	5.359056806002144e-06	0.0019078242229367633
D50	K90	12	264	210	45512	4.562285093727199e-09	5.359056806002144e-06	0.0019131832797427654
L02	L04	11	263	168	45512	4.720881904468722e-09	5.359056806002144e-06	0.0019185423365487677
C79	D69	6	17	398	45512	4.914083188722525e-09	5.359056806002144e-06	0.0019239013933547698
E86	J06	154	1527	2862	45512	5.015983728347051e-09	5.359056806002144e-06	0.0019292604501607719
N26	N39	10	17	2617	45512	5.202495240375795e-09	5.359056806002144e-06	0.001934619506966774
E16	E74	7	143	77	45512	5.217264683435494e-09	5.359056806002144e-06	0.0019399785637727763
B27	J03	24	163	1645	45512	5.672161822339563e-09	5.359056806002144e-06	0.0019453376205787784
G80	J96	15	157	628	45512	5.826399872475318e-09	5.359056806002144e-06	0.0019506966773847805
D50	D64	13	264	263	45512	5.9256559090045185e-09	5.359056806002144e-06	0.0019560557341907828
E87	I50	7	326	36	45512	6.336340843229978e-09	5.359056806002144e-06	0.001961414790996785
K02	K03	6	958	9	45512	6.815230831784456e-09	5.359056806002144e-06	0.001966773847802787
K21	K31	6	301	23	45512	7.3113592357112e-09	5.359056806002144e-06	0.001972132904608789
E71	J96	8	31	628	45512	7.498430525178688e-09	5.359056806002144e-06	0.001977491961414791
G51	H91	8	143	127	45512	7.62508037387089e-09	5.359056806002144e-06	0.0019828510182207932
F84	J96	12	95	628	45512	8.28226774545857e-09	5.359056806002144e-06	0.0019882100750267953
D50	L22	19	264	640	45512	8.883333163955199e-09	5.359056806002144e-06	0.0019935691318327974
K04	K12	14	328	263	45512	9.447446206243839e-09	5.359056806002144e-06	0.0019989281886388
D43	D69	7	32	398	45512	1.0344688904742408e-08	5.359056806002144e-06	0.002004287245444802
N35	N39	10	18	2617	45512	1.1097834474449243e-08	5.359056806002144e-06	0.002009646302250804
D70	G81	7	125	98	45512	1.118626650683452e-08	5.359056806002144e-06	0.0020150053590568063
H10	J31	18	358	428	45512	1.1849853885529235e-08	5.359056806002144e-06	0.0020203644158628084
J38	J98	22	416	553	45512	1.2117987491630948e-08	5.359056806002144e-06	0.0020257234726688104
N32	G91	6	48	149	45512	1.2189197070806762e-08	5.359056806002144e-06	0.0020310825294748125
E16	J96	14	143	628	45512	1.3666563330882412e-08	5.359056806002144e-06	0.0020364415862808146
F80	F89	9	196	146	45512	1.646498992876789e-08	5.359056806002144e-06	0.0020418006430868167
D48	D69	11	126	398	45512	1.648423130938581e-08	5.359056806002144e-06	0.0020471596998928193
E87	I42	7	326	41	45512	1.654928083949981e-08	5.359056806002144e-06	0.0020525187566988214
J96	K50	8	628	34	45512	1.664045860657837e-08	5.359056806002144e-06	0.0020578778135048235
K21	M41	8	301	68	45512	1.7477589080189563e-08	5.359056806002144e-06	0.0020632368703108256
F43	F80	10	198	196	45512	1.7510830413385542e-08	5.359056806002144e-06	0.0020685959271168276
K62	K92	6	50	152	45512	1.7685975937108038e-08	5.359056806002144e-06	0.0020739549839228297
C71	E30	7	126	107	45512	2.1831809911614248e-08	5.359056806002144e-06	0.002079314040728832
D64	G40	25	263	1162	45512	2.2670650122648927e-08	5.359056806002144e-06	0.002084673097534834
F82	G80	7	87	157	45512	2.355710433630424e-08	5.359056806002144e-06	0.002090032154340836
B99	J31	27	817	428	45512	2.425946735905056e-08	5.359056806002144e-06	0.0020953912111468386
F83	I63	6	314	27	45512	2.6939770514435297e-08	5.359056806002144e-06	0.0021007502679528407
D61	G91	6	55	149	45512	2.8257569724009457e-08	5.359056806002144e-06	0.0021061093247588428
F80	F94	7	196	72	45512	2.8684258904137702e-08	5.359056806002144e-06	0.002111468381564845
J18	J91	9	1822	20	45512	2.9149025409600698e-08	5.359056806002144e-06	0.002116827438370847
G80	G93	7	157	90	45512	2.9861057539151155e-08	5.359056806002144e-06	0.002122186495176849
H66	H92	10	1107	40	45512	3.04202521811117e-08	5.359056806002144e-06	0.002127545551982851
L20	L21	6	268	32	45512	3.141509953564008e-08	5.359056806002144e-06	0.0021329046087888532
K02	L03	22	958	256	45512	3.314486526316999e-08	5.359056806002144e-06	0.0021382636655948553
G81	G91	7	98	149	45512	3.771608175335629e-08	5.359056806002144e-06	0.002143622722400858
H55	J96	8	38	628	45512	4.26965626060429e-08	5.359056806002144e-06	0.00214898177920686
J45	L20	17	556	268	45512	4.4716896471841254e-08	5.359056806002144e-06	0.002154340836012862
G40	M62	13	1162	74	45512	4.537030342660413e-08	5.359056806002144e-06	0.002159699892818864
J22	J31	17	348	428	45512	4.583744179492894e-08	5.359056806002144e-06	0.0021650589496248662
D69	H53	10	398	109	45512	4.617954945251805e-08	5.359056806002144e-06	0.0021704180064308683
B37	J18	65	790	1822	45512	4.6482633756082406e-08	5.359056806002144e-06	0.0021757770632368704
F89	G80	8	146	157	45512	4.7185158596386316e-08	5.359056806002144e-06	0.0021811361200428725
F93	F98	7	70	219	45512	5.0292285364247665e-08	5.359056806002144e-06	0.0021864951768488746
J90	J96	9	54	628	45512	5.240990456935313e-08	5.359056806002144e-06	0.002191854233654877
J31	J40	16	428	311	45512	5.6158941798951166e-08	5.359056806002144e-06	0.0021972132904608793
G51	H53	7	143	109	45512	5.945833642729123e-08	5.359056806002144e-06	0.0022025723472668813
D64	H91	9	263	127	45512	6.132342173457747e-08	5.359056806002144e-06	0.0022079314040728834
B99	J40	22	817	311	45512	6.56473980876076e-08	5.359056806002144e-06	0.0022132904608788855
C71	D48	7	126	126	45512	6.768403829485827e-08	5.359056806002144e-06	0.0022186495176848876
H47	H50	7	32	525	45512	6.848351953839709e-08	5.359056806002144e-06	0.0022240085744908897
N12	B96	6	117	81	45512	7.03217833502839e-08	5.359056806002144e-06	0.002229367631296892
D59	D64	6	37	263	45512	7.035769179982295e-08	5.359056806002144e-06	0.002234726688102894
J96	M62	10	628	74	45512	7.577076061022578e-08	5.359056806002144e-06	0.0022400857449088965
F83	G31	6	314	32	45512	8.011312856630007e-08	5.359056806002144e-06	0.0022454448017148985
I42	J96	8	41	628	45512	8.04393107676399e-08	5.359056806002144e-06	0.0022508038585209006
K21	K92	10	301	152	45512	8.086078312785489e-08	5.359056806002144e-06	0.0022561629153269027
D64	H55	6	263	38	45512	8.314635969924273e-08	5.359056806002144e-06	0.002261521972132905
F80	J39	7	196	84	45512	8.443548355167935e-08	5.359056806002144e-06	0.002266881028938907
G93	H53	6	90	109	45512	8.681382724831464e-08	5.359056806002144e-06	0.002272240085744909
H66	J18	82	1107	1822	45512	8.803666739846385e-08	5.359056806002144e-06	0.002277599142550911
H51	J96	6	18	628	45512	1.0866087412446108e-07	5.359056806002144e-06	0.0022829581993569132
I15	J96	6	18	628	45512	1.0866087412446108e-07	5.359056806002144e-06	0.0022883172561629157
N11	N28	6	105	97	45512	1.0876866210388592e-07	5.359056806002144e-06	0.002293676312968918
D64	G81	8	263	98	45512	1.1228886634361025e-07	5.359056806002144e-06	0.00229903536977492
F43	F82	7	198	87	45512	1.1545956409243228e-07	5.359056806002144e-06	0.002304394426580922
I88	J03	37	391	1645	45512	1.282086112979858e-07	5.359056806002144e-06	0.002309753483386924
G81	G82	6	98	108	45512	1.3679463698345452e-07	5.359056806002144e-06	0.0023151125401929262
K56	A09	51	304	3519	45512	1.3733484285711093e-07	5.359056806002144e-06	0.0023204715969989283
G80	M41	6	157	68	45512	1.4042073194722616e-07	5.359056806002144e-06	0.0023258306538049304
E63	J96	7	30	628	45512	1.4237627093775412e-07	5.359056806002144e-06	0.0023311897106109325
K21	K29	8	301	90	45512	1.616134697443883e-07	5.359056806002144e-06	0.002336548767416935
G41	G93	6	124	90	45512	1.8695095040475183e-07	5.359056806002144e-06	0.002341907824222937
E88	J96	8	46	628	45512	2.0674926891759014e-07	5.359056806002144e-06	0.0023472668810289392
J20	J21	121	3180	1080	45512	2.074167205849282e-07	5.359056806002144e-06	0.0023526259378349413
D64	K76	7	263	72	45512	2.124448187993564e-07	5.359056806002144e-06	0.0023579849946409434
J96	K92	13	628	152	45512	2.2125044266307858e-07	5.359056806002144e-06	0.0023633440514469455
E27	J96	6	20	628	45512	2.2160460309021334e-07	5.359056806002144e-06	0.0023687031082529476
F93	K02	11	70	958	45512	2.3689830335116006e-07	5.359056806002144e-06	0.0023740621650589497
E86	K52	52	1527	718	45512	2.4212064171367586e-07	5.359056806002144e-06	0.002379421221864952
H68	J35	19	29	9504	45512	2.604698151075753e-07	5.359056806002144e-06	0.0023847802786709543
D70	J02	12	125	650	45512	2.6457050898168057e-07	5.359056806002144e-06	0.0023901393354769564
J03	B00	37	1645	403	45512	2.7260862629856704e-07	5.359056806002144e-06	0.0023954983922829585
H10	H66	27	358	1107	45512	2.7992834743835086e-07	5.359056806002144e-06	0.0024008574490889606
D64	J18	30	263	1822	45512	3.025105905980326e-07	5.359056806002144e-06	0.0024062165058949627
H66	J02	39	1107	650	45512	3.2021196232991404e-07	5.359056806002144e-06	0.002411575562700965
A41	E87	11	205	326	45512	3.214222105512203e-07	5.359056806002144e-06	0.002416934619506967
J06	L22	74	2862	640	45512	3.664737607240282e-07	5.359056806002144e-06	0.002422293676312969
J12	J44	15	233	585	45512	4.3348148702642805e-07	5.359056806002144e-06	0.002427652733118971
E71	E86	9	31	1527	45512	5.440939284547558e-07	5.359056806002144e-06	0.0024330117899249736
N13	N32	8	686	48	45512	5.673960815521033e-07	5.359056806002144e-06	0.0024383708467309757
F89	G91	7	146	149	45512	5.799069567142078e-07	5.359056806002144e-06	0.002443729903536978
E14	J96	7	37	628	45512	6.622144191660647e-07	5.359056806002144e-06	0.00244908896034298
F90	G40	12	78	1162	45512	6.682098386114428e-07	5.359056806002144e-06	0.002454448017148982
J96	K76	9	628	72	45512	6.728950157415803e-07	5.359056806002144e-06	0.002459807073954984
D68	D69	8	83	398	45512	7.09884145087834e-07	5.359056806002144e-06	0.002465166130760986
H04	H10	10	162	358	45512	7.179857788685328e-07	5.359056806002144e-06	0.0024705251875669883
J02	L22	27	650	640	45512	7.825194031277077e-07	5.359056806002144e-06	0.0024758842443729904
E86	J03	93	1527	1645	45512	8.280072219665426e-07	5.359056806002144e-06	0.002481243301178993
D69	G91	10	398	149	45512	8.676813539819019e-07	5.359056806002144e-06	0.002486602357984995
E45	K21	6	49	301	45512	8.765915242215478e-07	5.359056806002144e-06	0.002491961414790997
J15	J45	27	757	556	45512	9.71329217903735e-07	5.359056806002144e-06	0.0024973204715969992
B37	D64	18	790	263	45512	1.0099918722321809e-06	5.359056806002144e-06	0.0025026795284030013
F98	K59	19	219	1056	45512	1.0399498575460367e-06	5.359056806002144e-06	0.0025080385852090034
E45	F83	6	49	314	45512	1.1202267390154558e-06	5.359056806002144e-06	0.0025133976420150055
J04	J06	86	803	2862	45512	1.1427004932358392e-06	5.359056806002144e-06	0.0025187566988210076
H66	J00	56	1107	1160	45512	1.2680416176006673e-06	5.359056806002144e-06	0.0025241157556270097
J00	B08	36	1160	582	45512	1.2999293919972418e-06	5.359056806002144e-06	0.0025294748124330122
L22	B09	9	640	77	45512	1.4012387784864284e-06	5.359056806002144e-06	0.0025348338692390143
F89	G82	6	146	108	45512	1.4368281951362019e-06	5.359056806002144e-06	0.0025401929260450164
J15	L22	29	757	640	45512	1.5574504329237787e-06	5.359056806002144e-06	0.0025455519828510185
J06	J18	165	2862	1822	45512	1.5907190061135219e-06	5.359056806002144e-06	0.0025509110396570206
D64	K21	11	263	301	45512	1.7062202514670537e-06	5.359056806002144e-06	0.0025562700964630227
G82	K92	6	108	152	45512	1.8161837777956083e-06	5.359056806002144e-06	0.002561629153269025
B96	A41	6	81	205	45512	1.9013784608829424e-06	5.359056806002144e-06	0.002566988210075027
D69	H91	9	398	127	45512	1.9531911826303392e-06	5.359056806002144e-06	0.002572347266881029
C91	B00	8	94	403	45512	2.0210925491276898e-06	5.359056806002144e-06	0.0025777063236870315
A04	K29	7	301	90	45512	2.412263562086554e-06	5.359056806002144e-06	0.0025830653804930336
A49	E86	22	209	1527	45512	2.502461719444982e-06	5.359056806002144e-06	0.0025884244372990357
N18	B99	6	23	817	45512	2.555364255496305e-06	5.359056806002144e-06	0.002593783494105038
B37	H66	42	790	1107	45512	2.6325824043778797e-06	5.359056806002144e-06	0.00259914255091104
L02	L03	10	263	256	45512	2.8126281541350796e-06	5.359056806002144e-06	0.002604501607717042
C71	F83	8	126	314	45512	2.913585352723638e-06	5.359056806002144e-06	0.002609860664523044
D64	K92	8	263	152	45512	3.197588313771275e-06	5.359056806002144e-06	0.002615219721329046
F89	G41	6	146	124	45512	3.2148404931014863e-06	5.359056806002144e-06	0.0026205787781350483
H65	H91	33	5132	127	45512	3.2219150846993008e-06	5.359056806002144e-06	0.002625937834941051
E86	L22	45	1527	640	45512	3.3224560164587108e-06	5.359056806002144e-06	0.002631296891747053
D64	G82	7	263	108	45512	3.3697571021050862e-06	5.359056806002144e-06	0.002636655948553055
D69	I27	6	398	47	45512	3.4162885307379227e-06	5.359056806002144e-06	0.002642015005359057
B37	J22	20	790	348	45512	3.838615147247534e-06	5.359056806002144e-06	0.002647374062165059
E30	E66	7	107	272	45512	3.949900747541683e-06	5.359056806002144e-06	0.0026527331189710613
J45	J96	23	556	628	45512	3.991497040140071e-06	5.359056806002144e-06	0.0026580921757770634
N20	N39	9	24	2617	45512	4.0202730924362775e-06	5.359056806002144e-06	0.0026634512325830655
J44	J45	22	585	556	45512	4.24921578147496e-06	5.359056806002144e-06	0.0026688102893890676
B37	K76	9	790	72	45512	4.385246790002289e-06	5.359056806002144e-06	0.00267416934619507
H49	J96	6	32	628	45512	4.500679091607916e-06	5.359056806002144e-06	0.002679528403001072
F43	F50	6	198	98	45512	4.743128409191522e-06	5.359056806002144e-06	0.0026848874598070743
G82	H50	9	108	525	45512	4.807590373393695e-06	5.359056806002144e-06	0.0026902465166130764
B99	A41	15	817	205	45512	5.25088712528255e-06	5.359056806002144e-06	0.0026956055734190785
A41	A49	8	205	209	45512	5.376009650985527e-06	5.359056806002144e-06	0.0027009646302250806
L03	B01	9	256	223	45512	5.495438667109368e-06	5.359056806002144e-06	0.0027063236870310827
L20	B00	12	268	403	45512	5.779841829316732e-06	5.359056806002144e-06	0.002711682743837085
H10	L01	7	358	87	45512	5.9855085322189095e-06	5.359056806002144e-06	0.002717041800643087
N10	B96	8	545	81	45512	6.0048285899237385e-06	5.359056806002144e-06	0.0027224008574490894
J04	J38	22	803	416	45512	6.330173451085332e-06	5.359056806002144e-06	0.0027277599142550915
B37	K21	18	790	301	45512	6.724863266305022e-06	5.359056806002144e-06	0.0027331189710610936
J06	J11	23	2862	131	45512	7.0625102194715835e-06	5.359056806002144e-06	0.0027384780278670957
B37	L30	8	790	58	45512	7.090003045882323e-06	5.359056806002144e-06	0.002743837084673098
B37	A08	95	790	3467	45512	7.229538240445773e-06	5.359056806002144e-06	0.0027491961414791
E03	G40	11	82	1162	45512	7.667239788208867e-06	5.359056806002144e-06	0.002754555198285102
J34	J35	19	34	9504	45512	8.085300692693666e-06	5.359056806002144e-06	0.002759914255091104
F50	F98	6	98	219	45512	8.4370580823432e-06	5.359056806002144e-06	0.002765273311897106
E63	G40	7	30	1162	45512	8.456061784707037e-06	5.359056806002144e-06	0.0027706323687031087
G40	M41	10	1162	68	45512	8.601283635708637e-06	5.359056806002144e-06	0.002775991425509111
D64	H10	11	263	358	45512	8.876498721840624e-06	5.359056806002144e-06	0.002781350482315113
J44	J96	23	585	628	45512	9.086045996873329e-06	5.359056806002144e-06	0.002786709539121115
D64	D68	6	263	83	45512	9.14712791705766e-06	5.359056806002144e-06	0.002792068595927117
A37	J06	15	65	2862	45512	9.45217807492239e-06	5.359056806002144e-06	0.002797427652733119
J20	L85	7	3180	13	45512	9.513707214001811e-06	5.359056806002144e-06	0.0028027867095391213
J15	J18	56	757	1822	45512	9.759863321480772e-06	5.359056806002144e-06	0.0028081457663451234
B37	B00	21	790	403	45512	9.989850641010659e-06	5.359056806002144e-06	0.0028135048231511255
A49	E84	6	209	106	45512	1.0160481649132407e-05	5.359056806002144e-06	0.002818863879957128
H91	J96	10	127	628	45512	1.1481107893146178e-05	5.359056806002144e-06	0.00282422293676313
D50	K21	10	264	301	45512	1.202276093664082e-05	5.359056806002144e-06	0.002829581993569132
N32	K59	8	48	1056	45512	1.3559370638782972e-05	5.359056806002144e-06	0.0028349410503751343
G25	G40	8	44	1162	45512	1.3812179951939227e-05	5.359056806002144e-06	0.0028403001071811364
J18	M41	12	1822	68	45512	1.4863644781816179e-05	5.359056806002144e-06	0.0028456591639871385
E66	J15	16	272	757	45512	1.571309446606194e-05	5.359056806002144e-06	0.0028510182207931406
N13	A41	13	686	205	45512	1.6248890326988957e-05	5.359056806002144e-06	0.0028563772775991427
B99	E71	6	817	31	45512	1.649173023217826e-05	5.359056806002144e-06	0.0028617363344051448
D64	F83	10	263	314	45512	1.673962472662778e-05	5.359056806002144e-06	0.0028670953912111473
D50	J00	20	264	1160	45512	1.726272647326447e-05	5.359056806002144e-06	0.0028724544480171494
B96	J18	13	81	1822	45512	1.925910533955147e-05	5.359056806002144e-06	0.0028778135048231515
E74	E87	6	77	326	45512	1.994450363606801e-05	5.359056806002144e-06	0.0028831725616291536
D50	J96	14	264	628	45512	2.1692224552935753e-05	5.359056806002144e-06	0.0028885316184351557
B99	J22	19	817	348	45512	2.169716704823566e-05	5.359056806002144e-06	0.002893890675241158
D64	K52	15	263	718	45512	2.2415375315457767e-05	5.359056806002144e-06	0.00289924973204716
D64	J98	13	263	553	45512	2.3795247823096857e-05	5.359056806002144e-06	0.002904608788853162
H73	J02	6	41	650	45512	2.437485595870505e-05	5.359056806002144e-06	0.002909967845659164
D64	K12	9	263	263	45512	2.5312225418465382e-05	5.359056806002144e-06	0.0029153269024651666
E10	J96	14	268	628	45512	2.56036782761301e-05	5.359056806002144e-06	0.0029206859592711687
F82	K21	6	87	301	45512	2.5648689321233532e-05	5.359056806002144e-06	0.002926045016077171
A08	L22	78	3467	640	45512	2.8766622473812257e-05	5.359056806002144e-06	0.002931404072883173
G47	J96	15	307	628	45512	2.8958749095955052e-05	5.359056806002144e-06	0.002936763129689175
J06	J98	60	2862	553	45512	3.050286763677623e-05	5.359056806002144e-06	0.002942122186495177
J02	J03	45	650	1645	45512	3.0751472853470725e-05	5.359056806002144e-06	0.002947481243301179
G93	K21	6	90	301	45512	3.1103601801413454e-05	5.359056806002144e-06	0.0029528403001071813
B97	J31	6	64	428	45512	3.1588905498237904e-05	5.359056806002144e-06	0.0029581993569131834
B27	L04	6	163	168	45512	3.402457214673929e-05	5.359056806002144e-06	0.002963558413719186
K35	K36	8	743	76	45512	3.44821998455398e-05	5.359056806002144e-06	0.002968917470525188
D69	K76	6	398	72	45512	4.1360042856799236e-05	5.359056806002144e-06	0.00297427652733119
D50	J15	15	264	757	45512	4.27337775776112e-05	5.359056806002144e-06	0.002979635584137192
H65	H72	13	5132	34	45512	4.3668132249175196e-05	5.359056806002144e-06	0.0029849946409431943
N76	E66	7	155	272	45512	4.415136572711771e-05	5.359056806002144e-06	0.0029903536977491964
N76	J00	14	155	1160	45512	4.6841878496346165e-05	5.359056806002144e-06	0.0029957127545551985
N39	L22	62	2617	640	45512	4.802815218827912e-05	5.359056806002144e-06	0.0030010718113612006
J98	L50	14	553	324	45512	5.110224674990146e-05	5.359056806002144e-06	0.0030064308681672027
B34	B09	8	777	77	45512	5.1913491260999486e-05	5.359056806002144e-06	0.003011789924973205
J40	J44	14	311	585	45512	5.996684416585337e-05	5.359056806002144e-06	0.0030171489817792073
J42	J96	6	50	628	45512	6.394897147809945e-05	5.359056806002144e-06	0.0030225080385852094
G91	K21	7	149	301	45512	6.497706517685951e-05	5.359056806002144e-06	0.0030278670953912115
B37	D50	15	790	264	45512	6.88439176122498e-05	5.359056806002144e-06	0.0030332261521972136
H65	H71	14	5132	40	45512	7.01243749186345e-05	5.359056806002144e-06	0.0030385852090032157
G40	I42	7	1162	41	45512	7.312582054700133e-05	5.359056806002144e-06	0.0030439442658092178
E34	F83	8	198	314	45512	7.680299137565819e-05	5.359056806002144e-06	0.00304930332261522
K56	K92	7	304	152	45512	7.836961856794946e-05	5.359056806002144e-06	0.003054662379421222
G40	M24	6	1162	29	45512	7.851307259706261e-05	5.359056806002144e-06	0.0030600214362272245
J03	J06	142	1645	2862	45512	8.437180192984926e-05	5.359056806002144e-06	0.0030653804930332266
N76	J02	10	155	650	45512	8.477660443185711e-05	5.359056806002144e-06	0.0030707395498392287
B27	I88	8	163	391	45512	9.020305958016828e-05	5.359056806002144e-06	0.0030760986066452308
N76	B37	11	155	790	45512	9.070036648931194e-05	5.359056806002144e-06	0.003081457663451233
G80	H50	9	157	525	45512	9.457465602000335e-05	5.359056806002144e-06	0.003086816720257235
D48	D64	6	126	263	45512	9.705223305654926e-05	5.359056806002144e-06	0.003092175777063237
I88	L02	10	391	263	45512	0.0001049309123543559	5.359056806002144e-06	0.003097534833869239
J03	J36	9	1645	53	45512	0.00010861754715772811	5.359056806002144e-06	0.0031028938906752413
J12	J96	12	233	628	45512	0.00010895237108102764	5.359056806002144e-06	0.003108252947481244
D61	J96	6	55	628	45512	0.00011005968222816036	5.359056806002144e-06	0.003113612004287246
G40	H53	11	1162	109	45512	0.00011254144467868184	5.359056806002144e-06	0.003118971061093248
H65	J39	22	5132	84	45512	0.00011660188777978476	5.359056806002144e-06	0.00312433011789925
E45	J18	9	49	1822	45512	0.00012494091388906805	5.359056806002144e-06	0.003129689174705252
L20	L22	13	268	640	45512	0.0001256642041319539	5.359056806002144e-06	0.0031350482315112543
A38	J02	8	104	650	45512	0.0001283208016457793	5.359056806002144e-06	0.0031404072883172564
B07	B08	10	182	582	45512	0.0001300427748823176	5.359056806002144e-06	0.0031457663451232585
J20	J42	12	3180	50	45512	0.00013190133260249594	5.359056806002144e-06	0.0031511254019292606
D64	B00	10	263	403	45512	0.00013415028214721803	5.359056806002144e-06	0.003156484458735263
J00	L21	6	1160	32	45512	0.00013900297874258751	5.359056806002144e-06	0.003161843515541265
G40	H47	6	1162	32	45512	0.00014031144845795968	5.359056806002144e-06	0.0031725616291532694
D43	G40	6	32	1162	45512	0.00014031144845795968	5.359056806002144e-06	0.0031672025723472673
D80	J15	6	48	757	45512	0.0001405822618412746	5.359056806002144e-06	0.0031779206859592715
A37	J98	6	65	553	45512	0.00014096672896966308	5.359056806002144e-06	0.0031832797427652736
E03	J96	7	82	628	45512	0.00014316186106332518	5.359056806002144e-06	0.0031886387995712757
J13	J18	10	61	1822	45512	0.00014420712259532526	5.359056806002144e-06	0.0031939978563772778
A37	J21	8	65	1080	45512	0.00014944453893956636	5.359056806002144e-06	0.00319935691318328
F83	F98	8	314	219	45512	0.00015405149110194583	5.359056806002144e-06	0.0032047159699892824
D68	J96	7	83	628	45512	0.00015450728166421999	5.359056806002144e-06	0.0032100750267952845
J39	J96	7	84	628	45512	0.00016656958791508902	5.359056806002144e-06	0.0032154340836012866
J96	K90	11	628	210	45512	0.00018009890388155365	5.359056806002144e-06	0.0032207931404072887
F83	J18	27	314	1822	45512	0.00018279150961959286	5.359056806002144e-06	0.0032261521972132908
E73	K59	7	52	1056	45512	0.00019114350438668038	5.359056806002144e-06	0.003231511254019293
J45	J98	18	556	553	45512	0.00019147704224648494	5.359056806002144e-06	0.003236870310825295
D64	G51	6	263	143	45512	0.00019395462526688154	5.359056806002144e-06	0.003242229367631297
D18	K21	11	444	301	45512	0.00020670650094463692	5.359056806002144e-06	0.003247588424437299
F82	J96	7	87	628	45512	0.0002073966685009891	5.359056806002144e-06	0.0032529474812433017
J44	L20	12	585	268	45512	0.00020817559886467696	5.359056806002144e-06	0.0032583065380493038
D64	F89	6	263	146	45512	0.0002170288088824093	5.359056806002144e-06	0.003263665594855306
D69	G81	6	398	98	45512	0.00023032235353515016	5.359056806002144e-06	0.003269024651661308
L01	L22	7	87	640	45512	0.0002326130779836432	5.359056806002144e-06	0.00327438370846731
E45	G40	7	49	1162	45512	0.00023404100611939892	5.359056806002144e-06	0.003279742765273312
G04	G40	6	35	1162	45512	0.00023546162523318027	5.359056806002144e-06	0.0032851018220793143
K59	K92	12	1056	152	45512	0.00023883395241831447	5.359056806002144e-06	0.0032904608788853163
N30	N39	18	123	2617	45512	0.00024013957209293775	5.359056806002144e-06	0.0032958199356913184
A04	E86	23	301	1527	45512	0.00024159079802057374	5.359056806002144e-06	0.003301178992497321
D70	F83	6	125	314	45512	0.00024241197492224585	5.359056806002144e-06	0.003306538049303323
D50	K92	6	264	152	45512	0.0002751606232606264	5.359056806002144e-06	0.003311897106109325
B37	B99	29	790	817	45512	0.0002767581651691981	5.359056806002144e-06	0.0033172561629153273
J06	B09	14	2862	77	45512	0.00028817770019670284	5.359056806002144e-06	0.0033226152197213294
J31	J45	15	428	556	45512	0.0002970170791524658	5.359056806002144e-06	0.0033279742765273315
A04	I88	10	301	391	45512	0.00031074367005071466	5.359056806002144e-06	0.0033333333333333335
G80	J15	10	157	757	45512	0.0003198375622967526	5.359056806002144e-06	0.0033386923901393356
J18	J40	26	1822	311	45512	0.0003679003059977487	5.359056806002144e-06	0.0033440514469453377
G40	G71	6	1162	38	45512	0.0003752361149204836	5.359056806002144e-06	0.0033494105037513403
E87	J03	25	326	1645	45512	0.0003829615055573477	5.359056806002144e-06	0.0033547695605573424
D80	J20	11	48	3180	45512	0.0003839866007768013	5.359056806002144e-06	0.0033601286173633445
G47	H90	10	307	394	45512	0.0003852840678026986	5.359056806002144e-06	0.0033654876741693466
K52	K56	14	718	304	45512	0.00038770225425550627	5.359056806002144e-06	0.0033708467309753487
G82	J18	13	108	1822	45512	0.0003896873081251598	5.359056806002144e-06	0.0033762057877813507
J15	J44	22	757	585	45512	0.00039260966642228214	5.359056806002144e-06	0.003381564844587353
H66	J31	23	1107	428	45512	0.00039274719250297394	5.359056806002144e-06	0.003386923901393355
J12	J31	9	233	428	45512	0.0003972234602429389	5.359056806002144e-06	0.003392282958199357
E71	A09	9	31	3519	45512	0.00041067725680305823	5.359056806002144e-06	0.0033976420150053596
J03	L04	16	1645	168	45512	0.00041794499417205713	5.359056806002144e-06	0.0034030010718113617
H60	H66	8	74	1107	45512	0.0004357029898396125	5.359056806002144e-06	0.0034083601286173638
F89	K21	6	146	301	45512	0.0004448978809355402	5.359056806002144e-06	0.003413719185423366
B99	B09	7	817	77	45512	0.0004738721337348376	5.359056806002144e-06	0.003419078242229368
J04	J40	15	803	311	45512	0.0004811777663699264	5.359056806002144e-06	0.00342443729903537
J00	A09	121	1160	3519	45512	0.0004988032309535742	5.359056806002144e-06	0.003429796355841372
J02	J31	16	650	428	45512	0.0005147312299574495	5.359056806002144e-06	0.0034351554126473742
E71	J06	8	31	2862	45512	0.0005168370961930229	5.359056806002144e-06	0.0034405144694533763
D18	J96	16	444	628	45512	0.0005280712449532713	5.359056806002144e-06	0.003445873526259379
N39	K59	87	2617	1056	45512	0.000529045463002909	5.359056806002144e-06	0.003451232583065381
J13	J15	6	61	757	45512	0.0005299756055788842	5.359056806002144e-06	0.003456591639871383
J22	K21	9	348	301	45512	0.0005686693981093233	5.359056806002144e-06	0.003461950696677385
N13	N30	8	686	123	45512	0.0005770199776671697	5.359056806002144e-06	0.0034673097534833872
G80	J18	16	157	1822	45512	0.0005940407581721665	5.359056806002144e-06	0.0034726688102893893
N13	N76	9	686	155	45512	0.0006097871622165616	5.359056806002144e-06	0.0034780278670953914
H65	H66	160	5132	1107	45512	0.0006207493611286698	5.359056806002144e-06	0.0034833869239013935
D64	E86	20	263	1527	45512	0.0006320780920598332	5.359056806002144e-06	0.0034887459807073956
F82	J15	7	87	757	45512	0.0006331012071868932	5.359056806002144e-06	0.003494105037513398
H10	J18	28	358	1822	45512	0.0006480462899688406	5.359056806002144e-06	0.0034994640943194003
H66	J13	7	1107	61	45512	0.0006873083487142478	5.359056806002144e-06	0.0035048231511254023
N10	J06	54	545	2862	45512	0.0006959907330848754	5.359056806002144e-06	0.0035101822079314044
G47	G80	6	307	157	45512	0.0007229031679757051	5.359056806002144e-06	0.0035155412647374065
J44	L22	19	585	640	45512	0.0007437130462708475	5.359056806002144e-06	0.0035209003215434086
E86	B08	35	1527	582	45512	0.0007489598621462832	5.359056806002144e-06	0.0035262593783494107
E10	E87	8	268	326	45512	0.0007578957424335262	5.359056806002144e-06	0.003531618435155413
B37	K12	13	790	263	45512	0.000770653312635162	5.359056806002144e-06	0.003536977491961415
J18	J42	8	1822	50	45512	0.0007786195983434469	5.359056806002144e-06	0.0035423365487674175
G41	J98	7	124	553	45512	0.0008341860278112886	5.359056806002144e-06	0.0035476956055734195
D69	B01	8	398	223	45512	0.0008353277014213795	5.359056806002144e-06	0.0035530546623794216
N10	L22	18	545	640	45512	0.0008391406219840067	5.359056806002144e-06	0.0035584137191854237
H65	H68	10	5132	29	45512	0.0008664302431421768	5.359056806002144e-06	0.003563772775991426
G51	J96	8	143	628	45512	0.0008766707756614555	5.359056806002144e-06	0.003569131832797428
E45	K59	6	49	1056	45512	0.0009186072614276198	5.359056806002144e-06	0.00357449088960343
J15	M41	6	757	68	45512	0.0009472237365089491	5.359056806002144e-06	0.003579849946409432
K52	K76	6	718	72	45512	0.0009758174388779477	5.359056806002144e-06	0.0035852090032154342
G44	J06	12	68	2862	45512	0.0010077967217168025	5.359056806002144e-06	0.0035905680600214368
J16	J20	8	31	3180	45512	0.0010356974327792368	5.359056806002144e-06	0.003595927116827439
F84	J15	7	95	757	45512	0.0010683742758117363	5.359056806002144e-06	0.003601286173633441
N13	B37	24	686	790	45512	0.00109093700616494	5.359056806002144e-06	0.003606645230439443
L03	L22	11	256	640	45512	0.0011055082931738737	5.359056806002144e-06	0.003612004287245445
J12	J18	20	233	1822	45512	0.0012042042882339805	5.359056806002144e-06	0.0036173633440514472
J31	L22	15	428	640	45512	0.0012392928565645787	5.359056806002144e-06	0.0036227224008574493
D50	H10	8	264	358	45512	0.0012519031647577777	5.359056806002144e-06	0.0036280814576634514
N10	N31	6	545	99	45512	0.001256059218510209	5.359056806002144e-06	0.0036334405144694535
J06	A08	261	2862	3467	45512	0.00125860777038495	5.359056806002144e-06	0.003638799571275456
J20	J41	7	3180	25	45512	0.0012642483287358364	5.359056806002144e-06	0.003644158628081458
J16	J18	6	31	1822	45512	0.0012698462405616386	5.359056806002144e-06	0.0036495176848874602
N12	B99	8	117	817	45512	0.0012765710555409503	5.359056806002144e-06	0.0036548767416934623
I27	J20	10	47	3180	45512	0.0012943399131513105	5.359056806002144e-06	0.0036602357984994644
D50	A41	6	264	205	45512	0.0013182902031993943	5.359056806002144e-06	0.0036655948553054665
B37	K92	9	790	152	45512	0.0014194591689861119	5.359056806002144e-06	0.0036709539121114686
D50	K59	15	264	1056	45512	0.0014210687702177788	5.359056806002144e-06	0.0036763129689174707
D64	A49	6	263	209	45512	0.0014266932694840713	5.359056806002144e-06	0.003681672025723473
N13	B96	6	686	81	45512	0.001430156572646496	5.359056806002144e-06	0.0036870310825294753
D64	K90	6	263	210	45512	0.001461679568016947	5.359056806002144e-06	0.0036923901393354774
H93	J06	6	21	2862	45512	0.0014675119020251504	5.359056806002144e-06	0.0036977491961414795
B99	A49	11	817	209	45512	0.0015090144075304093	5.359056806002144e-06	0.0037031082529474816
B34	D69	16	777	398	45512	0.0015406825603136386	5.359056806002144e-06	0.0037084673097534837
N18	N39	6	23	2617	45512	0.001551945210503839	5.359056806002144e-06	0.003713826366559486
J21	J31	21	1080	428	45512	0.0015704571838875865	5.359056806002144e-06	0.003719185423365488
J20	J69	8	3180	33	45512	0.001608476557222722	5.359056806002144e-06	0.00372454448017149
H10	J98	12	358	553	45512	0.001612325471361835	5.359056806002144e-06	0.003729903536977492
K35	K56	13	743	304	45512	0.0016427280761368917	5.359056806002144e-06	0.0037352625937834946
D64	J15	12	263	757	45512	0.0016638283714287237	5.359056806002144e-06	0.0037406216505894967
J06	J20	240	2862	3180	45512	0.0017248188946830739	5.359056806002144e-06	0.003745980707395499
D50	J20	32	264	3180	45512	0.0017288160117527789	5.359056806002144e-06	0.003751339764201501
B34	L22	22	777	640	45512	0.0017451561657000764	5.359056806002144e-06	0.003756698821007503
J00	L50	18	1160	324	45512	0.0018493132070599063	5.359056806002144e-06	0.003762057877813505
G40	K92	11	1162	152	45512	0.0018925532806904014	5.359056806002144e-06	0.003767416934619507
J44	K21	11	585	301	45512	0.0019628925601661105	5.359056806002144e-06	0.0037727759914255093
D69	J02	14	398	650	45512	0.001978216125830818	5.359056806002144e-06	0.0037781350482315114
E88	J06	9	46	2862	45512	0.0020034512993160366	5.359056806002144e-06	0.003783494105037514
B97	J06	11	64	2862	45512	0.0020097035829769075	5.359056806002144e-06	0.003788853161843516
J22	J44	12	348	585	45512	0.002028051382723468	5.359056806002144e-06	0.003794212218649518
E66	J45	10	272	556	45512	0.002060166856816813	5.359056806002144e-06	0.0037995712754555202
J20	J40	36	3180	311	45512	0.002091448350765531	5.359056806002144e-06	0.0038049303322615223
D68	J35	29	83	9504	45512	0.002127778929213021	5.359056806002144e-06	0.0038102893890675244
B99	I88	16	817	391	45512	0.0021282884696057734	5.359056806002144e-06	0.0038156484458735265
H66	J03	59	1107	1645	45512	0.002168651918354327	5.359056806002144e-06	0.0038210075026795286
I88	K59	19	391	1056	45512	0.002224906305418478	5.359056806002144e-06	0.0038263665594855307
D50	H66	15	264	1107	45512	0.002233507246439173	5.359056806002144e-06	0.0038317256162915332
L02	B08	10	263	582	45512	0.0022438775140284552	5.359056806002144e-06	0.0038370846730975353
J05	J20	19	133	3180	45512	0.002302112885410802	5.359056806002144e-06	0.0038424437299035374
B00	B08	13	403	582	45512	0.0023042529593846443	5.359056806002144e-06	0.0038478027867095395
G40	J15	33	1162	757	45512	0.002325457742849946	5.359056806002144e-06	0.0038531618435155416
N30	K59	9	123	1056	45512	0.002353373488748502	5.359056806002144e-06	0.0038585209003215437
J31	K21	9	428	301	45512	0.002370368277529968	5.359056806002144e-06	0.003863879957127546
J06	J40	33	2862	311	45512	0.002411591040337243	5.359056806002144e-06	0.003869239013933548
F43	K59	12	198	1056	45512	0.002422236140629422	5.359056806002144e-06	0.00387459807073955
D69	E87	9	398	326	45512	0.00248799598894161	5.359056806002144e-06	0.0038799571275455525
B37	E86	42	790	1527	45512	0.0025724291009227157	5.359056806002144e-06	0.0038853161843515546
B37	J02	22	790	650	45512	0.002576582301707102	5.359056806002144e-06	0.0038906752411575567
N39	J00	90	2617	1160	45512	0.002582805325799213	5.359056806002144e-06	0.003896034297963559
J04	L22	22	803	640	45512	0.0026011840365037795	5.359056806002144e-06	0.003901393354769561
A49	J96	9	209	628	45512	0.0026469797103343697	5.359056806002144e-06	0.003906752411575563
A41	K56	6	205	304	45512	0.002672519670238091	5.359056806002144e-06	0.0039121114683815655
E86	J96	35	1527	628	45512	0.00267416239476526	5.359056806002144e-06	0.003917470525187567
B34	B37	25	777	790	45512	0.0026763720885064064	5.359056806002144e-06	0.00392282958199357
N39	D64	27	2617	263	45512	0.0026856475907977065	5.359056806002144e-06	0.003928188638799571
N39	D50	27	2617	264	45512	0.0028315151219524826	5.359056806002144e-06	0.003933547695605574
K21	K90	6	301	210	45512	0.0028667488081182513	5.359056806002144e-06	0.003938906752411576
B37	B96	6	790	81	45512	0.0028924923152104268	5.359056806002144e-06	0.003944265809217578
K52	K92	8	718	152	45512	0.002970657933113331	5.359056806002144e-06	0.003949624866023581
H10	J15	14	358	757	45512	0.0029895275572224705	5.359056806002144e-06	0.003954983922829582
F83	K59	16	314	1056	45512	0.0030165754319695245	5.359056806002144e-06	0.003960342979635585
B99	D64	12	817	263	45512	0.0030942062247562	5.359056806002144e-06	0.0039657020364415865
J00	J04	34	1160	803	45512	0.003101894345274427	5.359056806002144e-06	0.003971061093247589
J10	J20	18	127	3180	45512	0.003224985074913334	5.359056806002144e-06	0.003976420150053591
K76	A09	13	72	3519	45512	0.003260452197659571	5.359056806002144e-06	0.003981779206859593
A04	K52	12	301	718	45512	0.00326594707648344	5.359056806002144e-06	0.003987138263665595
A49	J02	9	209	650	45512	0.0033192257520104607	5.359056806002144e-06	0.003992497320471597
D50	K52	11	264	718	45512	0.0034172538562050707	5.359056806002144e-06	0.0039978563772776
C71	H50	6	126	525	45512	0.0035200356688707057	5.359056806002144e-06	0.004003215434083602
F98	K21	6	219	301	45512	0.003521798518944591	5.359056806002144e-06	0.004008574490889604
J20	J98	56	3180	553	45512	0.00355187296059634	5.359056806002144e-06	0.004013933547695606
B99	H66	33	817	1107	45512	0.0035607582045923754	5.359056806002144e-06	0.004019292604501608
F98	J96	9	219	628	45512	0.0036050865387090396	5.359056806002144e-06	0.00402465166130761
H52	J96	6	107	628	45512	0.003760590593096795	5.359056806002144e-06	0.0040300107181136125
E16	G40	10	143	1162	45512	0.003819255062256936	5.359056806002144e-06	0.004035369774919614
E16	J06	18	143	2862	45512	0.003859469100436688	5.359056806002144e-06	0.004040728831725617
