ICD1	ICD2	val11	occ1	occ2	NN	pval	bonf_thresh	fdr_thresh
J32	J34	446	818	2778	48308	0.0	5.73394495412844e-06	5.73394495412844e-06
N13	N20	324	477	971	48308	0.0	5.73394495412844e-06	1.146788990825688e-05
F11	F13	351	756	539	48308	0.0	5.73394495412844e-06	1.720183486238532e-05
J34	M95	358	2778	512	48308	1.5e-323	5.73394495412844e-06	2.293577981651376e-05
N20	N23	214	971	361	48308	4.2776959684890705e-271	5.73394495412844e-06	2.8669724770642203e-05
K21	K44	194	630	436	48308	6.219031995059933e-253	5.73394495412844e-06	3.440366972477064e-05
K21	K29	255	630	1341	48308	3.8102738764059034e-229	5.73394495412844e-06	4.013761467889908e-05
B18	F11	174	425	756	48308	5.591515244939786e-202	5.73394495412844e-06	4.587155963302752e-05
K29	K44	201	1341	436	48308	1.8217787578525528e-193	5.73394495412844e-06	5.1605504587155965e-05
E66	I10	198	769	856	48308	1.618886574289492e-172	5.73394495412844e-06	5.733944954128441e-05
F19	F32	263	1254	1204	48308	5.690156744141228e-166	5.73394495412844e-06	6.307339449541284e-05
F11	F19	216	756	1254	48308	9.108118996495508e-162	5.73394495412844e-06	6.880733944954128e-05
B18	F19	162	425	1254	48308	1.4831128318886219e-143	5.73394495412844e-06	7.454128440366973e-05
M51	M54	188	769	1045	48308	1.2801169716741867e-141	5.73394495412844e-06	8.027522935779816e-05
F11	F12	151	756	572	48308	1.3782829342326017e-140	5.73394495412844e-06	8.600917431192661e-05
B18	F13	124	425	539	48308	1.6868172307134759e-140	5.73394495412844e-06	9.174311926605505e-05
F12	F13	132	572	539	48308	8.308982480351401e-135	5.73394495412844e-06	9.747706422018348e-05
F13	F19	168	539	1254	48308	5.921958279901931e-132	5.73394495412844e-06	0.00010321100917431193
N13	N23	107	477	361	48308	9.363036578231782e-128	5.73394495412844e-06	0.00010894495412844036
F32	F60	161	1204	680	48308	2.303266316962905e-108	5.73394495412844e-06	0.00011467889908256881
F10	F12	196	2466	572	48308	6.603053661578582e-107	5.73394495412844e-06	0.00012041284403669725
F12	F20	128	572	806	48308	7.031533191660552e-105	5.73394495412844e-06	0.00012614678899082568
E78	I10	128	563	856	48308	2.1747154392156956e-102	5.73394495412844e-06	0.00013188073394495412
H91	H93	82	302	392	48308	2.653259084325811e-101	5.73394495412844e-06	0.00013761467889908255
F10	K70	85	2466	95	48308	2.2967301942180628e-98	5.73394495412844e-06	0.00014334862385321102
F10	F43	275	2466	1249	48308	4.269339982178764e-98	5.73394495412844e-06	0.00014908256880733945
F10	F60	201	2466	680	48308	4.194634755880819e-96	5.73394495412844e-06	0.0001548165137614679
F11	F17	161	756	1322	48308	2.3081219847027327e-94	5.73394495412844e-06	0.00016055045871559632
C62	C77	44	218	61	48308	3.043203314702176e-91	5.73394495412844e-06	0.00016628440366972476
F19	F60	146	1254	680	48308	3.5403241392199654e-89	5.73394495412844e-06	0.00017201834862385322
E66	E78	113	769	563	48308	4.564430548755773e-89	5.73394495412844e-06	0.00017775229357798166
M23	M94	96	2012	169	48308	1.7139645844373433e-86	5.73394495412844e-06	0.0001834862385321101
F13	F17	132	539	1322	48308	2.2529055679918048e-85	5.73394495412844e-06	0.00018922018348623853
C62	D40	44	218	88	48308	1.352595709588842e-80	5.73394495412844e-06	0.00019495412844036696
F33	F60	93	446	680	48308	9.028994388931981e-80	5.73394495412844e-06	0.00020068807339449542
F11	F14	57	756	93	48308	6.624432386482715e-79	5.73394495412844e-06	0.00020642201834862386
F32	F33	111	1204	446	48308	6.463199191312041e-77	5.73394495412844e-06	0.0002121559633027523
F43	F60	133	1249	680	48308	5.838150431090567e-76	5.73394495412844e-06	0.00021788990825688073
N47	N48	97	1224	359	48308	3.035339985552825e-70	5.73394495412844e-06	0.00022362385321100917
K02	K08	45	238	148	48308	2.5209489544365376e-68	5.73394495412844e-06	0.00022935779816513763
F10	F32	228	2466	1204	48308	7.2928394523520104e-68	5.73394495412844e-06	0.00023509174311926606
F10	F13	149	2466	539	48308	7.438835535547644e-67	5.73394495412844e-06	0.0002408256880733945
G55	M51	40	47	769	48308	2.446352327330025e-65	5.73394495412844e-06	0.00024655963302752296
F12	F19	111	572	1254	48308	8.637945213894666e-63	5.73394495412844e-06	0.00025229357798165137
N18	I10	55	125	856	48308	3.170526352543887e-62	5.73394495412844e-06	0.00025802752293577983
E78	F17	112	563	1322	48308	3.799012568881488e-62	5.73394495412844e-06	0.00026376146788990824
K60	K61	67	356	540	48308	4.848279872403338e-61	5.73394495412844e-06	0.0002694954128440367
F12	F14	43	572	93	48308	1.0596868102078905e-57	5.73394495412844e-06	0.0002752293577981651
E66	K76	72	769	367	48308	7.114837756803218e-56	5.73394495412844e-06	0.00028096330275229357
F12	F17	106	572	1322	48308	1.214429965589144e-55	5.73394495412844e-06	0.00028669724770642203
F32	F43	146	1204	1249	48308	3.391534823895934e-55	5.73394495412844e-06	0.00029243119266055044
F13	F14	41	539	93	48308	4.8228046650594235e-55	5.73394495412844e-06	0.0002981651376146789
B94	F32	33	33	1204	48308	7.954284385505703e-54	5.73394495412844e-06	0.0003038990825688073
B94	F19	33	33	1254	48308	3.1008180612589885e-53	5.73394495412844e-06	0.0003096330275229358
F10	F17	216	2466	1322	48308	7.254785260177961e-53	5.73394495412844e-06	0.00031536697247706424
F60	F61	57	680	236	48308	7.5732313644272e-53	5.73394495412844e-06	0.00032110091743119265
E66	F17	118	769	1322	48308	8.583323866885753e-53	5.73394495412844e-06	0.0003268348623853211
F12	F60	78	572	680	48308	3.746702238017871e-52	5.73394495412844e-06	0.0003325688073394495
K02	K04	38	238	169	48308	5.259043369289536e-52	5.73394495412844e-06	0.000338302752293578
F33	F61	49	446	236	48308	4.1915230662281624e-51	5.73394495412844e-06	0.00034403669724770644
E78	E79	44	563	136	48308	6.399274614587655e-51	5.73394495412844e-06	0.00034977064220183485
F10	F19	206	2466	1254	48308	8.630228758426257e-51	5.73394495412844e-06	0.0003555045871559633
I26	I80	31	124	156	48308	3.1352656651887547e-50	5.73394495412844e-06	0.0003612385321100917
F20	F23	68	806	365	48308	7.190324367300223e-50	5.73394495412844e-06	0.0003669724770642202
E78	K76	60	563	367	48308	8.97414054122879e-50	5.73394495412844e-06	0.00037270642201834864
F19	B17	48	1254	97	48308	1.195118486139981e-49	5.73394495412844e-06	0.00037844036697247705
B18	F32	83	425	1204	48308	1.1590411746119626e-48	5.73394495412844e-06	0.0003841743119266055
F12	F23	59	572	365	48308	3.001821162043027e-48	5.73394495412844e-06	0.0003899082568807339
J32	J33	47	818	137	48308	4.720322374249209e-48	5.73394495412844e-06	0.0003956422018348624
F13	F32	91	539	1204	48308	1.1040491636218903e-47	5.73394495412844e-06	0.00040137614678899085
H83	H93	37	131	392	48308	2.2194414677283242e-46	5.73394495412844e-06	0.00040711009174311926
M23	M25	90	2012	361	48308	8.106801502055795e-44	5.73394495412844e-06	0.0004128440366972477
I21	I25	18	40	57	48308	1.0824657774772212e-43	5.73394495412844e-06	0.0004185779816513761
I42	I50	18	68	35	48308	1.7782471356146096e-43	5.73394495412844e-06	0.0004243119266055046
F19	F20	105	1254	806	48308	2.1577441155150154e-42	5.73394495412844e-06	0.00043004587155963305
B18	F12	57	425	572	48308	5.6821528368088616e-42	5.73394495412844e-06	0.00043577981651376146
F32	F61	59	1204	236	48308	2.4185406242157615e-41	5.73394495412844e-06	0.0004415137614678899
K04	K12	31	169	211	48308	3.189449109987969e-41	5.73394495412844e-06	0.00044724770642201833
F10	F33	106	2466	446	48308	4.0225491350144983e-41	5.73394495412844e-06	0.0004529816513761468
E10	E16	23	260	45	48308	8.879150871710353e-41	5.73394495412844e-06	0.00045871559633027525
E66	G47	66	769	499	48308	5.6647464485782894e-40	5.73394495412844e-06	0.00046444954128440366
C71	D43	17	46	57	48308	2.004937462415762e-39	5.73394495412844e-06	0.0004701834862385321
M23	M65	74	2012	270	48308	2.727512830387878e-39	5.73394495412844e-06	0.00047591743119266053
D50	K50	31	105	406	48308	3.2366624243240356e-39	5.73394495412844e-06	0.000481651376146789
E11	E66	38	118	769	48308	7.176064536599762e-39	5.73394495412844e-06	0.0004873853211009174
D16	L05	78	307	2034	48308	1.943893213561793e-38	5.73394495412844e-06	0.0004931192660550459
F12	F32	82	572	1204	48308	1.3666750999297772e-37	5.73394495412844e-06	0.0004988532110091743
I84	K62	37	507	174	48308	3.9780891088963815e-37	5.73394495412844e-06	0.0005045871559633027
F17	I10	103	1322	856	48308	1.6883459608763414e-36	5.73394495412844e-06	0.0005103211009174312
K08	K12	27	148	211	48308	6.372673955340562e-36	5.73394495412844e-06	0.0005160550458715597
F41	F45	40	455	263	48308	8.151925129564779e-36	5.73394495412844e-06	0.0005217889908256881
K01	K07	42	351	394	48308	9.750225779421486e-36	5.73394495412844e-06	0.0005275229357798165
K01	K09	24	351	63	48308	2.5612910387862467e-35	5.73394495412844e-06	0.0005332568807339449
F32	F41	71	1204	455	48308	4.280284509972234e-35	5.73394495412844e-06	0.0005389908256880734
M22	M23	56	170	2012	48308	9.26845639572272e-35	5.73394495412844e-06	0.0005447247706422019
C62	C78	20	218	51	48308	3.442992959413314e-34	5.73394495412844e-06	0.0005504587155963302
F11	F32	89	756	1204	48308	5.924882267311059e-34	5.73394495412844e-06	0.0005561926605504587
N18	I15	15	125	28	48308	2.375786930255517e-32	5.73394495412844e-06	0.0005619266055045871
F17	F19	119	1322	1254	48308	4.600626848325883e-32	5.73394495412844e-06	0.0005676605504587156
F19	F61	51	1254	236	48308	9.88399704435462e-32	5.73394495412844e-06	0.0005733944954128441
E73	E74	13	60	31	48308	8.380943560944459e-31	5.73394495412844e-06	0.0005791284403669724
F10	F11	124	2466	756	48308	9.371883038343042e-31	5.73394495412844e-06	0.0005848623853211009
J34	J35	194	2778	1386	48308	1.0424269293323185e-30	5.73394495412844e-06	0.0005905963302752293
F11	B17	30	756	97	48308	1.434475027525183e-30	5.73394495412844e-06	0.0005963302752293578
F13	F60	55	539	680	48308	2.5035114127915643e-30	5.73394495412844e-06	0.0006020642201834863
I84	K60	41	507	356	48308	7.798658014946182e-30	5.73394495412844e-06	0.0006077981651376146
J03	J35	85	686	1386	48308	9.717990913908939e-30	5.73394495412844e-06	0.0006135321100917431
H90	H93	24	91	392	48308	1.1895830671082357e-29	5.73394495412844e-06	0.0006192660550458716
K04	K08	22	169	148	48308	1.474405260671298e-29	5.73394495412844e-06	0.000625
E66	E79	33	769	136	48308	2.1233419770413522e-29	5.73394495412844e-06	0.0006307339449541285
H66	H71	17	131	67	48308	2.369976224003682e-29	5.73394495412844e-06	0.0006364678899082568
I10	K76	50	856	367	48308	5.658879939763217e-29	5.73394495412844e-06	0.0006422018348623853
F43	F61	48	1249	236	48308	9.396359569953467e-29	5.73394495412844e-06	0.0006479357798165138
B18	F14	24	425	93	48308	1.5041155079985712e-28	5.73394495412844e-06	0.0006536697247706422
B18	F17	64	425	1322	48308	1.5171610554009472e-28	5.73394495412844e-06	0.0006594036697247707
C40	C41	10	21	27	48308	1.5560531840425197e-28	5.73394495412844e-06	0.000665137614678899
M42	M51	24	58	769	48308	3.7908323085281918e-28	5.73394495412844e-06	0.0006708715596330275
M42	M54	26	58	1045	48308	4.3585036242996805e-28	5.73394495412844e-06	0.000676605504587156
K01	K02	30	351	238	48308	5.617437972827995e-28	5.73394495412844e-06	0.0006823394495412844
F12	F33	45	572	446	48308	6.419569882492459e-28	5.73394495412844e-06	0.0006880733944954129
F72	K02	15	29	238	48308	1.1401192883373424e-27	5.73394495412844e-06	0.0006938073394495412
C83	C85	12	39	50	48308	1.3824939408999644e-27	5.73394495412844e-06	0.0006995412844036697
C77	C78	13	61	51	48308	2.413524812971732e-27	5.73394495412844e-06	0.0007052752293577982
F20	F60	62	806	680	48308	3.1729981091666914e-27	5.73394495412844e-06	0.0007110091743119266
K25	K29	35	112	1341	48308	3.616756591797848e-27	5.73394495412844e-06	0.0007167431192660551
N18	N19	14	125	39	48308	4.0578757135463274e-27	5.73394495412844e-06	0.0007224770642201834
K21	K22	28	630	120	48308	5.3750771251566125e-27	5.73394495412844e-06	0.0007282110091743119
H25	H33	14	48	106	48308	1.1120667055200205e-26	5.73394495412844e-06	0.0007339449541284404
E10	E14	19	260	76	48308	1.153253454726624e-26	5.73394495412844e-06	0.0007396788990825688
K85	K86	15	186	40	48308	1.2587811365334946e-26	5.73394495412844e-06	0.0007454128440366973
A15	B90	12	79	31	48308	2.0944454498171672e-26	5.73394495412844e-06	0.0007511467889908256
N18	D64	17	125	102	48308	2.6886424245797326e-26	5.73394495412844e-06	0.0007568807339449541
J33	J34	49	137	2778	48308	3.317686812330483e-26	5.73394495412844e-06	0.0007626146788990826
N19	E21	10	39	24	48308	6.493434631917726e-26	5.73394495412844e-06	0.000768348623853211
M25	M66	16	361	35	48308	2.416934030168071e-25	5.73394495412844e-06	0.0007740825688073395
F12	F61	33	572	236	48308	2.5333658076086707e-25	5.73394495412844e-06	0.0007798165137614678
I30	I40	14	60	110	48308	6.779334797451019e-25	5.73394495412844e-06	0.0007855504587155963
E11	I10	29	118	856	48308	7.270350771876946e-25	5.73394495412844e-06	0.0007912844036697248
F12	F43	67	572	1249	48308	8.588422782750036e-25	5.73394495412844e-06	0.0007970183486238532
N17	N18	16	97	125	48308	9.919498720481317e-25	5.73394495412844e-06	0.0008027522935779817
F10	F61	59	2466	236	48308	1.0641630663705638e-24	5.73394495412844e-06	0.00080848623853211
F19	G40	89	1254	975	48308	1.3961149278652598e-24	5.73394495412844e-06	0.0008142201834862385
K50	K56	28	406	221	48308	1.6682579470261172e-24	5.73394495412844e-06	0.000819954128440367
I26	J18	25	124	535	48308	2.7665728223274118e-24	5.73394495412844e-06	0.0008256880733944954
K50	K60	33	406	356	48308	2.9461796248597073e-24	5.73394495412844e-06	0.0008314220183486239
K02	K12	23	238	211	48308	4.0766846095676035e-24	5.73394495412844e-06	0.0008371559633027523
J43	J93	14	26	339	48308	4.799833242348764e-24	5.73394495412844e-06	0.0008428899082568807
F13	F33	40	539	446	48308	5.645565387904379e-24	5.73394495412844e-06	0.0008486238532110092
F12	F15	20	572	61	48308	8.382539177727723e-24	5.73394495412844e-06	0.0008543577981651376
C71	G40	21	46	975	48308	8.857291490505153e-24	5.73394495412844e-06	0.0008600917431192661
E86	A09	27	100	908	48308	8.982242805128058e-24	5.73394495412844e-06	0.0008658256880733945
C81	C85	12	80	50	48308	2.0672101432297963e-23	5.73394495412844e-06	0.0008715596330275229
M47	M51	23	76	769	48308	2.457890136728199e-23	5.73394495412844e-06	0.0008772935779816514
F19	F23	52	1254	365	48308	2.4818810133102478e-23	5.73394495412844e-06	0.0008830275229357798
H33	H52	17	106	180	48308	3.474946238533816e-23	5.73394495412844e-06	0.0008887614678899083
K02	K03	11	238	15	48308	4.4095276084330124e-23	5.73394495412844e-06	0.0008944954128440367
N31	N39	15	46	273	48308	5.681624778226699e-23	5.73394495412844e-06	0.0009002293577981651
K50	K63	23	406	142	48308	7.371710669358949e-23	5.73394495412844e-06	0.0009059633027522936
J03	J36	40	686	377	48308	7.560729627808343e-23	5.73394495412844e-06	0.000911697247706422
H50	H52	17	111	180	48308	7.985016661482805e-23	5.73394495412844e-06	0.0009174311926605505
F20	F61	35	806	236	48308	9.530852003437807e-23	5.73394495412844e-06	0.0009231651376146789
K01	K04	23	351	169	48308	1.6802696090582315e-22	5.73394495412844e-06	0.0009288990825688073
K22	K44	22	120	436	48308	1.7301866606536337e-22	5.73394495412844e-06	0.0009346330275229358
A15	A16	12	79	61	48308	2.487942216041612e-22	5.73394495412844e-06	0.0009403669724770643
C73	E89	8	39	14	48308	2.504556518977724e-22	5.73394495412844e-06	0.0009461009174311926
K80	K85	24	379	186	48308	4.506568509436213e-22	5.73394495412844e-06	0.0009518348623853211
F20	F25	30	806	173	48308	1.0471455695436002e-21	5.73394495412844e-06	0.0009575688073394495
B18	B24	18	425	70	48308	1.0614070571640462e-21	5.73394495412844e-06	0.000963302752293578
K80	K83	14	379	32	48308	1.091572693083857e-21	5.73394495412844e-06	0.0009690366972477065
F32	F45	42	1204	263	48308	1.1297455618251102e-21	5.73394495412844e-06	0.0009747706422018348
E78	F20	50	563	806	48308	1.1500744499671972e-21	5.73394495412844e-06	0.0009805045871559633
K29	K52	87	1341	969	48308	1.1997561058296622e-21	5.73394495412844e-06	0.0009862385321100918
E11	E78	23	118	563	48308	1.3589434826548223e-21	5.73394495412844e-06	0.0009919724770642202
M41	M54	24	77	1045	48308	1.5690676236566165e-21	5.73394495412844e-06	0.0009977064220183485
F19	F90	23	1254	59	48308	1.6404460208517135e-21	5.73394495412844e-06	0.0010034403669724771
F33	F40	18	446	73	48308	5.8209973163079414e-21	5.73394495412844e-06	0.0010091743119266055
D50	K51	17	105	246	48308	6.548865574114449e-21	5.73394495412844e-06	0.001014908256880734
F17	J45	56	1322	453	48308	6.620855065531267e-21	5.73394495412844e-06	0.0010206422018348624
H33	H35	13	106	84	48308	7.010217336959706e-21	5.73394495412844e-06	0.0010263761467889908
C62	D70	13	218	43	48308	7.272637875621335e-21	5.73394495412844e-06	0.0010321100917431193
G40	G41	15	975	23	48308	1.425118099784656e-20	5.73394495412844e-06	0.0010378440366972477
J86	J93	13	31	339	48308	1.4625975475767487e-20	5.73394495412844e-06	0.0010435779816513762
B18	B17	19	425	97	48308	2.185862165009974e-20	5.73394495412844e-06	0.0010493119266055046
M23	M24	64	2012	403	48308	3.897733022429116e-20	5.73394495412844e-06	0.001055045871559633
H43	H33	9	18	106	48308	3.981478605620615e-20	5.73394495412844e-06	0.0010607798165137615
M23	M67	80	2012	598	48308	4.686401679885455e-20	5.73394495412844e-06	0.0010665137614678899
B35	A46	12	32	246	48308	4.7861645847927356e-20	5.73394495412844e-06	0.0010722477064220185
F14	F19	26	93	1254	48308	6.844904792905118e-20	5.73394495412844e-06	0.0010779816513761468
F13	B17	20	539	97	48308	7.748546535221445e-20	5.73394495412844e-06	0.0010837155963302752
H25	H26	10	48	67	48308	8.171953428931929e-20	5.73394495412844e-06	0.0010894495412844037
G62	K70	10	36	95	48308	1.2929513483241e-19	5.73394495412844e-06	0.001095183486238532
F33	F43	52	446	1249	48308	1.9362897717315241e-19	5.73394495412844e-06	0.0011009174311926604
F11	F60	50	756	680	48308	2.4356558805197154e-19	5.73394495412844e-06	0.001106651376146789
K29	K63	31	1341	142	48308	3.836118138926635e-19	5.73394495412844e-06	0.0011123853211009174
M53	M54	26	117	1045	48308	4.269190272772169e-19	5.73394495412844e-06	0.001118119266055046
M47	M54	22	76	1045	48308	4.560538136007967e-19	5.73394495412844e-06	0.0011238532110091743
N13	N39	27	477	273	48308	5.315481634555871e-19	5.73394495412844e-06	0.0011295871559633026
F17	F20	73	1322	806	48308	6.760392022920344e-19	5.73394495412844e-06	0.0011353211009174312
K42	K43	15	207	105	48308	7.147428044467633e-19	5.73394495412844e-06	0.0011410550458715596
J45	J46	10	453	13	48308	1.328025821741264e-18	5.73394495412844e-06	0.0011467889908256881
J35	J36	49	1386	377	48308	1.5168937238623151e-18	5.73394495412844e-06	0.0011525229357798165
C41	C78	8	27	51	48308	1.8942282022252936e-18	5.73394495412844e-06	0.0011582568807339448
I31	J90	10	71	61	48308	2.060714323567554e-18	5.73394495412844e-06	0.0011639908256880734
G55	M54	18	47	1045	48308	2.3591922947825374e-18	5.73394495412844e-06	0.0011697247706422018
K80	K81	14	379	51	48308	2.6165981884890005e-18	5.73394495412844e-06	0.0011754587155963303
K29	K80	48	1341	379	48308	2.6705639431507563e-18	5.73394495412844e-06	0.0011811926605504587
F32	F40	22	1204	73	48308	3.3736396370475955e-18	5.73394495412844e-06	0.001186926605504587
K01	K05	12	351	32	48308	3.554189766156368e-18	5.73394495412844e-06	0.0011926605504587156
K60	K62	20	356	174	48308	3.992163236946391e-18	5.73394495412844e-06	0.001198394495412844
M54	M99	17	1045	41	48308	4.075020327968033e-18	5.73394495412844e-06	0.0012041284403669725
E10	E11	16	260	118	48308	4.443585216374734e-18	5.73394495412844e-06	0.001209862385321101
N18	E21	9	125	24	48308	4.905431097029687e-18	5.73394495412844e-06	0.0012155963302752293
F19	F33	50	1254	446	48308	5.918852814281024e-18	5.73394495412844e-06	0.0012213302752293578
C78	C79	7	51	15	48308	6.079657772726278e-18	5.73394495412844e-06	0.0012270642201834862
K26	K29	28	124	1341	48308	7.661849014741363e-18	5.73394495412844e-06	0.0012327981651376147
F33	F42	17	446	89	48308	7.829499289367309e-18	5.73394495412844e-06	0.001238532110091743
M24	M25	27	403	361	48308	9.518629110243483e-18	5.73394495412844e-06	0.0012442660550458715
F10	F14	31	2466	93	48308	1.485881263225517e-17	5.73394495412844e-06	0.00125
B20	B24	7	13	70	48308	1.677896551905294e-17	5.73394495412844e-06	0.0012557339449541284
C73	E04	9	39	83	48308	1.6939051241929388e-17	5.73394495412844e-06	0.001261467889908257
J45	L20	18	453	109	48308	1.7129968584978665e-17	5.73394495412844e-06	0.0012672018348623853
D64	K50	17	102	406	48308	1.864423076734422e-17	5.73394495412844e-06	0.0012729357798165137
F10	F63	33	2466	107	48308	1.9714482054358048e-17	5.73394495412844e-06	0.0012786697247706422
F43	F63	25	1249	107	48308	3.582163930728943e-17	5.73394495412844e-06	0.0012844036697247706
F10	F20	102	2466	806	48308	4.020778758259245e-17	5.73394495412844e-06	0.0012901376146788992
K21	K92	29	630	295	48308	5.3032539235500464e-17	5.73394495412844e-06	0.0012958715596330275
K01	K08	18	351	148	48308	5.401825251749208e-17	5.73394495412844e-06	0.0013016055045871559
F12	F31	24	572	206	48308	6.603461964324504e-17	5.73394495412844e-06	0.0013073394495412844
K51	K52	32	246	969	48308	7.270034575682363e-17	5.73394495412844e-06	0.0013130733944954128
I45	I47	13	120	147	48308	7.393231084048973e-17	5.73394495412844e-06	0.0013188073394495414
N19	I10	15	39	856	48308	7.999978076543639e-17	5.73394495412844e-06	0.0013245412844036697
L02	L73	22	843	116	48308	9.468763970591636e-17	5.73394495412844e-06	0.001330275229357798
N05	N18	8	19	125	48308	1.18089919531178e-16	5.73394495412844e-06	0.0013360091743119266
C78	C80	7	51	22	48308	1.6022958974570444e-16	5.73394495412844e-06	0.001341743119266055
F43	F44	22	1249	84	48308	2.0276995015282573e-16	5.73394495412844e-06	0.0013474770642201836
F17	F60	62	1322	680	48308	2.2361928539043433e-16	5.73394495412844e-06	0.001353211009174312
I47	I48	13	147	133	48308	2.914317758912548e-16	5.73394495412844e-06	0.0013589449541284403
J30	J34	43	175	2778	48308	3.1063151730367003e-16	5.73394495412844e-06	0.0013646788990825688
K22	K29	26	120	1341	48308	3.350089676426731e-16	5.73394495412844e-06	0.0013704128440366972
E79	I10	23	136	856	48308	3.7319202209276e-16	5.73394495412844e-06	0.0013761467889908258
H26	H33	10	67	106	48308	3.7393870205687465e-16	5.73394495412844e-06	0.0013818807339449541
J30	J45	20	175	453	48308	4.631320841929407e-16	5.73394495412844e-06	0.0013876146788990825
F17	F61	35	1322	236	48308	5.056020873275026e-16	5.73394495412844e-06	0.001393348623853211
F17	F41	49	1322	455	48308	5.141410695885815e-16	5.73394495412844e-06	0.0013990825688073394
F14	F17	23	93	1322	48308	5.67078969889289e-16	5.73394495412844e-06	0.001404816513761468
F13	F43	52	539	1249	48308	6.379740329177697e-16	5.73394495412844e-06	0.0014105504587155963
K29	K31	18	1341	50	48308	6.674159803719867e-16	5.73394495412844e-06	0.0014162844036697247
I83	I87	11	468	27	48308	7.116341495148076e-16	5.73394495412844e-06	0.0014220183486238532
K29	K58	25	1341	113	48308	7.341934899462877e-16	5.73394495412844e-06	0.0014277522935779816
D68	I26	10	62	124	48308	8.234003388388597e-16	5.73394495412844e-06	0.0014334862385321102
F60	F63	19	680	107	48308	8.871104933412922e-16	5.73394495412844e-06	0.0014392201834862385
I35	I71	6	39	15	48308	9.205223711642958e-16	5.73394495412844e-06	0.0014449541284403669
J01	J32	26	199	818	48308	1.0060620858630876e-15	5.73394495412844e-06	0.0014506880733944955
J69	J96	8	44	64	48308	1.0281778308769576e-15	5.73394495412844e-06	0.0014564220183486238
F19	F43	85	1254	1249	48308	1.2328754610730313e-15	5.73394495412844e-06	0.0014621559633027524
E84	M81	7	33	44	48308	1.3212414764252065e-15	5.73394495412844e-06	0.0014678899082568807
F17	K76	43	1322	367	48308	1.5875228778053184e-15	5.73394495412844e-06	0.001473623853211009
F11	F33	36	756	446	48308	1.6135708602178932e-15	5.73394495412844e-06	0.0014793577981651377
M24	M65	22	403	270	48308	1.8106437907159756e-15	5.73394495412844e-06	0.001485091743119266
N18	I12	6	125	7	48308	1.856794035516828e-15	5.73394495412844e-06	0.0014908256880733946
H27	H40	7	27	57	48308	1.893565802673393e-15	5.73394495412844e-06	0.001496559633027523
N46	I86	17	139	389	48308	1.9888020837197595e-15	5.73394495412844e-06	0.0015022935779816513
M16	M87	10	68	123	48308	2.0230648219830757e-15	5.73394495412844e-06	0.0015080275229357799
N62	D24	9	305	20	48308	2.238180609489213e-15	5.73394495412844e-06	0.0015137614678899082
C77	D40	9	61	88	48308	2.326155401115356e-15	5.73394495412844e-06	0.0015194954128440368
I10	I25	16	856	57	48308	2.4216705211949094e-15	5.73394495412844e-06	0.0015252293577981651
F17	I21	16	1322	40	48308	3.067014808467921e-15	5.73394495412844e-06	0.0015309633027522935
K35	K65	21	1726	64	48308	3.4411361893667987e-15	5.73394495412844e-06	0.001536697247706422
B18	B94	11	425	33	48308	3.4939130649243662e-15	5.73394495412844e-06	0.0015424311926605504
C43	D22	10	67	132	48308	3.562420991353075e-15	5.73394495412844e-06	0.001548165137614679
H26	H35	9	67	84	48308	3.678803981619311e-15	5.73394495412844e-06	0.0015538990825688073
M48	M51	13	35	769	48308	4.07920137888159e-15	5.73394495412844e-06	0.0015596330275229357
D50	K92	14	105	295	48308	4.1062392054363115e-15	5.73394495412844e-06	0.0015653669724770643
E10	H36	7	260	9	48308	4.303360311728554e-15	5.73394495412844e-06	0.0015711009174311926
K63	K65	10	142	64	48308	4.616271969334531e-15	5.73394495412844e-06	0.0015768348623853212
F13	F15	14	539	61	48308	5.4607367275801655e-15	5.73394495412844e-06	0.0015825688073394495
K44	K92	23	436	295	48308	5.7514291256772535e-15	5.73394495412844e-06	0.001588302752293578
K61	L02	41	540	843	48308	5.8457034959730115e-15	5.73394495412844e-06	0.0015940366972477065
K21	K25	18	630	112	48308	8.524813426822338e-15	5.73394495412844e-06	0.0015997706422018348
D68	I80	10	62	156	48308	8.568498127445256e-15	5.73394495412844e-06	0.0016055045871559634
N18	E78	18	125	563	48308	9.108745003261803e-15	5.73394495412844e-06	0.0016112385321100917
F19	F25	28	1254	173	48308	1.2219869760549813e-14	5.73394495412844e-06	0.00161697247706422
F33	K70	15	446	95	48308	1.344099149906915e-14	5.73394495412844e-06	0.0016227064220183487
F17	K71	17	1322	51	48308	1.503251152405516e-14	5.73394495412844e-06	0.001628440366972477
J90	K65	8	61	64	48308	1.6786870449756814e-14	5.73394495412844e-06	0.0016341743119266056
F10	K71	21	2466	51	48308	1.7632122486600193e-14	5.73394495412844e-06	0.001639908256880734
N31	G82	8	46	86	48308	1.7832470650987335e-14	5.73394495412844e-06	0.0016456422018348623
E84	K74	6	33	27	48308	1.839325742630833e-14	5.73394495412844e-06	0.0016513761467889909
H50	H53	10	111	93	48308	1.8659896932772673e-14	5.73394495412844e-06	0.0016571100917431192
F17	F33	46	1322	446	48308	2.004192996959103e-14	5.73394495412844e-06	0.0016628440366972478
H66	H72	9	131	53	48308	2.402441894945395e-14	5.73394495412844e-06	0.0016685779816513762
F41	I10	37	455	856	48308	2.4090194268042173e-14	5.73394495412844e-06	0.0016743119266055045
E66	J45	35	769	453	48308	2.437861981655624e-14	5.73394495412844e-06	0.001680045871559633
N17	N00	7	97	23	48308	2.519814099425767e-14	5.73394495412844e-06	0.0016857798165137614
D61	D70	6	22	43	48308	2.5508255206708775e-14	5.73394495412844e-06	0.00169151376146789
E10	E87	14	260	135	48308	2.5723123359752313e-14	5.73394495412844e-06	0.0016972477064220184
K29	K92	37	1341	295	48308	2.6870790357817083e-14	5.73394495412844e-06	0.0017029816513761467
F33	F41	27	446	455	48308	3.473035990941081e-14	5.73394495412844e-06	0.0017087155963302753
I30	I31	8	60	71	48308	3.48602270596829e-14	5.73394495412844e-06	0.0017144495412844036
K50	K51	20	406	246	48308	4.1974773595344946e-14	5.73394495412844e-06	0.0017201834862385322
K29	K76	41	1341	367	48308	5.805256207584294e-14	5.73394495412844e-06	0.0017259174311926606
F17	F32	82	1322	1204	48308	6.706468428528595e-14	5.73394495412844e-06	0.001731651376146789
M65	M67	24	270	598	48308	7.944500987934599e-14	5.73394495412844e-06	0.0017373853211009175
H66	H90	10	131	91	48308	8.087076223312587e-14	5.73394495412844e-06	0.0017431192660550458
N39	G82	12	273	86	48308	8.781646009020508e-14	5.73394495412844e-06	0.0017488532110091744
H33	H44	7	106	25	48308	9.315057779437814e-14	5.73394495412844e-06	0.0017545871559633028
E78	I25	13	563	57	48308	9.779505279709284e-14	5.73394495412844e-06	0.0017603211009174311
F40	F60	15	73	680	48308	9.917779498137758e-14	5.73394495412844e-06	0.0017660550458715597
E21	I10	11	24	856	48308	1.0268766933554057e-13	5.73394495412844e-06	0.001771788990825688
H65	H66	10	94	131	48308	1.1299215279311228e-13	5.73394495412844e-06	0.0017775229357798166
H18	H52	12	134	180	48308	1.4031638202144274e-13	5.73394495412844e-06	0.001783256880733945
M23	M66	16	2012	35	48308	1.480275547180207e-13	5.73394495412844e-06	0.0017889908256880733
N04	N18	7	23	125	48308	1.5514648571134495e-13	5.73394495412844e-06	0.0017947247706422019
E66	K80	31	769	379	48308	1.6439235219309813e-13	5.73394495412844e-06	0.0018004587155963302
F15	F19	17	61	1254	48308	1.8160117963583113e-13	5.73394495412844e-06	0.0018061926605504588
J39	M95	14	82	512	48308	2.154030723206006e-13	5.73394495412844e-06	0.0018119266055045872
F32	F63	21	1204	107	48308	2.3330181286379843e-13	5.73394495412844e-06	0.0018176605504587155
D69	D70	8	127	43	48308	2.448555446979607e-13	5.73394495412844e-06	0.001823394495412844
E14	E78	14	76	563	48308	2.576749267897857e-13	5.73394495412844e-06	0.0018291284403669724
F31	F60	22	206	680	48308	2.6386982666658967e-13	5.73394495412844e-06	0.001834862385321101
F17	J93	38	1322	339	48308	2.8037419691322766e-13	5.73394495412844e-06	0.0018405963302752294
D43	G40	15	57	975	48308	3.3849764104999986e-13	5.73394495412844e-06	0.0018463302752293577
D16	D48	17	307	239	48308	3.4557731826944067e-13	5.73394495412844e-06	0.0018520642201834863
C81	C83	7	80	39	48308	3.846425415897453e-13	5.73394495412844e-06	0.0018577981651376147
F13	F61	21	539	236	48308	3.920778186750744e-13	5.73394495412844e-06	0.001863532110091743
N20	N39	29	971	273	48308	4.2539736115612456e-13	5.73394495412844e-06	0.0018692660550458716
M43	M53	8	51	117	48308	5.418042223834612e-13	5.73394495412844e-06	0.001875
H90	H91	12	91	302	48308	5.817319910256472e-13	5.73394495412844e-06	0.0018807339449541285
I26	I82	9	124	83	48308	1.0086375625385558e-12	5.73394495412844e-06	0.0018864678899082569
H66	H70	6	131	14	48308	1.0448401927933678e-12	5.73394495412844e-06	0.0018922018348623852
M22	M65	14	170	270	48308	1.061276347461161e-12	5.73394495412844e-06	0.0018979357798165138
G82	G93	8	86	76	48308	1.2342786593917242e-12	5.73394495412844e-06	0.0019036697247706421
M17	M23	21	73	2012	48308	1.2541895268294742e-12	5.73394495412844e-06	0.0019094036697247707
F33	F50	11	446	51	48308	1.2558079305532775e-12	5.73394495412844e-06	0.001915137614678899
F32	G40	65	1204	975	48308	1.2595735028804903e-12	5.73394495412844e-06	0.0019208715596330274
F15	F20	14	61	806	48308	1.2644330486739342e-12	5.73394495412844e-06	0.001926605504587156
K44	K52	36	436	969	48308	1.2819113602173156e-12	5.73394495412844e-06	0.0019323394495412843
L20	L30	8	109	61	48308	1.3789248116750405e-12	5.73394495412844e-06	0.001938073394495413
I10	I11	9	856	16	48308	1.6911177478989607e-12	5.73394495412844e-06	0.0019438073394495413
H26	H40	7	67	57	48308	1.7883470491333785e-12	5.73394495412844e-06	0.0019495412844036696
K10	K12	9	54	211	48308	2.1860276726089254e-12	5.73394495412844e-06	0.001955275229357798
N19	D64	7	39	102	48308	2.2076466614739873e-12	5.73394495412844e-06	0.0019610091743119265
F32	K70	19	1204	95	48308	2.245752140756155e-12	5.73394495412844e-06	0.001966743119266055
D63	D69	6	16	127	48308	2.296050258780165e-12	5.73394495412844e-06	0.0019724770642201837
H52	H53	10	180	93	48308	2.4791049741930654e-12	5.73394495412844e-06	0.001978211009174312
H66	H74	7	131	32	48308	2.9163389900937576e-12	5.73394495412844e-06	0.0019839449541284404
M19	M75	11	136	173	48308	2.97942261802515e-12	5.73394495412844e-06	0.0019896788990825687
M25	M65	18	361	270	48308	3.197071606225033e-12	5.73394495412844e-06	0.001995412844036697
J18	J90	12	535	61	48308	3.207267993882045e-12	5.73394495412844e-06	0.002001146788990826
F10	G40	103	2466	975	48308	3.2508159790148913e-12	5.73394495412844e-06	0.0020068807339449542
H44	H52	7	25	180	48308	4.0273286226065395e-12	5.73394495412844e-06	0.0020126146788990826
B18	B16	12	425	77	48308	4.0431156798206585e-12	5.73394495412844e-06	0.002018348623853211
G35	H46	7	150	30	48308	4.63262602163015e-12	5.73394495412844e-06	0.0020240825688073393
N39	N41	9	273	46	48308	4.727307749231539e-12	5.73394495412844e-06	0.002029816513761468
M42	M47	7	58	76	48308	5.064863921069839e-12	5.73394495412844e-06	0.0020355504587155964
H35	H47	6	84	26	48308	5.1585316640020865e-12	5.73394495412844e-06	0.002041284403669725
I31	I40	8	71	110	48308	5.2674135448998456e-12	5.73394495412844e-06	0.002047018348623853
H35	H53	8	84	93	48308	5.361822097703367e-12	5.73394495412844e-06	0.0020527522935779815
F60	K70	15	680	95	48308	5.659623280615519e-12	5.73394495412844e-06	0.0020584862385321103
I40	I51	9	110	114	48308	6.2594711306605145e-12	5.73394495412844e-06	0.0020642201834862386
F32	F42	18	1204	89	48308	6.9487177230393976e-12	5.73394495412844e-06	0.002069954128440367
F17	K29	83	1322	1341	48308	6.9914494559026976e-12	5.73394495412844e-06	0.0020756880733944954
N10	N39	9	48	273	48308	7.125682342757281e-12	5.73394495412844e-06	0.0020814220183486237
C40	D48	7	21	239	48308	7.281753139805699e-12	5.73394495412844e-06	0.0020871559633027525
E61	K50	7	14	406	48308	9.175998430590648e-12	5.73394495412844e-06	0.002092889908256881
M24	M67	26	403	598	48308	1.1701403855617577e-11	5.73394495412844e-06	0.002098623853211009
K40	K42	28	1384	207	48308	1.2069626414057911e-11	5.73394495412844e-06	0.0021043577981651376
F30	F31	8	43	206	48308	1.2167659233295048e-11	5.73394495412844e-06	0.002110091743119266
E86	E87	9	100	135	48308	1.2168044390155071e-11	5.73394495412844e-06	0.0021158256880733947
K04	K07	15	169	394	48308	1.2199530259661126e-11	5.73394495412844e-06	0.002121559633027523
E78	K71	11	563	51	48308	1.5285132367730703e-11	5.73394495412844e-06	0.0021272935779816514
G91	G93	6	34	76	48308	1.6092333492098583e-11	5.73394495412844e-06	0.0021330275229357798
E14	E66	14	76	769	48308	1.651052328258125e-11	5.73394495412844e-06	0.002138761467889908
F32	F50	14	1204	51	48308	1.8138937600247394e-11	5.73394495412844e-06	0.002144495412844037
G04	G35	7	37	150	48308	2.3006871173322052e-11	5.73394495412844e-06	0.0021502293577981653
B18	F60	28	425	680	48308	2.335498497577087e-11	5.73394495412844e-06	0.0021559633027522936
M24	M75	15	403	173	48308	2.3457891343823983e-11	5.73394495412844e-06	0.002161697247706422
M22	M94	11	170	169	48308	2.6401088644595577e-11	5.73394495412844e-06	0.0021674311926605503
K21	K76	25	630	367	48308	2.745922185819782e-11	5.73394495412844e-06	0.002173165137614679
E78	K21	31	563	630	48308	2.7541727460509604e-11	5.73394495412844e-06	0.0021788990825688075
B94	G40	11	33	975	48308	2.7624309348564533e-11	5.73394495412844e-06	0.002184633027522936
M50	M53	7	48	117	48308	2.7635193241321305e-11	5.73394495412844e-06	0.002190366972477064
D64	I15	6	102	28	48308	2.7690399268559412e-11	5.73394495412844e-06	0.0021961009174311925
E78	F33	26	563	446	48308	2.924189880663883e-11	5.73394495412844e-06	0.002201834862385321
M51	M99	11	769	41	48308	3.1718682387234655e-11	5.73394495412844e-06	0.0022075688073394497
H35	H52	9	84	180	48308	3.276836974604555e-11	5.73394495412844e-06	0.002213302752293578
F12	F25	17	572	173	48308	3.5384524982550295e-11	5.73394495412844e-06	0.0022190366972477064
N23	N39	17	361	273	48308	3.775324923905896e-11	5.73394495412844e-06	0.0022247706422018347
I42	I47	8	68	147	48308	3.841651255298375e-11	5.73394495412844e-06	0.002230504587155963
E14	E87	8	76	135	48308	4.8455788659905226e-11	5.73394495412844e-06	0.002236238532110092
A15	B16	7	79	77	48308	5.225201780652082e-11	5.73394495412844e-06	0.0022419724770642202
F19	J69	13	1254	44	48308	5.622389532285239e-11	5.73394495412844e-06	0.0022477064220183486
K04	K09	8	169	63	48308	6.242278587109919e-11	5.73394495412844e-06	0.002253440366972477
F12	F30	10	572	43	48308	6.76516286714272e-11	5.73394495412844e-06	0.0022591743119266053
K29	K85	25	1341	186	48308	8.927039347139757e-11	5.73394495412844e-06	0.002264908256880734
K80	K82	8	379	31	48308	8.985414557012679e-11	5.73394495412844e-06	0.0022706422018348624
J44	J45	11	73	453	48308	9.224441077228983e-11	5.73394495412844e-06	0.0022763761467889908
M93	M94	10	142	169	48308	9.370805168609716e-11	5.73394495412844e-06	0.002282110091743119
K09	K10	6	63	54	48308	9.473178111847409e-11	5.73394495412844e-06	0.0022878440366972475
L73	L74	6	116	30	48308	9.527130769440324e-11	5.73394495412844e-06	0.0022935779816513763
F40	F41	11	73	455	48308	9.664805725807636e-11	5.73394495412844e-06	0.0022993119266055046
F41	F43	39	455	1249	48308	9.738701021863572e-11	5.73394495412844e-06	0.002305045871559633
F17	J30	24	1322	175	48308	1.0366883972510983e-10	5.73394495412844e-06	0.0023107798165137613
D69	E87	9	127	135	48308	1.0639742064316621e-10	5.73394495412844e-06	0.0023165137614678897
F17	J44	16	1322	73	48308	1.1015084711226179e-10	5.73394495412844e-06	0.0023222477064220185
F32	F34	15	1204	69	48308	1.315220655550383e-10	5.73394495412844e-06	0.002327981651376147
E78	F32	43	563	1204	48308	1.3469933876619941e-10	5.73394495412844e-06	0.002333715596330275
K50	K65	10	406	64	48308	1.5923731574044268e-10	5.73394495412844e-06	0.0023394495412844035
F13	G40	37	539	975	48308	1.592524923487106e-10	5.73394495412844e-06	0.002345183486238532
H83	H90	8	131	91	48308	1.656978991439939e-10	5.73394495412844e-06	0.0023509174311926607
F11	F15	12	756	61	48308	1.711239911725296e-10	5.73394495412844e-06	0.002356651376146789
M16	M65	9	68	270	48308	1.7209395386046028e-10	5.73394495412844e-06	0.0023623853211009174
M25	M87	12	361	123	48308	1.7290965649846044e-10	5.73394495412844e-06	0.0023681192660550457
K56	K66	7	221	34	48308	1.846517573344683e-10	5.73394495412844e-06	0.002373853211009174
N17	I10	15	97	856	48308	1.9000710804798595e-10	5.73394495412844e-06	0.002379587155963303
F44	F60	13	84	680	48308	1.9058371360709232e-10	5.73394495412844e-06	0.0023853211009174312
E66	E88	11	769	48	48308	2.0501733748881697e-10	5.73394495412844e-06	0.0023910550458715596
F12	F16	8	572	24	48308	2.2910832420976754e-10	5.73394495412844e-06	0.002396788990825688
J30	L20	9	175	109	48308	2.7287987404814063e-10	5.73394495412844e-06	0.0024025229357798163
B18	F10	55	425	2466	48308	2.9865393449233196e-10	5.73394495412844e-06	0.002408256880733945
I20	I25	6	72	57	48308	3.026608417777929e-10	5.73394495412844e-06	0.0024139908256880734
F17	I25	14	1322	57	48308	3.168663643209816e-10	5.73394495412844e-06	0.002419724770642202
K26	K92	11	124	295	48308	3.354322044273845e-10	5.73394495412844e-06	0.00242545871559633
M50	M54	12	48	1045	48308	3.357912114804955e-10	5.73394495412844e-06	0.0024311926605504585
M43	M51	11	51	769	48308	4.1381013553022983e-10	5.73394495412844e-06	0.0024369266055045873
I10	I20	13	856	72	48308	4.203959534506575e-10	5.73394495412844e-06	0.0024426605504587156
F19	K73	10	1254	26	48308	4.879672503924943e-10	5.73394495412844e-06	0.002448394495412844
F25	F60	17	173	680	48308	4.992445953573623e-10	5.73394495412844e-06	0.0024541284403669724
M41	M42	6	77	58	48308	5.093291873979851e-10	5.73394495412844e-06	0.0024598623853211007
F31	F61	12	206	236	48308	5.331708287901223e-10	5.73394495412844e-06	0.0024655963302752295
N13	N28	8	477	31	48308	5.509636456113681e-10	5.73394495412844e-06	0.002471330275229358
F60	F90	11	680	59	48308	6.020145108646595e-10	5.73394495412844e-06	0.002477064220183486
F06	F07	6	63	73	48308	6.125013552148862e-10	5.73394495412844e-06	0.0024827981651376146
K01	K12	14	351	211	48308	6.230050990979099e-10	5.73394495412844e-06	0.002488532110091743
E88	I10	11	48	856	48308	6.311814535860584e-10	5.73394495412844e-06	0.0024942660550458717
K31	K44	9	50	436	48308	6.610838797170852e-10	5.73394495412844e-06	0.0025
M43	M54	12	51	1045	48308	7.209049510011002e-10	5.73394495412844e-06	0.0025057339449541284
H35	H40	6	84	57	48308	7.78913984931417e-10	5.73394495412844e-06	0.0025114678899082568
N17	M62	7	97	92	48308	8.045959424626967e-10	5.73394495412844e-06	0.002517201834862385
H72	H90	6	53	91	48308	8.078241171266325e-10	5.73394495412844e-06	0.002522935779816514
J34	J39	22	2778	82	48308	8.455869395119556e-10	5.73394495412844e-06	0.0025286697247706423
K21	K31	10	630	50	48308	8.52146519057788e-10	5.73394495412844e-06	0.0025344036697247706
J31	J34	17	49	2778	48308	8.679865964477086e-10	5.73394495412844e-06	0.002540137614678899
F15	F60	11	61	680	48308	8.767241123278019e-10	5.73394495412844e-06	0.0025458715596330273
K21	K26	14	630	124	48308	1.0416150547636687e-09	5.73394495412844e-06	0.002551605504587156
K76	K80	18	367	379	48308	1.0548770278903186e-09	5.73394495412844e-06	0.0025573394495412845
E78	K29	44	563	1341	48308	1.1223637228781734e-09	5.73394495412844e-06	0.002563073394495413
E78	F12	27	563	572	48308	1.3032354903343653e-09	5.73394495412844e-06	0.002568807339449541
F61	B17	9	236	97	48308	1.3383004058535801e-09	5.73394495412844e-06	0.0025745412844036695
N39	A41	8	273	58	48308	1.4092020516387685e-09	5.73394495412844e-06	0.0025802752293577983
H65	J35	17	94	1386	48308	1.4402603370267421e-09	5.73394495412844e-06	0.0025860091743119267
F51	G47	9	48	499	48308	1.462081510327413e-09	5.73394495412844e-06	0.002591743119266055
L02	L74	9	843	30	48308	1.482189217138894e-09	5.73394495412844e-06	0.0025974770642201834
K44	K76	19	436	367	48308	1.499798804395209e-09	5.73394495412844e-06	0.0026032110091743117
F79	K02	7	42	238	48308	1.502264282573317e-09	5.73394495412844e-06	0.0026089449541284405
I10	I21	10	856	40	48308	1.5187357043119678e-09	5.73394495412844e-06	0.002614678899082569
K29	K51	27	1341	246	48308	1.6291801954869289e-09	5.73394495412844e-06	0.0026204128440366972
N17	D64	7	97	102	48308	1.6686299119520967e-09	5.73394495412844e-06	0.0026261467889908256
K50	K61	22	406	540	48308	1.7533941202530317e-09	5.73394495412844e-06	0.002631880733944954
K76	K85	13	367	186	48308	2.3250726280165913e-09	5.73394495412844e-06	0.0026376146788990827
E78	F25	15	563	173	48308	2.3285587622067288e-09	5.73394495412844e-06	0.002643348623853211
F41	K29	38	455	1341	48308	2.4916094450167832e-09	5.73394495412844e-06	0.0026490825688073394
K35	K37	25	1726	171	48308	2.5507933113726794e-09	5.73394495412844e-06	0.0026548165137614678
I10	I42	12	856	68	48308	2.6064391517010226e-09	5.73394495412844e-06	0.002660550458715596
N18	E87	8	125	135	48308	2.6954199871551103e-09	5.73394495412844e-06	0.002666284403669725
F13	F41	23	539	455	48308	2.7210807827415984e-09	5.73394495412844e-06	0.0026720183486238533
F22	F23	9	69	365	48308	2.765725752645612e-09	5.73394495412844e-06	0.0026777522935779816
N18	E79	8	125	136	48308	2.8577242997195834e-09	5.73394495412844e-06	0.00268348623853211
F10	B17	22	2466	97	48308	2.9065948784926e-09	5.73394495412844e-06	0.0026892201834862383
D50	D64	7	105	102	48308	2.9160225341732e-09	5.73394495412844e-06	0.002694954128440367
B24	F19	14	70	1254	48308	2.9300166892389526e-09	5.73394495412844e-06	0.0027006880733944955
J15	J90	7	178	61	48308	3.021195975110072e-09	5.73394495412844e-06	0.002706422018348624
K50	M81	8	406	44	48308	3.1617427274691146e-09	5.73394495412844e-06	0.002712155963302752
H71	H90	6	67	91	48308	3.4382158859891036e-09	5.73394495412844e-06	0.0027178899082568805
M41	M51	12	77	769	48308	3.4737991837134336e-09	5.73394495412844e-06	0.0027236238532110093
M87	M93	8	123	142	48308	3.538172064014231e-09	5.73394495412844e-06	0.0027293577981651377
N04	I10	8	23	856	48308	3.6456993702379338e-09	5.73394495412844e-06	0.002735091743119266
M50	M51	10	48	769	48308	3.737471697173866e-09	5.73394495412844e-06	0.0027408256880733944
G40	G93	13	975	76	48308	4.027427031463466e-09	5.73394495412844e-06	0.0027465596330275227
M22	M67	15	170	598	48308	4.109760295893517e-09	5.73394495412844e-06	0.0027522935779816515
K29	K50	35	1341	406	48308	4.663923321749497e-09	5.73394495412844e-06	0.00275802752293578
N35	N39	9	97	273	48308	4.771037478354188e-09	5.73394495412844e-06	0.0027637614678899082
F42	F60	12	89	680	48308	4.862107839155546e-09	5.73394495412844e-06	0.0027694954128440366
D50	K29	17	105	1341	48308	5.1284662919563545e-09	5.73394495412844e-06	0.002775229357798165
K50	K52	29	406	969	48308	5.429427828683807e-09	5.73394495412844e-06	0.0027809633027522937
J02	J03	13	109	686	48308	5.730374470515298e-09	5.73394495412844e-06	0.002786697247706422
K36	K56	9	122	221	48308	5.8109095812595855e-09	5.73394495412844e-06	0.0027924311926605504
F50	F61	7	51	236	48308	5.8572701501241995e-09	5.73394495412844e-06	0.002798165137614679
E78	F41	23	563	455	48308	6.151803614728351e-09	5.73394495412844e-06	0.002803899082568807
K25	K44	11	112	436	48308	6.619724404724104e-09	5.73394495412844e-06	0.002809633027522936
B24	B17	6	70	97	48308	6.6213004004803355e-09	5.73394495412844e-06	0.0028153669724770643
M19	M93	8	136	142	48308	7.830040755067347e-09	5.73394495412844e-06	0.0028211009174311926
F20	F70	13	806	96	48308	7.98332556260132e-09	5.73394495412844e-06	0.002826834862385321
F14	F60	12	93	680	48308	8.107214694989279e-09	5.73394495412844e-06	0.0028325688073394494
M25	M75	12	361	173	48308	8.746142841024506e-09	5.73394495412844e-06	0.002838302752293578
F79	G40	10	42	975	48308	8.784142740535061e-09	5.73394495412844e-06	0.0028440366972477065
N44	N50	7	134	94	48308	9.031643576772504e-09	5.73394495412844e-06	0.002849770642201835
F21	F60	9	44	680	48308	9.405039340639286e-09	5.73394495412844e-06	0.002855504587155963
F31	F33	14	206	446	48308	9.67325100453892e-09	5.73394495412844e-06	0.0028612385321100916
E14	I10	12	76	856	48308	9.755536049056241e-09	5.73394495412844e-06	0.0028669724770642203
F23	F25	12	365	173	48308	9.880545327892113e-09	5.73394495412844e-06	0.0028727064220183487
J31	J35	12	49	1386	48308	1.0264622709954778e-08	5.73394495412844e-06	0.002878440366972477
I80	I82	7	156	83	48308	1.0808285448678977e-08	5.73394495412844e-06	0.0028841743119266054
M77	M89	6	92	81	48308	1.1695852033450729e-08	5.73394495412844e-06	0.0028899082568807338
B16	B17	6	77	97	48308	1.1838587922682348e-08	5.73394495412844e-06	0.0028956422018348625
M54	M62	14	1045	92	48308	1.1879677010182627e-08	5.73394495412844e-06	0.002901376146788991
M87	M92	6	123	61	48308	1.1927851881917025e-08	5.73394495412844e-06	0.0029071100917431193
I26	J90	6	124	61	48308	1.2522122894730652e-08	5.73394495412844e-06	0.0029128440366972476
A46	I89	6	246	32	48308	1.3305179472361103e-08	5.73394495412844e-06	0.002918577981651376
F13	F20	30	539	806	48308	1.3716761399645164e-08	5.73394495412844e-06	0.0029243119266055047
F42	F61	8	89	236	48308	1.4473238063409275e-08	5.73394495412844e-06	0.002930045871559633
I42	I51	6	68	114	48308	1.4688385350061326e-08	5.73394495412844e-06	0.0029357798165137615
E78	K70	11	563	95	48308	1.579265481551614e-08	5.73394495412844e-06	0.00294151376146789
I10	J45	28	856	453	48308	1.5979309004336395e-08	5.73394495412844e-06	0.002947247706422018
F11	F43	48	756	1249	48308	1.6659526564966158e-08	5.73394495412844e-06	0.002952981651376147
K08	K10	6	148	54	48308	1.708218113331651e-08	5.73394495412844e-06	0.0029587155963302753
G40	G91	9	975	34	48308	1.786723619001477e-08	5.73394495412844e-06	0.0029644495412844037
E78	I21	8	563	40	48308	1.79472008219782e-08	5.73394495412844e-06	0.002970183486238532
E22	F20	6	12	806	48308	1.7962668188462273e-08	5.73394495412844e-06	0.0029759174311926604
E78	I45	12	563	120	48308	1.8830191358773122e-08	5.73394495412844e-06	0.002981651376146789
G40	G82	13	975	86	48308	1.906386664074858e-08	5.73394495412844e-06	0.0029873853211009175
I31	I51	6	71	114	48308	1.9109521146567964e-08	5.73394495412844e-06	0.002993119266055046
F20	F22	11	806	69	48308	1.9734584049748486e-08	5.73394495412844e-06	0.0029988532110091742
I84	K92	17	507	295	48308	2.0496397360461066e-08	5.73394495412844e-06	0.0030045871559633026
I20	I51	6	72	114	48308	2.0806855585732156e-08	5.73394495412844e-06	0.0030103211009174314
F17	K21	44	1322	630	48308	2.1287035494347822e-08	5.73394495412844e-06	0.0030160550458715597
I10	I15	8	856	28	48308	2.1367525786244732e-08	5.73394495412844e-06	0.003021788990825688
F17	F45	26	1322	263	48308	2.1534553551845575e-08	5.73394495412844e-06	0.0030275229357798164
M70	M71	6	160	52	48308	2.156135217334704e-08	5.73394495412844e-06	0.0030332568807339448
F17	J15	21	1322	178	48308	2.29383908040749e-08	5.73394495412844e-06	0.0030389908256880736
F12	B17	11	572	97	48308	2.3147794397919615e-08	5.73394495412844e-06	0.003044724770642202
H61	H66	6	65	131	48308	2.5664335267293927e-08	5.73394495412844e-06	0.0030504587155963303
I47	I49	7	147	100	48308	2.643423064956695e-08	5.73394495412844e-06	0.0030561926605504586
E11	K76	10	118	367	48308	2.6692683214929056e-08	5.73394495412844e-06	0.003061926605504587
F07	F32	13	73	1204	48308	2.900847255477516e-08	5.73394495412844e-06	0.0030676605504587158
M67	M94	14	598	169	48308	3.0161883419151694e-08	5.73394495412844e-06	0.003073394495412844
M24	M93	11	403	142	48308	3.568375476477091e-08	5.73394495412844e-06	0.0030791284403669725
F33	G62	7	446	36	48308	3.614191330209497e-08	5.73394495412844e-06	0.003084862385321101
J18	J96	9	535	64	48308	3.760035078759352e-08	5.73394495412844e-06	0.003090596330275229
K04	K10	6	169	54	48308	3.768091331000935e-08	5.73394495412844e-06	0.003096330275229358
J18	J86	7	535	31	48308	4.104711761143681e-08	5.73394495412844e-06	0.0031020642201834863
F17	G40	58	1322	975	48308	4.2100188159857034e-08	5.73394495412844e-06	0.0031077981651376147
F17	J18	39	1322	535	48308	4.33785829495588e-08	5.73394495412844e-06	0.003113532110091743
K08	K09	6	148	63	48308	4.393229044020076e-08	5.73394495412844e-06	0.0031192660550458714
F34	F60	10	69	680	48308	4.6091621093137905e-08	5.73394495412844e-06	0.003125
N20	N21	6	971	12	48308	5.411489599756457e-08	5.73394495412844e-06	0.0031307339449541285
L20	B00	6	109	90	48308	6.128005565283387e-08	5.73394495412844e-06	0.003136467889908257
F11	F16	7	756	24	48308	6.139290443626642e-08	5.73394495412844e-06	0.0031422018348623852
F61	F63	8	236	107	48308	6.194290500905674e-08	5.73394495412844e-06	0.0031479357798165136
B18	G40	28	425	975	48308	6.271488938192227e-08	5.73394495412844e-06	0.0031536697247706424
H33	H53	6	106	93	48308	6.314661726734827e-08	5.73394495412844e-06	0.0031594036697247707
F12	F63	11	572	107	48308	6.482500297887983e-08	5.73394495412844e-06	0.003165137614678899
J03	B00	11	686	90	48308	6.590606560358511e-08	5.73394495412844e-06	0.0031708715596330274
F17	I20	13	1322	72	48308	7.221487203713105e-08	5.73394495412844e-06	0.003176605504587156
F23	F60	21	365	680	48308	7.493898599857715e-08	5.73394495412844e-06	0.0031823394495412846
H40	H52	6	57	180	48308	7.628536262176066e-08	5.73394495412844e-06	0.003188073394495413
F21	F61	6	44	236	48308	7.709190301743354e-08	5.73394495412844e-06	0.0031938073394495413
N62	L90	9	305	120	48308	8.025007462985351e-08	5.73394495412844e-06	0.0031995412844036696
E78	E88	8	563	48	48308	8.114529016190929e-08	5.73394495412844e-06	0.003205275229357798
B18	K73	6	425	26	48308	8.879398168890113e-08	5.73394495412844e-06	0.003211009174311927
E03	I10	14	130	856	48308	8.888261619826765e-08	5.73394495412844e-06	0.003216743119266055
B27	L27	6	186	57	48308	9.26224744662407e-08	5.73394495412844e-06	0.0032224770642201835
F13	F31	14	539	206	48308	1.0057880861058756e-07	5.73394495412844e-06	0.003228211009174312
E79	K76	10	136	367	48308	1.0317904851369641e-07	5.73394495412844e-06	0.00323394495412844
E03	F17	17	130	1322	48308	1.0872122364653809e-07	5.73394495412844e-06	0.003239678899082569
F45	K29	25	263	1341	48308	1.1241843259112673e-07	5.73394495412844e-06	0.0032454128440366973
N43	N45	9	175	217	48308	1.1391506611198472e-07	5.73394495412844e-06	0.0032511467889908257
E79	G40	15	136	975	48308	1.2092998396708687e-07	5.73394495412844e-06	0.003256880733944954
F10	G62	12	2466	36	48308	1.210925162961675e-07	5.73394495412844e-06	0.0032626146788990824
J00	J01	6	56	199	48308	1.239253447194767e-07	5.73394495412844e-06	0.003268348623853211
F13	F40	9	539	73	48308	1.2921373741924937e-07	5.73394495412844e-06	0.0032740825688073395
F12	F22	9	572	69	48308	1.2958414857588363e-07	5.73394495412844e-06	0.003279816513761468
I10	I50	8	856	35	48308	1.4500254882060795e-07	5.73394495412844e-06	0.0032855504587155963
F17	L70	12	1322	64	48308	1.483527453060123e-07	5.73394495412844e-06	0.0032912844036697246
H83	H91	9	131	302	48308	1.5711739328878576e-07	5.73394495412844e-06	0.0032970183486238534
F43	K70	14	1249	95	48308	1.617086453887085e-07	5.73394495412844e-06	0.0033027522935779817
N62	E65	6	305	39	48308	1.6510807362312786e-07	5.73394495412844e-06	0.00330848623853211
F19	K70	14	1254	95	48308	1.6970761277046275e-07	5.73394495412844e-06	0.0033142201834862385
J02	J20	7	109	177	48308	1.7118058842869014e-07	5.73394495412844e-06	0.003319954128440367
F43	F70	14	1249	96	48308	1.848365949854991e-07	5.73394495412844e-06	0.0033256880733944956
N44	N45	8	134	217	48308	1.8682678713199085e-07	5.73394495412844e-06	0.003331422018348624
K29	A09	54	1341	908	48308	1.9364897509950517e-07	5.73394495412844e-06	0.0033371559633027523
F44	F61	7	84	236	48308	1.998554616609884e-07	5.73394495412844e-06	0.0033428899082568807
H26	H52	6	67	180	48308	2.0341922030430821e-07	5.73394495412844e-06	0.003348623853211009
K26	K44	10	124	436	48308	2.114291982164321e-07	5.73394495412844e-06	0.003354357798165138
F17	K85	20	1322	186	48308	2.2882746442027046e-07	5.73394495412844e-06	0.003360091743119266
M19	M24	10	136	403	48308	2.4419006937338737e-07	5.73394495412844e-06	0.0033658256880733945
G82	K02	7	86	238	48308	2.4891890452791437e-07	5.73394495412844e-06	0.003371559633027523
F20	F63	12	806	107	48308	2.502186838708179e-07	5.73394495412844e-06	0.003377293577981651
H18	H53	6	134	93	48308	2.5447250854876916e-07	5.73394495412844e-06	0.00338302752293578
N39	G93	7	273	76	48308	2.671489798100646e-07	5.73394495412844e-06	0.0033887614678899084
F31	F32	20	206	1204	48308	2.761900657346668e-07	5.73394495412844e-06	0.0033944954128440367
D64	I10	12	102	856	48308	2.7914287635249716e-07	5.73394495412844e-06	0.003400229357798165
K02	K10	6	238	54	48308	2.845211212229715e-07	5.73394495412844e-06	0.0034059633027522934
F33	F99	6	446	30	48308	2.9472794457433074e-07	5.73394495412844e-06	0.003411697247706422
K21	K58	11	630	113	48308	2.9762814438994786e-07	5.73394495412844e-06	0.0034174311926605506
F17	J43	8	1322	26	48308	3.10184783441549e-07	5.73394495412844e-06	0.003423165137614679
D64	D69	6	102	127	48308	3.2100526448478264e-07	5.73394495412844e-06	0.0034288990825688073
A51	A63	6	27	508	48308	3.222334094739288e-07	5.73394495412844e-06	0.0034346330275229356
G44	H81	10	261	216	48308	3.319473779141644e-07	5.73394495412844e-06	0.0034403669724770644
E79	F70	6	136	96	48308	3.354653621118848e-07	5.73394495412844e-06	0.0034461009174311928
F10	F70	19	2466	96	48308	3.390194965168941e-07	5.73394495412844e-06	0.003451834862385321
L02	L03	19	843	269	48308	3.438426064697858e-07	5.73394495412844e-06	0.0034575688073394495
A16	J18	8	61	535	48308	3.779661600836629e-07	5.73394495412844e-06	0.003463302752293578
F14	F61	7	93	236	48308	4.027280610782185e-07	5.73394495412844e-06	0.0034690366972477066
M51	M53	12	769	117	48308	4.059474887532504e-07	5.73394495412844e-06	0.003474770642201835
M24	M66	6	403	35	48308	4.296312307643959e-07	5.73394495412844e-06	0.0034805045871559633
B37	K50	6	35	406	48308	4.4861082473882403e-07	5.73394495412844e-06	0.0034862385321100917
D64	E87	6	102	135	48308	4.6016089816147417e-07	5.73394495412844e-06	0.00349197247706422
F31	F43	20	206	1249	48308	4.895446894579217e-07	5.73394495412844e-06	0.003497706422018349
I10	I63	9	856	55	48308	5.066350489789382e-07	5.73394495412844e-06	0.003503440366972477
F06	G40	10	63	975	48308	5.204123339017345e-07	5.73394495412844e-06	0.0035091743119266055
B27	J03	14	186	686	48308	5.216209884192953e-07	5.73394495412844e-06	0.003514908256880734
A46	E66	17	246	769	48308	5.462883122471297e-07	5.73394495412844e-06	0.0035206422018348622
F14	F32	13	93	1204	48308	5.51178263455278e-07	5.73394495412844e-06	0.003526376146788991
M48	M54	8	35	1045	48308	6.543861085572955e-07	5.73394495412844e-06	0.0035321100917431194
L05	L29	9	2034	26	48308	6.657666622239259e-07	5.73394495412844e-06	0.0035378440366972477
F07	F10	16	73	2466	48308	6.672133736298556e-07	5.73394495412844e-06	0.003543577981651376
N05	I10	6	19	856	48308	6.777469644688355e-07	5.73394495412844e-06	0.0035493119266055044
K56	K59	11	221	346	48308	6.818932580749159e-07	5.73394495412844e-06	0.0035550458715596332
N18	E11	6	125	118	48308	6.914912045203978e-07	5.73394495412844e-06	0.0035607798165137616
F20	B17	11	806	97	48308	7.052383022031155e-07	5.73394495412844e-06	0.00356651376146789
B96	K29	7	20	1341	48308	7.060972937856449e-07	5.73394495412844e-06	0.0035722477064220183
E73	K29	11	60	1341	48308	7.132720425444937e-07	5.73394495412844e-06	0.0035779816513761466
F33	F63	9	446	107	48308	7.254105566119871e-07	5.73394495412844e-06	0.0035837155963302754
K44	K63	10	436	142	48308	7.452476612554539e-07	5.73394495412844e-06	0.0035894495412844038
F31	F40	6	206	73	48308	7.500566689399072e-07	5.73394495412844e-06	0.003595183486238532
K22	K92	8	120	295	48308	8.177869002120598e-07	5.73394495412844e-06	0.0036009174311926605
G43	I10	19	281	856	48308	8.369857507501765e-07	5.73394495412844e-06	0.003606651376146789
E11	F17	15	118	1322	48308	8.68621883170313e-07	5.73394495412844e-06	0.0036123853211009176
F25	F31	8	173	206	48308	8.82719029857328e-07	5.73394495412844e-06	0.003618119266055046
J32	M95	26	818	512	48308	9.45941875559199e-07	5.73394495412844e-06	0.0036238532110091743
B18	L03	13	425	269	48308	9.555269901260729e-07	5.73394495412844e-06	0.0036295871559633027
A02	A09	9	56	908	48308	9.672500595896394e-07	5.73394495412844e-06	0.003635321100917431
F21	F23	6	44	365	48308	9.89336547619116e-07	5.73394495412844e-06	0.00364105504587156
F11	G40	37	756	975	48308	9.94432560527426e-07	5.73394495412844e-06	0.003646788990825688
J32	K09	9	818	63	48308	1.1456092339541735e-06	5.73394495412844e-06	0.0036525229357798165
E10	I10	18	260	856	48308	1.1533841739902293e-06	5.73394495412844e-06	0.003658256880733945
F33	F44	8	446	84	48308	1.1709375423692122e-06	5.73394495412844e-06	0.0036639908256880733
F32	F44	12	1204	84	48308	1.1797084703672755e-06	5.73394495412844e-06	0.003669724770642202
I31	J18	8	71	535	48308	1.2394844103984068e-06	5.73394495412844e-06	0.0036754587155963304
F13	K70	9	539	95	48308	1.258929463639496e-06	5.73394495412844e-06	0.0036811926605504587
E03	E66	12	130	769	48308	1.2651272231509882e-06	5.73394495412844e-06	0.003686926605504587
N43	N50	6	175	94	48308	1.2966083795986545e-06	5.73394495412844e-06	0.0036926605504587155
M17	M25	7	73	361	48308	1.3101368485132787e-06	5.73394495412844e-06	0.003698394495412844
G40	I61	7	975	29	48308	1.4141882683706774e-06	5.73394495412844e-06	0.0037041284403669726
D10	J34	16	69	2778	48308	1.421076125556918e-06	5.73394495412844e-06	0.003709862385321101
F17	F25	18	1322	173	48308	1.4643210249333703e-06	5.73394495412844e-06	0.0037155963302752293
B18	F61	12	425	236	48308	1.47204927442805e-06	5.73394495412844e-06	0.0037213302752293577
F45	M54	20	263	1045	48308	1.4766868327310132e-06	5.73394495412844e-06	0.003727064220183486
F34	F43	11	69	1249	48308	1.527929439467469e-06	5.73394495412844e-06	0.003732798165137615
F17	I26	15	1322	124	48308	1.6444223694876953e-06	5.73394495412844e-06	0.003738532110091743
E88	K76	6	48	367	48308	1.7303543991641305e-06	5.73394495412844e-06	0.0037442660550458715
D50	I84	9	105	507	48308	1.7736056057081303e-06	5.73394495412844e-06	0.00375
F10	F15	14	2466	61	48308	1.832696645479338e-06	5.73394495412844e-06	0.003755733944954128
E78	F10	56	563	2466	48308	1.83538248390989e-06	5.73394495412844e-06	0.003761467889908257
F16	F19	7	24	1254	48308	1.8359028557318872e-06	5.73394495412844e-06	0.0037672018348623854
H66	H91	8	131	302	48308	1.8908793678554342e-06	5.73394495412844e-06	0.0037729357798165137
K29	K62	18	1341	174	48308	1.943607408742754e-06	5.73394495412844e-06	0.003778669724770642
J18	K75	7	535	53	48308	1.9495620466051276e-06	5.73394495412844e-06	0.0037844036697247704
M23	M93	20	2012	142	48308	1.9526383376575366e-06	5.73394495412844e-06	0.003790137614678899
F17	K70	13	1322	95	48308	1.988070675298636e-06	5.73394495412844e-06	0.0037958715596330276
K20	K29	8	32	1341	48308	2.0064338597780574e-06	5.73394495412844e-06	0.003801605504587156
G40	K02	18	975	238	48308	2.0218024924970055e-06	5.73394495412844e-06	0.0038073394495412843
K21	K52	32	630	969	48308	2.157468703463446e-06	5.73394495412844e-06	0.0038130733944954126
F23	F61	11	365	236	48308	2.1734912500476615e-06	5.73394495412844e-06	0.0038188073394495414
A04	E86	6	181	100	48308	2.2664017756300708e-06	5.73394495412844e-06	0.0038245412844036698
F84	G40	7	31	975	48308	2.3002781258420253e-06	5.73394495412844e-06	0.003830275229357798
F32	G62	8	1204	36	48308	2.367145804529273e-06	5.73394495412844e-06	0.0038360091743119265
K44	K80	15	436	379	48308	2.3719957423560926e-06	5.73394495412844e-06	0.003841743119266055
F20	F33	23	806	446	48308	2.4011817838772814e-06	5.73394495412844e-06	0.0038474770642201836
F31	F42	6	206	89	48308	2.419438925734508e-06	5.73394495412844e-06	0.003853211009174312
F17	B17	13	1322	97	48308	2.5247602937255695e-06	5.73394495412844e-06	0.0038589449541284403
F10	K76	41	2466	367	48308	2.5757153587886963e-06	5.73394495412844e-06	0.0038646788990825687
J03	J39	9	686	82	48308	2.5962062422793966e-06	5.73394495412844e-06	0.003870412844036697
F41	F60	21	455	680	48308	2.6694820614954195e-06	5.73394495412844e-06	0.003876146788990826
K01	K10	6	351	54	48308	2.713977982722538e-06	5.73394495412844e-06	0.003881880733944954
F06	F10	14	63	2466	48308	2.7650264930861954e-06	5.73394495412844e-06	0.0038876146788990825
I84	K63	10	507	142	48308	2.8662297805857366e-06	5.73394495412844e-06	0.003893348623853211
E66	I21	7	769	40	48308	2.976007657946662e-06	5.73394495412844e-06	0.0038990825688073392
F45	K58	7	263	113	48308	3.092129353214756e-06	5.73394495412844e-06	0.003904816513761468
F33	F70	8	446	96	48308	3.2342248449581508e-06	5.73394495412844e-06	0.003910550458715596
K21	K80	18	630	379	48308	3.2715559048669766e-06	5.73394495412844e-06	0.003916284403669725
E66	I25	8	769	57	48308	3.30236481570421e-06	5.73394495412844e-06	0.003922018348623853
F10	F40	15	2466	73	48308	3.497834471329612e-06	5.73394495412844e-06	0.003927752293577982
F17	J42	7	1322	25	48308	3.530002169791337e-06	5.73394495412844e-06	0.00393348623853211
F33	F34	7	446	69	48308	3.5940078593980225e-06	5.73394495412844e-06	0.003939220183486239
A41	J18	7	58	535	48308	3.625611027520042e-06	5.73394495412844e-06	0.003944954128440367
J36	J39	7	377	82	48308	3.835202349722757e-06	5.73394495412844e-06	0.003950688073394495
K44	K59	14	436	346	48308	3.983006269900226e-06	5.73394495412844e-06	0.003956422018348624
I40	J03	10	110	686	48308	4.097178335353298e-06	5.73394495412844e-06	0.003962155963302752
N19	J18	6	39	535	48308	4.292567295446563e-06	5.73394495412844e-06	0.003967889908256881
K56	K63	7	221	142	48308	4.492037446140116e-06	5.73394495412844e-06	0.00397362385321101
K50	K85	10	406	186	48308	4.5285764058546e-06	5.73394495412844e-06	0.0039793577981651375
N39	N45	9	273	217	48308	4.6047488936396585e-06	5.73394495412844e-06	0.003985091743119266
D22	D48	7	132	239	48308	4.631771487175882e-06	5.73394495412844e-06	0.003990825688073394
F31	F41	11	206	455	48308	4.801598379299974e-06	5.73394495412844e-06	0.003996559633027523
I10	I48	12	856	133	48308	4.810491533303307e-06	5.73394495412844e-06	0.004002293577981652
I10	I35	7	856	39	48308	5.024170227018991e-06	5.73394495412844e-06	0.00400802752293578
E66	I26	11	769	124	48308	5.139698754383934e-06	5.73394495412844e-06	0.0040137614678899085
K29	K59	26	1341	346	48308	5.493019175955802e-06	5.73394495412844e-06	0.004019495412844036
M65	M94	8	270	169	48308	5.51235010983104e-06	5.73394495412844e-06	0.004025229357798165
E87	I10	12	135	856	48308	5.615607923763619e-06	5.73394495412844e-06	0.004030963302752294
F19	J96	10	1254	64	48308	5.6900811831839866e-06	5.73394495412844e-06	0.004036697247706422
N13	N35	8	477	97	48308	5.713336995894382e-06	5.73394495412844e-06	0.004042431192660551
M22	M25	9	170	361	48308	6.0336577058169156e-06	5.73394495412844e-06	0.004048165137614679
I10	I51	11	856	114	48308	6.232164404643293e-06	5.73394495412844e-06	0.004053899082568807
F11	K02	15	756	238	48308	6.283250784535457e-06	5.73394495412844e-06	0.004059633027522936
K52	K63	13	969	142	48308	6.332915470779846e-06	5.73394495412844e-06	0.004065366972477064
F32	I10	44	1204	856	48308	6.787773238252934e-06	5.73394495412844e-06	0.004071100917431193
E78	F13	20	563	539	48308	7.1310285819525e-06	5.73394495412844e-06	0.004076834862385321
F50	F60	7	51	680	48308	7.182996812383949e-06	5.73394495412844e-06	0.00408256880733945
F10	F31	27	2466	206	48308	7.238020440752765e-06	5.73394495412844e-06	0.004088302752293578
F33	K71	6	446	51	48308	7.5888631617318695e-06	5.73394495412844e-06	0.004094036697247706
F44	G40	10	84	975	48308	7.67841356779251e-06	5.73394495412844e-06	0.004099770642201835
F20	F21	7	806	44	48308	7.854951816527994e-06	5.73394495412844e-06	0.004105504587155963
N47	A63	31	1224	508	48308	8.120639209569095e-06	5.73394495412844e-06	0.004111238532110092
A63	B07	8	508	96	48308	8.351968160490956e-06	5.73394495412844e-06	0.004116972477064221
F20	F99	6	806	30	48308	8.933440216650746e-06	5.73394495412844e-06	0.0041227064220183485
F17	J40	12	1322	93	48308	9.087433906567592e-06	5.73394495412844e-06	0.004128440366972477
J01	J20	7	199	177	48308	9.60536755038567e-06	5.73394495412844e-06	0.004134174311926605
F10	K85	25	2466	186	48308	9.98739627930421e-06	5.73394495412844e-06	0.004139908256880734
F17	J98	12	1322	94	48308	1.0159764683338328e-05	5.73394495412844e-06	0.004145642201834863
B35	E66	6	32	769	48308	1.016030196503181e-05	5.73394495412844e-06	0.004151376146788991
B94	F11	6	33	756	48308	1.112569360320317e-05	5.73394495412844e-06	0.0041571100917431195
D10	K01	6	69	351	48308	1.1495159548832067e-05	5.73394495412844e-06	0.004162844036697247
F13	F34	7	539	69	48308	1.2289669094516402e-05	5.73394495412844e-06	0.004168577981651376
M16	M25	6	68	361	48308	1.2376660847309516e-05	5.73394495412844e-06	0.004174311926605505
H81	H93	10	216	392	48308	1.2394418139268719e-05	5.73394495412844e-06	0.004180045871559633
K52	K62	14	969	174	48308	1.2574515541668063e-05	5.73394495412844e-06	0.004185779816513762
G47	I10	24	499	856	48308	1.2945094682871966e-05	5.73394495412844e-06	0.00419151376146789
K62	K92	8	174	295	48308	1.2968550277525883e-05	5.73394495412844e-06	0.004197247706422018
E73	K21	7	60	630	48308	1.3171508897241777e-05	5.73394495412844e-06	0.004202981651376147
I42	K76	6	68	367	48308	1.358289479850205e-05	5.73394495412844e-06	0.004208715596330275
K62	K63	6	174	142	48308	1.3664528490203272e-05	5.73394495412844e-06	0.004214449541284404
F17	G58	12	1322	97	48308	1.4069258082553516e-05	5.73394495412844e-06	0.004220183486238532
E88	F20	7	48	806	48308	1.4244761881311632e-05	5.73394495412844e-06	0.004225917431192661
F45	G44	9	263	261	48308	1.4996860849077606e-05	5.73394495412844e-06	0.004231651376146789
J18	J45	17	535	453	48308	1.560906329756199e-05	5.73394495412844e-06	0.004237385321100917
B18	N18	8	425	125	48308	1.6119217075515494e-05	5.73394495412844e-06	0.004243119266055046
F07	G40	9	73	975	48308	1.6376688615832247e-05	5.73394495412844e-06	0.004248853211009174
M65	M93	7	270	142	48308	1.6483410354684712e-05	5.73394495412844e-06	0.004254587155963303
E66	I50	6	769	35	48308	1.7475136219962866e-05	5.73394495412844e-06	0.004260321100917432
F13	K02	12	539	238	48308	1.7611316690595573e-05	5.73394495412844e-06	0.0042660550458715595
F17	F34	10	1322	69	48308	1.78819254301652e-05	5.73394495412844e-06	0.004271788990825688
F20	F42	9	806	89	48308	1.8535798209584802e-05	5.73394495412844e-06	0.004277522935779816
K21	K63	10	630	142	48308	1.8866529102793055e-05	5.73394495412844e-06	0.004283256880733945
D37	K44	6	61	436	48308	1.9062885242486684e-05	5.73394495412844e-06	0.004288990825688074
A04	K52	14	181	969	48308	1.961941600553701e-05	5.73394495412844e-06	0.004294724770642202
K51	A09	16	246	908	48308	2.0185521573620652e-05	5.73394495412844e-06	0.0043004587155963305
F20	K71	7	806	51	48308	2.1449038340494368e-05	5.73394495412844e-06	0.0043061926605504584
E78	I20	7	563	72	48308	2.1537188506946107e-05	5.73394495412844e-06	0.004311926605504587
E87	F17	14	135	1322	48308	2.171187565378812e-05	5.73394495412844e-06	0.004317660550458716
B18	J96	6	425	64	48308	2.1809625039603537e-05	5.73394495412844e-06	0.004323394495412844
F41	F42	7	455	89	48308	2.2254110564037486e-05	5.73394495412844e-06	0.004329128440366973
F19	F63	12	1254	107	48308	2.2838706039348856e-05	5.73394495412844e-06	0.004334862385321101
G40	K70	10	975	95	48308	2.3026582610640344e-05	5.73394495412844e-06	0.004340596330275229
F25	F61	7	173	236	48308	2.485973444865773e-05	5.73394495412844e-06	0.004346330275229358
G43	G44	9	281	261	48308	2.5245326089766456e-05	5.73394495412844e-06	0.004352064220183486
F14	F33	7	93	446	48308	2.6097795703511674e-05	5.73394495412844e-06	0.004357798165137615
D23	L72	8	120	479	48308	2.8086974153803812e-05	5.73394495412844e-06	0.004363532110091743
F13	F63	8	539	107	48308	2.827415846007615e-05	5.73394495412844e-06	0.004369266055045872
H65	H91	6	94	302	48308	2.915151606909487e-05	5.73394495412844e-06	0.004375
G47	J34	52	499	2778	48308	2.921227058168058e-05	5.73394495412844e-06	0.004380733944954128
M21	M24	7	105	403	48308	3.0110163502006244e-05	5.73394495412844e-06	0.004386467889908257
E78	M47	7	563	76	48308	3.070688891679736e-05	5.73394495412844e-06	0.004392201834862385
J45	J98	7	453	94	48308	3.08791706778886e-05	5.73394495412844e-06	0.004397935779816514
D48	L72	11	239	479	48308	3.0980864962235223e-05	5.73394495412844e-06	0.004403669724770642
N20	N28	6	971	31	48308	3.111184784924386e-05	5.73394495412844e-06	0.0044094036697247705
J45	J96	6	453	64	48308	3.114310391694323e-05	5.73394495412844e-06	0.004415137614678899
F71	G40	6	31	975	48308	3.183381419884258e-05	5.73394495412844e-06	0.004420871559633027
D86	F17	11	89	1322	48308	3.210273873197256e-05	5.73394495412844e-06	0.004426605504587156
F17	M54	52	1322	1045	48308	3.286543169548017e-05	5.73394495412844e-06	0.004432339449541284
E78	F31	11	563	206	48308	3.436372139267295e-05	5.73394495412844e-06	0.004438073394495413
K52	K92	18	969	295	48308	3.4882588190342206e-05	5.73394495412844e-06	0.0044438073394495415
F25	F33	9	173	446	48308	3.6698169232654555e-05	5.73394495412844e-06	0.0044495412844036695
E66	M42	7	769	58	48308	3.7455705457016066e-05	5.73394495412844e-06	0.004455275229357798
E78	F19	32	563	1254	48308	3.8063640932086895e-05	5.73394495412844e-06	0.004461009174311926
F12	F41	17	572	455	48308	3.8161031400279284e-05	5.73394495412844e-06	0.004466743119266055
F33	F45	11	446	263	48308	3.8828127772029605e-05	5.73394495412844e-06	0.004472477064220184
E78	I63	6	563	55	48308	4.3583209293725064e-05	5.73394495412844e-06	0.004478211009174312
F19	K71	8	1254	51	48308	4.7665753994869035e-05	5.73394495412844e-06	0.0044839449541284404
F34	F41	6	69	455	48308	4.9049041695558285e-05	5.73394495412844e-06	0.004489678899082568
F45	K21	13	263	630	48308	4.92626065119877e-05	5.73394495412844e-06	0.004495412844036697
J30	J35	16	175	1386	48308	4.9339795787506465e-05	5.73394495412844e-06	0.004501146788990826
G82	J18	7	86	535	48308	4.962899029110625e-05	5.73394495412844e-06	0.004506880733944954
I10	K70	9	856	95	48308	4.9875762034867146e-05	5.73394495412844e-06	0.004512614678899083
F13	F90	6	539	59	48308	5.122924522130814e-05	5.73394495412844e-06	0.0045183486238532106
J45	K76	13	453	367	48308	5.2024284456688295e-05	5.73394495412844e-06	0.004524082568807339
E66	L30	7	769	61	48308	5.215248117163103e-05	5.73394495412844e-06	0.004529816513761468
B18	K02	10	425	238	48308	5.606956403070069e-05	5.73394495412844e-06	0.004535550458715596
E87	F10	19	135	2466	48308	5.9004989527537905e-05	5.73394495412844e-06	0.004541284403669725
D18	G40	8	67	975	48308	6.094128315304262e-05	5.73394495412844e-06	0.004547018348623853
F11	J69	6	756	44	48308	6.127192733664578e-05	5.73394495412844e-06	0.0045527522935779816
E79	F10	19	136	2466	48308	6.534206708967244e-05	5.73394495412844e-06	0.00455848623853211
E78	K44	16	563	436	48308	6.561062367782103e-05	5.73394495412844e-06	0.004564220183486238
F60	F70	8	680	96	48308	6.61074938866152e-05	5.73394495412844e-06	0.004569954128440367
F25	I10	12	173	856	48308	6.703861495906844e-05	5.73394495412844e-06	0.004575688073394495
I10	I47	11	856	147	48308	6.76603043055436e-05	5.73394495412844e-06	0.004581422018348624
K25	K92	6	112	295	48308	6.855388014728927e-05	5.73394495412844e-06	0.0045871559633027525
I10	I34	6	856	40	48308	6.984299053048984e-05	5.73394495412844e-06	0.0045928899082568805
E03	G40	11	130	975	48308	7.02831153502072e-05	5.73394495412844e-06	0.004598623853211009
E78	F45	12	563	263	48308	7.067106668634732e-05	5.73394495412844e-06	0.004604357798165137
F12	F90	6	572	59	48308	7.105571550254623e-05	5.73394495412844e-06	0.004610091743119266
H81	H91	8	216	302	48308	7.134528149294866e-05	5.73394495412844e-06	0.004615825688073395
I10	I49	9	856	100	48308	7.465674870269389e-05	5.73394495412844e-06	0.004621559633027523
J01	K04	6	199	169	48308	7.679983370838066e-05	5.73394495412844e-06	0.0046272935779816515
K60	K92	10	356	295	48308	7.706132373672155e-05	5.73394495412844e-06	0.004633027522935779
F07	F60	7	73	680	48308	7.739663158546134e-05	5.73394495412844e-06	0.004638761467889908
F60	J44	7	680	73	48308	7.739663158546134e-05	5.73394495412844e-06	0.004644495412844037
M19	M25	7	136	361	48308	7.852591032948104e-05	5.73394495412844e-06	0.004650229357798165
K44	K58	7	436	113	48308	7.892548402889615e-05	5.73394495412844e-06	0.004655963302752294
J18	J40	7	535	93	48308	8.187521623917866e-05	5.73394495412844e-06	0.004661697247706422
E87	K76	7	135	367	48308	8.305249442914414e-05	5.73394495412844e-06	0.00466743119266055
K44	K57	7	436	114	48308	8.344335282602024e-05	5.73394495412844e-06	0.004673165137614679
J01	J18	10	199	535	48308	8.441061330830634e-05	5.73394495412844e-06	0.004678899082568807
K70	K76	6	95	367	48308	9.081846224958542e-05	5.73394495412844e-06	0.004684633027522936
M00	M23	7	27	2012	48308	9.159270916627024e-05	5.73394495412844e-06	0.004690366972477064
F41	F61	10	455	236	48308	9.170279571659538e-05	5.73394495412844e-06	0.004696100917431193
I95	J06	7	151	333	48308	9.171664207841107e-05	5.73394495412844e-06	0.004701834862385321
G45	I10	6	42	856	48308	9.262529659714738e-05	5.73394495412844e-06	0.004707568807339449
E66	K21	24	769	630	48308	9.45771696815373e-05	5.73394495412844e-06	0.004713302752293578
B24	A63	6	70	508	48308	9.74230585896341e-05	5.73394495412844e-06	0.004719036697247706
E79	F17	13	136	1322	48308	9.83610696493467e-05	5.73394495412844e-06	0.004724770642201835
E87	G40	11	135	975	48308	9.882998906933911e-05	5.73394495412844e-06	0.0047305045871559636
M22	M24	8	170	403	48308	9.89973290744246e-05	5.73394495412844e-06	0.0047362385321100915
H66	H93	7	131	392	48308	0.00010344953402891968	5.73394495412844e-06	0.00474197247706422
K29	K86	7	1341	40	48308	0.00010457033200067257	5.73394495412844e-06	0.004747706422018348
E10	F17	19	260	1322	48308	0.00011512852776837924	5.73394495412844e-06	0.004753440366972477
F17	J20	15	1322	177	48308	0.00011729995712409229	5.73394495412844e-06	0.004759174311926606
N50	I86	6	94	389	48308	0.00011761894396224092	5.73394495412844e-06	0.004764908256880734
F11	J45	19	756	453	48308	0.00011895694895949148	5.73394495412844e-06	0.0047706422018348625
N39	K50	10	273	406	48308	0.00011953598909637701	5.73394495412844e-06	0.00477637614678899
I10	M81	6	856	44	48308	0.00012095352291176419	5.73394495412844e-06	0.004782110091743119
E66	F20	28	769	806	48308	0.00012359686388826855	5.73394495412844e-06	0.004787844036697248
E78	M54	27	563	1045	48308	0.0001240785726537318	5.73394495412844e-06	0.004793577981651376
F43	F71	6	1249	31	48308	0.0001248591789229381	5.73394495412844e-06	0.004799311926605505
L02	L70	7	843	64	48308	0.0001258971537481292	5.73394495412844e-06	0.004805045871559633
F15	F32	8	61	1204	48308	0.00013290689613939646	5.73394495412844e-06	0.004810779816513761
F05	F10	6	17	2466	48308	0.00013357505721755747	5.73394495412844e-06	0.00481651376146789
I10	K85	12	856	186	48308	0.00013357568728107622	5.73394495412844e-06	0.004822247706422018
B24	F13	6	70	539	48308	0.0001344355956100508	5.73394495412844e-06	0.004827981651376147
D64	K76	6	102	367	48308	0.00013458887873853782	5.73394495412844e-06	0.004833715596330275
F10	F16	7	2466	24	48308	0.00014359792836307657	5.73394495412844e-06	0.004839449541284404
F12	K02	11	572	238	48308	0.00014370506815803474	5.73394495412844e-06	0.004845183486238532
M21	M25	6	105	361	48308	0.0001443644120100205	5.73394495412844e-06	0.00485091743119266
F32	F70	10	1204	96	48308	0.00014472315245673376	5.73394495412844e-06	0.004856651376146789
K35	K56	20	1726	221	48308	0.0001469622256744492	5.73394495412844e-06	0.004862385321100917
F31	F45	7	206	263	48308	0.00014700577622271096	5.73394495412844e-06	0.004868119266055046
I84	K21	18	507	630	48308	0.0001481027439818668	5.73394495412844e-06	0.004873853211009175
K51	K92	8	246	295	48308	0.00014899679131186926	5.73394495412844e-06	0.0048795871559633025
E66	F70	8	769	96	48308	0.0001538922026963529	5.73394495412844e-06	0.004885321100917431
D10	J35	9	69	1386	48308	0.00015495149273628544	5.73394495412844e-06	0.004891055045871559
F45	K44	10	263	436	48308	0.00015709734574998642	5.73394495412844e-06	0.004896788990825688
J32	K04	11	818	169	48308	0.00015774943303761683	5.73394495412844e-06	0.004902522935779817
K52	K90	6	969	41	48308	0.00015837850547876904	5.73394495412844e-06	0.004908256880733945
F12	F34	6	572	69	48308	0.00017109980276341447	5.73394495412844e-06	0.0049139908256880735
F17	F63	11	1322	107	48308	0.00017435961721061003	5.73394495412844e-06	0.004919724770642201
E78	I49	7	563	100	48308	0.00017688282452358174	5.73394495412844e-06	0.00492545871559633
F10	F34	12	2466	69	48308	0.00017834235979834214	5.73394495412844e-06	0.004931192660550459
E78	F43	30	563	1249	48308	0.00018882041377953662	5.73394495412844e-06	0.004936926605504587
I10	K21	25	856	630	48308	0.00018916319970626477	5.73394495412844e-06	0.004942660550458716
B18	F33	13	425	446	48308	0.00019101930772126363	5.73394495412844e-06	0.004948394495412844
E66	K75	6	769	53	48308	0.00019388821373361433	5.73394495412844e-06	0.004954128440366972
F43	F45	18	1249	263	48308	0.00019400148762594986	5.73394495412844e-06	0.004959862385321101
F17	F31	16	1322	206	48308	0.00019465988272448535	5.73394495412844e-06	0.004965596330275229
E03	F33	7	130	446	48308	0.00021736986052506518	5.73394495412844e-06	0.004971330275229358
N17	F19	10	97	1254	48308	0.00021865257021598368	5.73394495412844e-06	0.004977064220183486
F17	I40	11	1322	110	48308	0.0002227656703721188	5.73394495412844e-06	0.004982798165137615
B18	N17	6	425	97	48308	0.0002253071452413769	5.73394495412844e-06	0.004988532110091743
F17	M47	9	1322	76	48308	0.0002304176560248267	5.73394495412844e-06	0.004994266055045871
F07	F12	6	73	572	48308	0.0002334791954553919	5.73394495412844e-06	0.005
K57	K76	6	114	367	48308	0.0002470200421104689	5.73394495412844e-06	0.005005733944954128
I82	I84	6	83	507	48308	0.0002474089422501456	5.73394495412844e-06	0.005011467889908257
I10	M53	9	856	117	48308	0.00024842997947014067	5.73394495412844e-06	0.005017201834862386
F17	J90	8	1322	61	48308	0.00025060445920204735	5.73394495412844e-06	0.0050229357798165135
J40	J45	6	93	453	48308	0.00025199393847882227	5.73394495412844e-06	0.005028669724770642
J06	K76	10	333	367	48308	0.0002627551409424313	5.73394495412844e-06	0.00503440366972477
E10	E78	11	260	563	48308	0.00026908705582259665	5.73394495412844e-06	0.005040137614678899
D68	F17	8	62	1322	48308	0.0002808933715105799	5.73394495412844e-06	0.005045871559633028
E79	F33	7	136	446	48308	0.0002864705883931812	5.73394495412844e-06	0.005051605504587156
F45	I10	14	263	856	48308	0.00028822954412759295	5.73394495412844e-06	0.0050573394495412845
F41	K70	6	455	95	48308	0.00028955419335517754	5.73394495412844e-06	0.005063073394495412
J32	K10	6	818	54	48308	0.00029937760021919225	5.73394495412844e-06	0.005068807339449541
I10	I45	9	856	120	48308	0.00030014098997693887	5.73394495412844e-06	0.00507454128440367
E88	F17	7	48	1322	48308	0.00031254038882483375	5.73394495412844e-06	0.005080275229357798
I10	J44	7	856	73	48308	0.0003162243938628044	5.73394495412844e-06	0.005086009174311927
F11	F90	6	756	59	48308	0.0003207040719847142	5.73394495412844e-06	0.005091743119266055
K31	A09	6	50	908	48308	0.0003407172748075619	5.73394495412844e-06	0.005097477064220183
F17	I50	6	1322	35	48308	0.00034145823918003623	5.73394495412844e-06	0.005103211009174312
I10	K75	6	856	53	48308	0.0003437139107728986	5.73394495412844e-06	0.00510894495412844
E03	F20	9	130	806	48308	0.00035094581619595476	5.73394495412844e-06	0.005114678899082569
I80	J18	8	156	535	48308	0.00037256330599406414	5.73394495412844e-06	0.005120412844036697
F41	K21	16	455	630	48308	0.00037629046038304494	5.73394495412844e-06	0.005126146788990826
A49	K29	7	49	1341	48308	0.0003878972180914916	5.73394495412844e-06	0.005131880733944954
E78	I51	7	563	114	48308	0.0003954786004343386	5.73394495412844e-06	0.005137614678899082
M24	M84	7	403	159	48308	0.00040190180503224245	5.73394495412844e-06	0.005143348623853211
I10	M47	7	856	76	48308	0.00040534126950095875	5.73394495412844e-06	0.005149082568807339
N45	I86	8	217	389	48308	0.0004094375318086527	5.73394495412844e-06	0.005154816513761468
F19	F22	8	1254	69	48308	0.0004150042029168187	5.73394495412844e-06	0.005160550458715597
M21	M23	13	105	2012	48308	0.0004301559392125827	5.73394495412844e-06	0.0051662844036697245
K51	K59	8	246	346	48308	0.0004339971523133002	5.73394495412844e-06	0.005172018348623853
B18	F23	11	425	365	48308	0.00044324306070368905	5.73394495412844e-06	0.005177752293577981
F17	F43	55	1322	1249	48308	0.0004442377326019203	5.73394495412844e-06	0.00518348623853211
F60	B17	7	680	97	48308	0.0004566396769722224	5.73394495412844e-06	0.005189220183486239
J01	J06	7	199	333	48308	0.0004952463454549233	5.73394495412844e-06	0.005194954128440367
G44	J06	8	261	333	48308	0.0004983848061563193	5.73394495412844e-06	0.0052006880733944955
F13	F42	6	539	89	48308	0.0004986746320572049	5.73394495412844e-06	0.0052064220183486234
F11	J96	6	756	64	48308	0.0004995886812134603	5.73394495412844e-06	0.005212155963302752
N18	J18	7	125	535	48308	0.0005090748033869386	5.73394495412844e-06	0.005217889908256881
F19	F42	9	1254	89	48308	0.0005152495455931399	5.73394495412844e-06	0.005223623853211009
E78	G43	11	563	281	48308	0.0005172913364666661	5.73394495412844e-06	0.005229357798165138
M67	M89	6	598	81	48308	0.0005191866352243455	5.73394495412844e-06	0.005235091743119266
I31	J03	6	71	686	48308	0.0005253932615957428	5.73394495412844e-06	0.0052408256880733944
E03	F60	8	130	680	48308	0.000534080895676775	5.73394495412844e-06	0.005246559633027523
E66	J96	6	769	64	48308	0.0005462568759572159	5.73394495412844e-06	0.005252293577981651
F41	F63	6	455	107	48308	0.0005478031364522524	5.73394495412844e-06	0.00525802752293578
G40	K71	6	975	51	48308	0.0005528651357552797	5.73394495412844e-06	0.005263761467889908
D69	J18	7	127	535	48308	0.0005597969088111923	5.73394495412844e-06	0.005269495412844037
D86	E66	7	89	769	48308	0.0005614274299600873	5.73394495412844e-06	0.005275229357798165
E03	F43	11	130	1249	48308	0.0005840679300066409	5.73394495412844e-06	0.005280963302752293
K59	K63	6	346	142	48308	0.0005845486794985174	5.73394495412844e-06	0.005286697247706422
E03	K80	6	130	379	48308	0.0005905754329365853	5.73394495412844e-06	0.00529243119266055
F40	F43	8	73	1249	48308	0.0005934968761328579	5.73394495412844e-06	0.005298165137614679
F07	F19	8	73	1254	48308	0.0006091661296376772	5.73394495412844e-06	0.005303899082568808
J18	J98	6	535	94	48308	0.0006415059341672589	5.73394495412844e-06	0.0053096330275229356
F32	F90	7	1204	59	48308	0.0006475402686749502	5.73394495412844e-06	0.005315366972477064
F13	J45	14	539	453	48308	0.0006619183092616687	5.73394495412844e-06	0.005321100917431192
K60	K63	6	356	142	48308	0.0006780148786525601	5.73394495412844e-06	0.005326834862385321
I10	I82	7	856	83	48308	0.0006920477976389955	5.73394495412844e-06	0.00533256880733945
F32	B17	9	1204	97	48308	0.0007246931571965963	5.73394495412844e-06	0.005338302752293578
M25	M93	6	361	142	48308	0.000728887551540197	5.73394495412844e-06	0.0053440366972477065
F41	K58	6	455	113	48308	0.000730543573726276	5.73394495412844e-06	0.0053497706422018345
I10	J90	6	856	61	48308	0.0007376200884543013	5.73394495412844e-06	0.005355504587155963
J18	B17	6	535	97	48308	0.0007572172733887446	5.73394495412844e-06	0.005361238532110092
F13	F25	8	539	173	48308	0.0007739691992408184	5.73394495412844e-06	0.00536697247706422
G44	J01	6	261	199	48308	0.0007876583261567711	5.73394495412844e-06	0.005372706422018349
K50	A09	18	406	908	48308	0.0007923579004134025	5.73394495412844e-06	0.005378440366972477
F17	K08	12	1322	148	48308	0.0008089479735133626	5.73394495412844e-06	0.0053841743119266055
I84	K44	13	507	436	48308	0.000809651041762367	5.73394495412844e-06	0.005389908256880734
F19	F30	6	1254	43	48308	0.0008108574446296497	5.73394495412844e-06	0.005395642201834862
E03	E78	7	130	563	48308	0.0008660958478498374	5.73394495412844e-06	0.005401376146788991
F19	B16	8	1254	77	48308	0.0008707861806028641	5.73394495412844e-06	0.005407110091743119
J15	J18	8	178	535	48308	0.000887523078407382	5.73394495412844e-06	0.005412844036697248
B18	F25	7	425	173	48308	0.0009053812638330737	5.73394495412844e-06	0.0054185779816513764
N18	E66	8	125	769	48308	0.0009137570855892803	5.73394495412844e-06	0.005424311926605504
E78	F70	6	563	96	48308	0.0009328524339934972	5.73394495412844e-06	0.005430045871559633
F43	B17	9	1249	97	48308	0.0009376256395932697	5.73394495412844e-06	0.005435779816513761
K50	K92	9	406	295	48308	0.0009630551360660715	5.73394495412844e-06	0.00544151376146789
F15	F43	7	61	1249	48308	0.0009819708311514877	5.73394495412844e-06	0.005447247706422019
F41	K44	12	455	436	48308	0.0010001029607632004	5.73394495412844e-06	0.005452981651376147
E66	I20	6	769	72	48308	0.0010227406887167853	5.73394495412844e-06	0.005458715596330275
D64	K52	8	102	969	48308	0.0010628810808700079	5.73394495412844e-06	0.005464449541284403
E87	A09	9	135	908	48308	0.0010721315733944643	5.73394495412844e-06	0.005470183486238532
E66	L40	7	769	100	48308	0.001122826568484231	5.73394495412844e-06	0.005475917431192661
F06	F19	7	63	1254	48308	0.0012187372060014807	5.73394495412844e-06	0.005481651376146789
F17	I30	7	1322	60	48308	0.001234371263616278	5.73394495412844e-06	0.0054873853211009176
F17	F70	9	1322	96	48308	0.0012912914776996443	5.73394495412844e-06	0.0054931192660550455
F15	F17	7	61	1322	48308	0.0013618965901144187	5.73394495412844e-06	0.005498853211009174
F45	F60	11	263	680	48308	0.0013852754911866834	5.73394495412844e-06	0.005504587155963303
K35	K36	12	1726	122	48308	0.0014504446981263724	5.73394495412844e-06	0.005510321100917431
E66	M41	6	769	77	48308	0.0014517475711424395	5.73394495412844e-06	0.00551605504587156
J20	J45	7	177	453	48308	0.0014893974263883573	5.73394495412844e-06	0.005521788990825688
F23	F43	20	365	1249	48308	0.0014937526492948133	5.73394495412844e-06	0.0055275229357798165
J15	J45	7	178	453	48308	0.0015381146203405597	5.73394495412844e-06	0.005533256880733945
J06	J15	6	333	178	48308	0.0015440902054428348	5.73394495412844e-06	0.005538990825688073
F10	J69	8	2466	44	48308	0.0015561573853326645	5.73394495412844e-06	0.005544724770642202
K44	K85	7	436	186	48308	0.0015915549343906183	5.73394495412844e-06	0.00555045871559633
I10	J18	20	856	535	48308	0.001621409195866036	5.73394495412844e-06	0.005556192660550459
F70	I10	7	96	856	48308	0.0016311857713484847	5.73394495412844e-06	0.0055619266055045875
F32	K71	6	1204	51	48308	0.00163766427675913	5.73394495412844e-06	0.005567660550458715
F06	F17	7	63	1322	48308	0.0016476502559477169	5.73394495412844e-06	0.005573394495412844
E66	F63	7	769	107	48308	0.0016631042529074067	5.73394495412844e-06	0.005579128440366972
B34	F17	7	64	1322	48308	0.0018069548987009558	5.73394495412844e-06	0.005584862385321101
E66	F25	9	769	173	48308	0.001923600141699302	5.73394495412844e-06	0.00559059633027523
F45	F61	6	263	236	48308	0.001954198656241254	5.73394495412844e-06	0.005596330275229358
K29	L50	12	1341	162	48308	0.0019835184598864194	5.73394495412844e-06	0.005602064220183486
K61	L73	6	540	116	48308	0.001998177477947919	5.73394495412844e-06	0.005607798165137614
M25	M67	12	361	598	48308	0.002019876942815131	5.73394495412844e-06	0.005613532110091743
M45	M54	6	61	1045	48308	0.0020383734901617233	5.73394495412844e-06	0.005619266055045872
E87	K21	7	135	630	48308	0.0020437601264284657	5.73394495412844e-06	0.005625
K52	K58	8	969	113	48308	0.0020479002049864263	5.73394495412844e-06	0.005630733944954129
F17	G43	17	1322	281	48308	0.0020923546262050126	5.73394495412844e-06	0.0056364678899082565
E79	K21	7	136	630	48308	0.002130931379516379	5.73394495412844e-06	0.005642201834862385
E04	E66	6	83	769	48308	0.002133460635800701	5.73394495412844e-06	0.005647935779816514
K21	K62	8	630	174	48308	0.002144069788651783	5.73394495412844e-06	0.005653669724770642
B99	J06	6	190	333	48308	0.0021445424984473157	5.73394495412844e-06	0.005659403669724771
K21	K59	12	630	346	48308	0.0021832260227054867	5.73394495412844e-06	0.005665137614678899
B18	E10	8	425	260	48308	0.002290200038763758	5.73394495412844e-06	0.0056708715596330275
F44	M54	7	84	1045	48308	0.002322647990071793	5.73394495412844e-06	0.005676605504587156
F17	K44	23	1322	436	48308	0.0023540967948141446	5.73394495412844e-06	0.005682339449541284
F33	K21	14	446	630	48308	0.0024502846846760824	5.73394495412844e-06	0.005688073394495413
K51	K60	7	246	356	48308	0.0024666679215546816	5.73394495412844e-06	0.005693807339449541
I10	M41	6	856	77	48308	0.002482305644744605	5.73394495412844e-06	0.00569954128440367
J15	K76	6	178	367	48308	0.0025091440367322215	5.73394495412844e-06	0.0057052752293577985
F32	J45	22	1204	453	48308	0.002560095816487586	5.73394495412844e-06	0.005711009174311926
A63	K62	7	508	174	48308	0.002570039495859575	5.73394495412844e-06	0.005716743119266055
N18	K29	10	125	1341	48308	0.0026200422411460367	5.73394495412844e-06	0.005722477064220183
D69	F17	10	127	1322	48308	0.00265660685719083	5.73394495412844e-06	0.005728211009174312
D22	A63	6	132	508	48308	0.002820842416036906	5.73394495412844e-06	0.005733944954128441
G47	J35	26	499	1386	48308	0.00286817548562708	5.73394495412844e-06	0.005739678899082569
F19	J44	7	1254	73	48308	0.0028718465147390937	5.73394495412844e-06	0.005745412844036697
F33	I10	17	446	856	48308	0.002873189938323521	5.73394495412844e-06	0.005751146788990825
F32	G93	7	1204	76	48308	0.002883086396647989	5.73394495412844e-06	0.005756880733944954
F10	F90	9	2466	59	48308	0.0028888514379788663	5.73394495412844e-06	0.005762614678899083
K21	K50	13	630	406	48308	0.0029099154425451675	5.73394495412844e-06	0.005768348623853211
E66	I45	7	769	120	48308	0.0031812697529936453	5.73394495412844e-06	0.00577408256880734
F17	J22	6	1322	53	48308	0.003183096844887751	5.73394495412844e-06	0.0057798165137614675
G40	J18	21	975	535	48308	0.003276071023500448	5.73394495412844e-06	0.005785550458715596
K52	A09	31	969	908	48308	0.0032790857498481516	5.73394495412844e-06	0.005791284403669725
E03	J18	6	130	535	48308	0.0033698991822061096	5.73394495412844e-06	0.005797018348623853
F12	G40	22	572	975	48308	0.00338177542717083	5.73394495412844e-06	0.005802752293577982
N20	N35	7	971	97	48308	0.003486203672246397	5.73394495412844e-06	0.00580848623853211
F10	F44	11	2466	84	48308	0.0035973774695411236	5.73394495412844e-06	0.0058142201834862385
E66	I80	8	769	156	48308	0.0036771376933699028	5.73394495412844e-06	0.005819954128440367
K50	K62	6	406	174	48308	0.0036785341150164966	5.73394495412844e-06	0.005825688073394495
F17	K25	9	1322	112	48308	0.0037218752518911637	5.73394495412844e-06	0.005831422018348624
N39	I10	12	273	856	48308	0.003768424219268211	5.73394495412844e-06	0.005837155963302752
F34	M54	6	69	1045	48308	0.0038059337155051938	5.73394495412844e-06	0.005842889908256881
F17	F40	7	1322	73	48308	0.003836554070488579	5.73394495412844e-06	0.0058486238532110095
D69	E78	6	127	563	48308	0.0038495630655682434	5.73394495412844e-06	0.005854357798165137
F10	F41	37	2466	455	48308	0.0038736919741245196	5.73394495412844e-06	0.005860091743119266
K21	K57	6	630	114	48308	0.003908473580112819	5.73394495412844e-06	0.005865825688073394
B18	F43	21	425	1249	48308	0.003934970184225914	5.73394495412844e-06	0.005871559633027523
F19	K02	14	1254	238	48308	0.004010620793685729	5.73394495412844e-06	0.005877293577981652
E78	F23	11	563	365	48308	0.0040556921863102	5.73394495412844e-06	0.00588302752293578
F43	F90	6	1249	59	48308	0.004141152947790592	5.73394495412844e-06	0.005888761467889908
J02	J35	9	109	1386	48308	0.004224435639181467	5.73394495412844e-06	0.005894495412844036
L02	L05	52	843	2034	48308	0.0043008517486958974	5.73394495412844e-06	0.005900229357798165
F11	F61	10	756	236	48308	0.004324366280854606	5.73394495412844e-06	0.005905963302752294
A04	K50	6	181	406	48308	0.0044548326299913175	5.73394495412844e-06	0.005911697247706422
F32	G35	10	1204	150	48308	0.004530739611645043	5.73394495412844e-06	0.005917431192660551
F45	G43	6	263	281	48308	0.004601565841004612	5.73394495412844e-06	0.0059231651376146785
G40	M41	6	975	77	48308	0.004683173690099944	5.73394495412844e-06	0.005928899082568807
K52	K59	15	969	346	48308	0.004686123235174715	5.73394495412844e-06	0.005934633027522936
F14	F20	6	93	806	48308	0.004731121618234353	5.73394495412844e-06	0.005940366972477064
E66	F61	10	769	236	48308	0.004862329811645773	5.73394495412844e-06	0.005946100917431193
L02	L72	17	843	479	48308	0.005012349716543629	5.73394495412844e-06	0.005951834862385321
E05	K29	8	96	1341	48308	0.005318659014882686	5.73394495412844e-06	0.0059575688073394495
H65	J32	6	94	818	48308	0.00534795464060309	5.73394495412844e-06	0.005963302752293578
F20	I10	25	806	856	48308	0.0055222164417999976	5.73394495412844e-06	0.005969036697247706
M23	M71	7	2012	52	48308	0.005579940294162209	5.73394495412844e-06	0.005974770642201835
K59	K92	7	346	295	48308	0.005674035407819786	5.73394495412844e-06	0.005980504587155963
B18	F20	15	425	806	48308	0.0057296742975799266	5.73394495412844e-06	0.005986238532110092
F10	F30	7	2466	43	48308	0.0057300373930737735	5.73394495412844e-06	0.0059919724770642205
E79	F12	6	136	572	48308	0.005783872599148664	5.73394495412844e-06	0.0059977064220183484
E66	K29	34	769	1341	48308	0.00584953774266961	5.73394495412844e-06	0.006003440366972477
G43	K76	7	281	367	48308	0.0059898833091678585	5.73394495412844e-06	0.006009174311926605
