ICD1	ICD2	val11	occ1	occ2	NN	pval	bonf_thresh	fdr_thresh
J34	M95	207	1355	270	49518	1.964453169778261e-269	5.924170616113744e-06	5.924170616113744e-06
J32	J34	264	562	1355	49518	1.428469338394665e-260	5.924170616113744e-06	1.1848341232227488e-05
N80	N97	269	1190	1234	49518	9.204662812211518e-179	5.924170616113744e-06	1.777251184834123e-05
N13	N20	161	627	530	49518	1.630015866822561e-177	5.924170616113744e-06	2.3696682464454976e-05
K29	K44	150	1514	312	49518	1.2613380983585052e-140	5.924170616113744e-06	2.962085308056872e-05
F32	F60	182	1176	659	49518	1.1934054714891855e-139	5.924170616113744e-06	3.554502369668246e-05
N77	B37	59	63	256	49518	5.311640382345901e-133	5.924170616113744e-06	4.1469194312796206e-05
H91	H93	99	336	360	49518	2.92282050189619e-132	5.924170616113744e-06	4.739336492890995e-05
F43	F60	175	1183	659	49518	1.9805027203560026e-130	5.924170616113744e-06	5.33175355450237e-05
M51	M54	148	511	1067	49518	9.712714793082329e-123	5.924170616113744e-06	5.924170616113744e-05
N20	N23	98	530	273	49518	1.6446387687783804e-122	5.924170616113744e-06	6.516587677725119e-05
N97	E28	120	1234	288	49518	1.0645772889799913e-113	5.924170616113744e-06	7.109004739336492e-05
N73	N80	139	493	1190	49518	1.0521592757123997e-106	5.924170616113744e-06	7.701421800947867e-05
F11	F13	60	207	182	49518	8.076930353307345e-99	5.924170616113744e-06	8.293838862559241e-05
F33	F60	94	328	659	49518	3.493006140376207e-97	5.924170616113744e-06	8.886255924170616e-05
K21	K44	75	312	312	49518	5.373690204296318e-97	5.924170616113744e-06	9.47867298578199e-05
F32	F43	183	1176	1183	49518	2.201011038873396e-93	5.924170616113744e-06	0.00010071090047393365
B18	F11	55	180	207	49518	3.219052896652087e-88	5.924170616113744e-06	0.0001066350710900474
K21	K29	111	312	1514	49518	3.260461953498973e-86	5.924170616113744e-06	0.00011255924170616114
N73	N97	123	493	1234	49518	2.3410462365599355e-85	5.924170616113744e-06	0.00011848341232227489
F10	F60	114	749	659	49518	9.770322661047366e-85	5.924170616113744e-06	0.00012440758293838863
B18	F19	60	180	362	49518	6.997115758590316e-83	5.924170616113744e-06	0.00013033175355450238
N80	N83	219	1190	1969	49518	8.623431621507955e-83	5.924170616113744e-06	0.00013625592417061612
K01	K07	93	553	587	49518	1.0322928972932562e-77	5.924170616113744e-06	0.00014218009478672984
F11	F19	57	207	362	49518	3.4590375498460355e-73	5.924170616113744e-06	0.00014810426540284359
N13	N23	68	627	273	49518	4.4861559781292426e-67	5.924170616113744e-06	0.00015402843601895733
F50	F60	81	448	659	49518	4.3558206359446023e-66	5.924170616113744e-06	0.00015995260663507108
C73	E89	26	89	39	49518	5.7839818242962455e-64	5.924170616113744e-06	0.00016587677725118482
K80	K85	68	1350	156	49518	1.3010503048238657e-63	5.924170616113744e-06	0.00017180094786729857
F10	F43	121	749	1183	49518	4.0122159548175e-63	5.924170616113744e-06	0.00017772511848341231
K80	K81	60	1350	115	49518	2.472144771215604e-62	5.924170616113744e-06	0.00018364928909952606
N70	N73	90	912	493	49518	2.7601898314738124e-61	5.924170616113744e-06	0.0001895734597156398
F32	F41	102	1176	538	49518	2.3699984168270394e-60	5.924170616113744e-06	0.00019549763033175355
F32	F33	82	1176	328	49518	1.0458675215728706e-58	5.924170616113744e-06	0.0002014218009478673
E66	I10	77	912	357	49518	3.2622363280718606e-58	5.924170616113744e-06	0.00020734597156398104
N80	K66	75	1190	277	49518	3.620271065467506e-56	5.924170616113744e-06	0.0002132701421800948
N80	N94	101	1190	603	49518	5.680797865295211e-54	5.924170616113744e-06	0.00021919431279620853
F11	F14	26	207	38	49518	7.189376196153179e-54	5.924170616113744e-06	0.00022511848341232228
J33	J34	53	111	1355	49518	2.0873499215314057e-52	5.924170616113744e-06	0.00023104265402843602
F19	F60	64	362	659	49518	1.3239629251726836e-51	5.924170616113744e-06	0.00023696682464454977
F13	F60	50	182	659	49518	9.568670812377478e-51	5.924170616113744e-06	0.0002428909952606635
F19	B17	32	362	74	49518	7.42731886835914e-49	5.924170616113744e-06	0.00024881516587677726
E73	E74	24	121	62	49518	1.6170570650783822e-47	5.924170616113744e-06	0.000254739336492891
N73	N83	106	493	1969	49518	1.0302958870392617e-46	5.924170616113744e-06	0.00026066350710900475
F32	F50	79	1176	448	49518	1.9894473194877886e-44	5.924170616113744e-06	0.00026658767772511847
K60	K61	31	203	148	49518	4.702410258892732e-44	5.924170616113744e-06	0.00027251184834123224
F43	F50	78	1183	448	49518	2.8462253876226788e-43	5.924170616113744e-06	0.00027843601895734596
F10	F13	46	749	182	49518	2.250649752144718e-42	5.924170616113744e-06	0.0002843601895734597
F11	F12	27	207	96	49518	4.230622034129418e-42	5.924170616113744e-06	0.00029028436018957345
E66	E78	64	912	375	49518	7.236667014277005e-42	5.924170616113744e-06	0.00029620853080568717
H33	H52	29	116	238	49518	1.2864813433020075e-41	5.924170616113744e-06	0.00030213270142180094
M22	M23	41	160	640	49518	6.232264605784281e-41	5.924170616113744e-06	0.00030805687203791466
K80	K83	34	1350	55	49518	2.0835470520717142e-39	5.924170616113744e-06	0.00031398104265402844
N97	K66	61	1234	277	49518	3.2668150251770594e-39	5.924170616113744e-06	0.00031990521327014215
I26	J18	36	168	432	49518	3.5880727785697535e-39	5.924170616113744e-06	0.00032582938388625593
B18	F13	29	180	182	49518	3.960896764134016e-39	5.924170616113744e-06	0.00033175355450236965
H33	H35	21	116	76	49518	2.2279039842016986e-38	5.924170616113744e-06	0.0003376777251184834
F20	F23	32	215	240	49518	6.872443305281375e-38	5.924170616113744e-06	0.00034360189573459714
K01	K04	38	553	177	49518	3.0956819016646228e-37	5.924170616113744e-06	0.0003495260663507109
F13	F19	33	182	362	49518	5.538718343206647e-36	5.924170616113744e-06	0.00035545023696682463
N10	N39	94	603	1658	49518	1.3547619101738468e-35	5.924170616113744e-06	0.0003613744075829384
F33	F43	60	328	1183	49518	8.845005039266964e-35	5.924170616113744e-06	0.0003672985781990521
M53	M54	48	211	1067	49518	1.136986119096563e-34	5.924170616113744e-06	0.0003732227488151659
F13	F14	18	182	38	49518	1.9872178527856727e-34	5.924170616113744e-06	0.0003791469194312796
J32	J33	31	562	111	49518	2.854615461284621e-34	5.924170616113744e-06	0.00038507109004739333
E66	K76	43	912	191	49518	8.718839373274147e-34	5.924170616113744e-06	0.0003909952606635071
I26	I80	26	168	205	49518	2.9954150760949257e-33	5.924170616113744e-06	0.0003969194312796208
F11	B17	21	207	74	49518	4.884724858992355e-33	5.924170616113744e-06	0.0004028436018957346
J34	J35	185	1355	2609	49518	1.2419118625779932e-32	5.924170616113744e-06	0.0004087677725118483
B18	B24	19	180	58	49518	1.405250347687818e-32	5.924170616113744e-06	0.0004146919431279621
N83	K66	66	1969	277	49518	2.3126245013323842e-32	5.924170616113744e-06	0.0004206161137440758
E10	E14	19	182	60	49518	3.7547888837449565e-32	5.924170616113744e-06	0.0004265402843601896
N13	N39	91	627	1658	49518	4.9022297975916354e-32	5.924170616113744e-06	0.0004324644549763033
N18	I10	23	71	357	49518	5.099967715040323e-32	5.924170616113744e-06	0.00043838862559241707
E78	K76	31	375	191	49518	8.243138956042657e-32	5.924170616113744e-06	0.0004443127962085308
F19	F32	59	362	1176	49518	1.6703171800707725e-31	5.924170616113744e-06	0.00045023696682464456
N83	N97	142	1969	1234	49518	7.769765058409225e-30	5.924170616113744e-06	0.0004561611374407583
F10	F32	81	749	1176	49518	7.901904609147771e-30	5.924170616113744e-06	0.00046208530805687205
J03	J35	98	500	2609	49518	1.0750146857792329e-29	5.924170616113744e-06	0.00046800947867298577
N60	D24	27	108	517	49518	1.5597125469663243e-29	5.924170616113744e-06	0.00047393364928909954
F10	F19	47	749	362	49518	2.4449410142857623e-29	5.924170616113744e-06	0.00047985781990521326
H50	H52	22	113	238	49518	3.7025848027867783e-29	5.924170616113744e-06	0.000485781990521327
K02	K04	20	105	177	49518	4.654426694318402e-29	5.924170616113744e-06	0.0004917061611374407
F13	F43	42	182	1183	49518	5.383600743963073e-29	5.924170616113744e-06	0.0004976303317535545
H66	H72	15	145	38	49518	6.908231424228632e-29	5.924170616113744e-06	0.0005035545023696682
I84	K60	28	322	203	49518	1.2165117763620737e-28	5.924170616113744e-06	0.000509478672985782
G35	H46	20	295	72	49518	3.9007250918546684e-28	5.924170616113744e-06	0.0005154028436018957
F13	F32	41	182	1176	49518	5.4042196108183145e-28	5.924170616113744e-06	0.0005213270142180095
M24	M25	22	159	191	49518	7.542215502632062e-28	5.924170616113744e-06	0.0005272511848341232
N91	E28	24	146	288	49518	8.63225133359667e-28	5.924170616113744e-06	0.0005331753554502369
M23	M94	23	640	62	49518	9.190513018933972e-28	5.924170616113744e-06	0.0005390995260663507
M23	M24	31	640	159	49518	2.744467557661255e-27	5.924170616113744e-06	0.0005450236966824645
C81	C85	11	65	21	49518	2.8456469653553267e-27	5.924170616113744e-06	0.0005509478672985782
N18	I12	11	71	20	49518	3.8764824770637414e-27	5.924170616113744e-06	0.0005568720379146919
I26	I82	18	168	92	49518	6.570537471681103e-27	5.924170616113744e-06	0.0005627962085308056
H83	H93	19	57	360	49518	7.187756686998082e-27	5.924170616113744e-06	0.0005687203791469194
F33	F50	35	328	448	49518	1.1930230926094033e-26	5.924170616113744e-06	0.0005746445497630332
F41	F45	38	538	342	49518	1.3553105879195816e-26	5.924170616113744e-06	0.0005805687203791469
N94	N97	70	603	1234	49518	1.5488702362366472e-26	5.924170616113744e-06	0.0005864928909952606
C73	C77	12	89	29	49518	2.6529183952380815e-26	5.924170616113744e-06	0.0005924170616113743
D24	D48	39	517	388	49518	2.865020887096826e-26	5.924170616113744e-06	0.0005983412322274882
M65	M67	36	262	666	49518	2.4509016150080603e-25	5.924170616113744e-06	0.0006042654028436019
F12	F60	25	96	659	49518	2.5083169321806833e-25	5.924170616113744e-06	0.0006101895734597156
K50	K60	26	342	203	49518	3.8786006615047603e-25	5.924170616113744e-06	0.0006161137440758293
N83	D27	75	1969	469	49518	9.580370587451158e-25	5.924170616113744e-06	0.0006220379146919432
K85	K86	12	156	24	49518	1.6237081429245937e-24	5.924170616113744e-06	0.0006279620853080569
K80	K82	21	1350	36	49518	4.544854561957971e-24	5.924170616113744e-06	0.0006338862559241706
F31	F60	29	166	659	49518	7.987711255445874e-24	5.924170616113744e-06	0.0006398104265402843
D50	D64	28	499	201	49518	1.6447153971623197e-23	5.924170616113744e-06	0.0006457345971563981
H90	H93	19	82	360	49518	1.887386073939437e-23	5.924170616113744e-06	0.0006516587677725119
C43	D22	17	83	232	49518	2.157682011042492e-23	5.924170616113744e-06	0.0006575829383886256
F41	F43	60	538	1183	49518	6.116022124230784e-23	5.924170616113744e-06	0.0006635071090047393
D50	K29	65	499	1514	49518	9.869722873448471e-23	5.924170616113744e-06	0.000669431279620853
M25	M66	10	191	13	49518	1.6257940205098527e-22	5.924170616113744e-06	0.0006753554502369668
N70	N83	105	912	1969	49518	2.4750180293824455e-22	5.924170616113744e-06	0.0006812796208530806
F60	F70	20	659	66	49518	5.244869456229548e-22	5.924170616113744e-06	0.0006872037914691943
F12	F14	11	96	38	49518	9.259057936329577e-22	5.924170616113744e-06	0.000693127962085308
B20	B24	8	12	58	49518	1.055073164973982e-21	5.924170616113744e-06	0.0006990521327014218
I84	K62	21	322	154	49518	1.1484605001251455e-21	5.924170616113744e-06	0.0007049763033175355
F41	F60	44	538	659	49518	1.3951097094167818e-21	5.924170616113744e-06	0.0007109004739336493
E66	F17	52	912	569	49518	3.973335247526718e-21	5.924170616113744e-06	0.000716824644549763
K60	K62	18	203	154	49518	4.017601193863525e-21	5.924170616113744e-06	0.0007227488151658768
G40	G41	13	652	19	49518	8.012283313915947e-21	5.924170616113744e-06	0.0007286729857819905
F10	F50	42	749	448	49518	8.076423665048459e-21	5.924170616113744e-06	0.0007345971563981042
B18	F14	12	180	38	49518	9.142917556540222e-21	5.924170616113744e-06	0.000740521327014218
C73	E04	17	89	311	49518	1.1953832436003362e-20	5.924170616113744e-06	0.0007464454976303318
B18	B17	14	180	74	49518	1.5846756512174868e-20	5.924170616113744e-06	0.0007523696682464455
F43	F61	20	1183	47	49518	1.6606064718299605e-20	5.924170616113744e-06	0.0007582938388625592
F12	F13	15	96	182	49518	1.691435906595016e-20	5.924170616113744e-06	0.0007642180094786729
E87	F50	21	129	448	49518	2.2926530814543567e-20	5.924170616113744e-06	0.0007701421800947867
D50	K51	23	499	153	49518	2.5809068936686908e-20	5.924170616113744e-06	0.0007760663507109005
N23	N39	47	273	1658	49518	2.94178598329207e-20	5.924170616113744e-06	0.0007819905213270142
M53	M62	13	211	50	49518	3.242589469693354e-20	5.924170616113744e-06	0.0007879146919431279
N84	N92	32	260	722	49518	3.874892484989579e-20	5.924170616113744e-06	0.0007938388625592416
N18	D64	14	71	201	49518	4.0903109401168256e-20	5.924170616113744e-06	0.0007997630331753555
M41	M54	25	98	1067	49518	5.0109930183848883e-20	5.924170616113744e-06	0.0008056872037914692
C71	D43	8	30	34	49518	1.1738098167965812e-19	5.924170616113744e-06	0.0008116113744075829
E11	E66	21	73	912	49518	1.3032748799347563e-19	5.924170616113744e-06	0.0008175355450236966
K04	K12	16	177	142	49518	1.3061381644528726e-19	5.924170616113744e-06	0.0008234597156398105
N17	N18	9	29	71	49518	1.4793479044412584e-19	5.924170616113744e-06	0.0008293838862559242
F23	F25	16	240	108	49518	1.9160158064404805e-19	5.924170616113744e-06	0.0008353080568720379
N84	N97	39	260	1234	49518	3.0982229962964956e-19	5.924170616113744e-06	0.0008412322274881516
D50	K50	30	499	342	49518	3.129817366205841e-19	5.924170616113744e-06	0.0008471563981042654
I10	I12	11	357	20	49518	3.7149423174892967e-19	5.924170616113744e-06	0.0008530805687203792
N30	N39	38	188	1658	49518	4.0521624721205466e-19	5.924170616113744e-06	0.0008590047393364929
E78	I10	27	375	357	49518	6.269815870664686e-19	5.924170616113744e-06	0.0008649289099526066
E86	A09	23	66	1482	49518	7.6757397347553635e-19	5.924170616113744e-06	0.0008708530805687203
B18	F12	14	180	96	49518	7.761562830734521e-19	5.924170616113744e-06	0.0008767772511848341
E66	K80	78	912	1350	49518	9.787639139090678e-19	5.924170616113744e-06	0.0008827014218009479
K50	K61	19	342	148	49518	1.008428333943386e-18	5.924170616113744e-06	0.0008886255924170616
F10	F12	21	749	96	49518	1.2193136393948053e-18	5.924170616113744e-06	0.0008945497630331753
B24	B17	10	58	74	49518	1.4517080177477292e-18	5.924170616113744e-06	0.0009004739336492891
E65	L57	8	87	17	49518	1.5651677467899587e-18	5.924170616113744e-06	0.0009063981042654028
E78	E79	14	375	51	49518	1.6056751541794975e-18	5.924170616113744e-06	0.0009123222748815166
M23	M65	29	640	262	49518	1.6775172100928913e-18	5.924170616113744e-06	0.0009182464454976303
H35	H53	11	76	89	49518	1.7334053282643848e-18	5.924170616113744e-06	0.0009241706161137441
G04	G35	12	36	295	49518	1.7586898255865335e-18	5.924170616113744e-06	0.0009300947867298578
E11	E14	10	73	60	49518	1.8115157055600343e-18	5.924170616113744e-06	0.0009360189573459715
L90	L91	14	200	93	49518	2.172647726299453e-18	5.924170616113744e-06	0.0009419431279620853
H50	H53	12	113	89	49518	2.2388276155502e-18	5.924170616113744e-06	0.0009478672985781991
N86	N93	17	180	204	49518	2.254267191695572e-18	5.924170616113744e-06	0.0009537914691943128
N62	N64	20	357	175	49518	2.9567994679389304e-18	5.924170616113744e-06	0.0009597156398104265
N70	K66	34	912	277	49518	3.744282127890393e-18	5.924170616113744e-06	0.0009656398104265402
N92	D50	40	722	499	49518	4.888258197543792e-18	5.924170616113744e-06	0.000971563981042654
N18	D63	8	71	23	49518	5.72359428340669e-18	5.924170616113744e-06	0.0009774881516587677
K35	K65	25	1698	78	49518	5.98998598480687e-18	5.924170616113744e-06	0.0009834123222748814
B24	F19	14	58	362	49518	7.343163494572288e-18	5.924170616113744e-06	0.0009893364928909953
F33	F41	29	328	538	49518	7.50582040755459e-18	5.924170616113744e-06	0.000995260663507109
K56	K65	13	203	78	49518	1.0924988712899071e-17	5.924170616113744e-06	0.0010011848341232228
N70	N97	72	912	1234	49518	1.3521334269441887e-17	5.924170616113744e-06	0.0010071090047393365
F10	F33	33	749	328	49518	1.4886204161281843e-17	5.924170616113744e-06	0.0010130331753554502
F43	F44	26	1183	123	49518	1.7930287317409857e-17	5.924170616113744e-06	0.001018957345971564
L93	M32	8	32	57	49518	1.899112960767838e-17	5.924170616113744e-06	0.0010248815165876776
C83	C85	6	16	21	49518	2.1173535456901943e-17	5.924170616113744e-06	0.0010308056872037914
K50	K56	20	342	203	49518	2.457147905488444e-17	5.924170616113744e-06	0.0010367298578199053
K04	K07	23	177	587	49518	2.6265605411182523e-17	5.924170616113744e-06	0.001042654028436019
N35	N39	28	110	1658	49518	3.080842583588893e-17	5.924170616113744e-06	0.0010485781990521327
D35	D44	7	43	22	49518	3.759623205563569e-17	5.924170616113744e-06	0.0010545023696682464
F14	F19	12	38	362	49518	4.4314351101477575e-17	5.924170616113744e-06	0.0010604265402843602
F12	F23	14	96	240	49518	4.529999377755001e-17	5.924170616113744e-06	0.0010663507109004739
N70	N76	46	912	561	49518	5.25439562698835e-17	5.924170616113744e-06	0.0010722748815165876
E10	E11	12	182	73	49518	6.36402784180866e-17	5.924170616113744e-06	0.0010781990521327013
F25	F31	13	108	166	49518	6.544885376631795e-17	5.924170616113744e-06	0.001084123222748815
B94	F19	8	9	362	49518	6.752376145188224e-17	5.924170616113744e-06	0.001090047393364929
E05	H06	7	251	7	49518	7.905064568213168e-17	5.924170616113744e-06	0.0010959715639810427
J30	J34	28	137	1355	49518	8.669264747401841e-17	5.924170616113744e-06	0.0011018957345971564
N12	N39	42	267	1658	49518	8.730855590735972e-17	5.924170616113744e-06	0.0011078199052132701
I80	I82	13	205	92	49518	1.1965170115211989e-16	5.924170616113744e-06	0.0011137440758293838
M42	M51	13	40	511	49518	1.2071867777931078e-16	5.924170616113744e-06	0.0011196682464454976
F79	G40	13	33	652	49518	1.4298167576491683e-16	5.924170616113744e-06	0.0011255924170616113
G43	G44	29	592	334	49518	1.5219439931606463e-16	5.924170616113744e-06	0.001131516587677725
F32	F45	40	1176	342	49518	1.536110059629627e-16	5.924170616113744e-06	0.0011374407582938387
N97	N98	27	1234	141	49518	1.754360785184346e-16	5.924170616113744e-06	0.0011433649289099527
D63	I12	6	23	20	49518	1.903587685523716e-16	5.924170616113744e-06	0.0011492890995260664
L20	B00	13	155	126	49518	2.0883815033014097e-16	5.924170616113744e-06	0.00115521327014218
B16	B17	9	58	74	49518	2.2532430741151263e-16	5.924170616113744e-06	0.0011611374407582938
F17	J45	32	569	442	49518	2.4927606535329954e-16	5.924170616113744e-06	0.0011670616113744075
F44	G40	20	123	652	49518	2.6245906907173406e-16	5.924170616113744e-06	0.0011729857819905213
J45	L20	19	442	155	49518	2.779797373687007e-16	5.924170616113744e-06	0.001178909952606635
F32	F61	17	1176	47	49518	3.0444425569575604e-16	5.924170616113744e-06	0.0011848341232227487
K29	K58	39	1514	261	49518	3.3015501894392517e-16	5.924170616113744e-06	0.0011907582938388626
J35	J36	53	2609	278	49518	3.529314620592523e-16	5.924170616113744e-06	0.0011966824644549763
B96	K29	14	23	1514	49518	3.714819408197454e-16	5.924170616113744e-06	0.00120260663507109
J30	J45	18	137	442	49518	4.8685284911218615e-16	5.924170616113744e-06	0.0012085308056872038
F50	M81	14	448	64	49518	6.375208696017596e-16	5.924170616113744e-06	0.0012144549763033175
J31	J35	24	59	2609	49518	6.78459752616797e-16	5.924170616113744e-06	0.0012203791469194312
E04	E89	11	311	39	49518	7.200137298017846e-16	5.924170616113744e-06	0.001226303317535545
N80	J96	17	1190	49	49518	8.379615247260312e-16	5.924170616113744e-06	0.0012322274881516587
B23	B24	6	11	58	49518	9.09415792718402e-16	5.924170616113744e-06	0.0012381516587677724
F11	F60	24	207	659	49518	1.0017257143334873e-15	5.924170616113744e-06	0.0012440758293838863
F43	F45	39	1183	342	49518	1.0451440296615632e-15	5.924170616113744e-06	0.00125
H66	H90	11	145	82	49518	1.0811390937452507e-15	5.924170616113744e-06	0.0012559241706161137
F60	F61	14	659	47	49518	1.0875581113232225e-15	5.924170616113744e-06	0.0012618483412322275
N20	N39	59	530	1658	49518	1.088962513571794e-15	5.924170616113744e-06	0.0012677725118483412
D69	D70	8	104	29	49518	1.189893630580205e-15	5.924170616113744e-06	0.001273696682464455
K25	K29	21	70	1514	49518	1.2556544766777277e-15	5.924170616113744e-06	0.0012796208530805686
G40	G82	13	652	38	49518	1.2718495573344753e-15	5.924170616113744e-06	0.0012855450236966823
N70	A56	15	912	45	49518	1.752726623877451e-15	5.924170616113744e-06	0.0012914691943127963
F20	F25	13	215	108	49518	1.9358229047024387e-15	5.924170616113744e-06	0.00129739336492891
F70	F71	7	66	25	49518	2.5375336139324387e-15	5.924170616113744e-06	0.0013033175355450237
N39	B37	39	1658	256	49518	3.2433828192449538e-15	5.924170616113744e-06	0.0013092417061611374
E04	E05	19	311	251	49518	3.6184418635642875e-15	5.924170616113744e-06	0.0013151658767772511
N91	N97	26	146	1234	49518	3.969163917784e-15	5.924170616113744e-06	0.0013210900473933649
L01	L20	7	13	155	49518	4.3368819236198745e-15	5.924170616113744e-06	0.0013270142180094786
I63	I67	7	43	42	49518	5.87210660723276e-15	5.924170616113744e-06	0.0013329383886255923
F17	J18	30	569	432	49518	6.560353172600365e-15	5.924170616113744e-06	0.001338862559241706
F13	F33	17	182	328	49518	7.68742122691544e-15	5.924170616113744e-06	0.00134478672985782
F40	F41	13	51	538	49518	8.31953904622865e-15	5.924170616113744e-06	0.0013507109004739337
N70	N71	25	912	183	49518	8.35369095704131e-15	5.924170616113744e-06	0.0013566350710900474
M22	M94	10	160	62	49518	8.680209584122075e-15	5.924170616113744e-06	0.0013625592417061611
F12	F32	21	96	1176	49518	9.394878350207472e-15	5.924170616113744e-06	0.0013684834123222748
M51	M53	21	511	211	49518	9.528763473299916e-15	5.924170616113744e-06	0.0013744075829383885
M24	M65	15	159	262	49518	9.816028710949919e-15	5.924170616113744e-06	0.0013803317535545023
K01	K09	12	553	39	49518	9.939731727557836e-15	5.924170616113744e-06	0.001386255924170616
M23	M25	22	640	191	49518	9.977130883793763e-15	5.924170616113744e-06	0.00139218009478673
K29	K80	97	1514	1350	49518	1.1322418572582058e-14	5.924170616113744e-06	0.0013981042654028436
N73	K66	23	493	277	49518	1.2015092903931194e-14	5.924170616113744e-06	0.0014040284360189574
N26	I10	10	31	357	49518	1.2967265396602047e-14	5.924170616113744e-06	0.001409952606635071
F12	F19	14	96	362	49518	1.3492627328179585e-14	5.924170616113744e-06	0.0014158767772511848
F10	F11	24	749	207	49518	1.6488684499826414e-14	5.924170616113744e-06	0.0014218009478672985
K02	K08	9	105	65	49518	1.7671785024087757e-14	5.924170616113744e-06	0.0014277251184834122
H71	H90	8	50	82	49518	2.0194938166970673e-14	5.924170616113744e-06	0.001433649289099526
N10	N15	10	603	21	49518	2.082070003817697e-14	5.924170616113744e-06	0.0014395734597156397
H43	H33	7	20	116	49518	2.4346899051097195e-14	5.924170616113744e-06	0.0014454976303317536
N83	K36	57	1969	455	49518	2.7244821369984605e-14	5.924170616113744e-06	0.0014514218009478673
K56	K59	21	203	562	49518	2.799992094969908e-14	5.924170616113744e-06	0.001457345971563981
C81	C83	6	65	16	49518	3.198494742759576e-14	5.924170616113744e-06	0.0014632701421800948
N18	I15	6	71	15	49518	3.466486763245382e-14	5.924170616113744e-06	0.0014691943127962085
H25	H33	8	40	116	49518	5.124154659237925e-14	5.924170616113744e-06	0.0014751184834123222
B18	K73	8	180	27	49518	5.453275142318476e-14	5.924170616113744e-06	0.001481042654028436
N18	E21	6	71	16	49518	5.540137983984312e-14	5.924170616113744e-06	0.0014869668246445496
M24	M62	9	159	50	49518	6.458971000706825e-14	5.924170616113744e-06	0.0014928909952606636
E03	E66	32	341	912	49518	7.831442910722316e-14	5.924170616113744e-06	0.0014988151658767773
D68	I80	11	86	205	49518	8.713098223846644e-14	5.924170616113744e-06	0.001504739336492891
M20	M77	12	372	66	49518	9.256343184608373e-14	5.924170616113744e-06	0.0015106635071090047
D86	L52	7	51	52	49518	1.0329742851100658e-13	5.924170616113744e-06	0.0015165876777251184
K81	K85	11	115	156	49518	1.1390721564092552e-13	5.924170616113744e-06	0.0015225118483412322
N18	N19	6	71	18	49518	1.2814161426024488e-13	5.924170616113744e-06	0.0015284360189573459
D22	D23	13	232	138	49518	1.3148923571396978e-13	5.924170616113744e-06	0.0015343601895734596
F23	F32	30	240	1176	49518	1.609487270424668e-13	5.924170616113744e-06	0.0015402843601895733
F19	F43	37	362	1183	49518	1.734098738034381e-13	5.924170616113744e-06	0.0015462085308056873
F30	F31	8	33	166	49518	1.739023963023897e-13	5.924170616113744e-06	0.001552132701421801
F23	F43	30	240	1183	49518	1.8717828398916832e-13	5.924170616113744e-06	0.0015580568720379147
F20	F22	8	215	27	49518	2.291247173337587e-13	5.924170616113744e-06	0.0015639810426540284
E11	K76	10	73	191	49518	2.892647341255099e-13	5.924170616113744e-06	0.0015699052132701421
E66	E79	14	912	51	49518	3.220363240844784e-13	5.924170616113744e-06	0.0015758293838862558
F45	G44	20	342	334	49518	3.38583002645251e-13	5.924170616113744e-06	0.0015817535545023696
H43	H35	6	20	76	49518	4.0699106616784215e-13	5.924170616113744e-06	0.0015876777251184833
D68	I26	10	86	168	49518	4.370245943143707e-13	5.924170616113744e-06	0.0015936018957345972
K76	K80	28	191	1350	49518	5.13149100511034e-13	5.924170616113744e-06	0.001599526066350711
F60	F63	9	659	18	49518	5.419555372111996e-13	5.924170616113744e-06	0.0016054502369668247
F33	F61	10	328	47	49518	5.908127884406301e-13	5.924170616113744e-06	0.0016113744075829384
N85	N92	22	208	722	49518	6.488613729635245e-13	5.924170616113744e-06	0.001617298578199052
F32	F34	21	1176	119	49518	8.290800867632534e-13	5.924170616113744e-06	0.0016232227488151658
F44	F60	17	123	659	49518	8.476945406241775e-13	5.924170616113744e-06	0.0016291469194312795
J01	J32	19	190	562	49518	8.749221496282061e-13	5.924170616113744e-06	0.0016350710900473932
N73	N94	30	493	603	49518	8.983598753546889e-13	5.924170616113744e-06	0.001640995260663507
E10	E78	16	182	375	49518	9.562389553339645e-13	5.924170616113744e-06	0.001646919431279621
J37	J38	6	16	114	49518	1.0239855146577463e-12	5.924170616113744e-06	0.0016528436018957346
N04	I10	8	21	357	49518	1.2654706209482476e-12	5.924170616113744e-06	0.0016587677725118483
M42	M54	13	40	1067	49518	1.4110195493086403e-12	5.924170616113744e-06	0.001664691943127962
F32	F44	21	1176	123	49518	1.6190806792709177e-12	5.924170616113744e-06	0.0016706161137440758
M62	M99	6	50	37	49518	1.7625920504118344e-12	5.924170616113744e-06	0.0016765402843601895
C77	C81	6	29	65	49518	1.872251684582022e-12	5.924170616113744e-06	0.0016824644549763032
M54	M62	14	1067	50	49518	1.9509500080854876e-12	5.924170616113744e-06	0.001688388625592417
F13	F41	18	182	538	49518	2.044494947547781e-12	5.924170616113744e-06	0.0016943127962085309
H66	H71	8	145	50	49518	2.1513166144913273e-12	5.924170616113744e-06	0.0017002369668246446
M02	M13	6	26	80	49518	3.294266426757101e-12	5.924170616113744e-06	0.0017061611374407583
C71	G40	10	30	652	49518	3.4671123249275456e-12	5.924170616113744e-06	0.001712085308056872
D27	D36	13	469	90	49518	3.5473753937326673e-12	5.924170616113744e-06	0.0017180094786729857
E10	E16	7	182	25	49518	3.666824833419351e-12	5.924170616113744e-06	0.0017239336492890995
H35	H52	10	76	238	49518	3.934622275335388e-12	5.924170616113744e-06	0.0017298578199052132
F10	F17	35	749	569	49518	4.107566110221805e-12	5.924170616113744e-06	0.001735781990521327
N80	E28	31	1190	288	49518	4.7483768865080976e-12	5.924170616113744e-06	0.0017417061611374406
J30	J32	16	137	562	49518	5.135418821583515e-12	5.924170616113744e-06	0.0017476303317535545
N92	D25	22	722	231	49518	5.368574896862927e-12	5.924170616113744e-06	0.0017535545023696683
K29	K52	91	1514	1367	49518	5.370718151302757e-12	5.924170616113744e-06	0.001759478672985782
K20	K29	11	21	1514	49518	5.605472666308435e-12	5.924170616113744e-06	0.0017654028436018957
F42	F60	11	42	659	49518	6.288439365294062e-12	5.924170616113744e-06	0.0017713270142180094
F50	F55	9	448	31	49518	6.336039756804583e-12	5.924170616113744e-06	0.0017772511848341231
N97	D25	28	1234	231	49518	6.802648926167838e-12	5.924170616113744e-06	0.0017831753554502369
K50	K65	11	342	78	49518	7.481368456869838e-12	5.924170616113744e-06	0.0017890995260663506
F34	F43	20	119	1183	49518	8.217982375202828e-12	5.924170616113744e-06	0.0017950236966824645
N97	N99	13	1234	40	49518	8.657547331330534e-12	5.924170616113744e-06	0.0018009478672985782
F13	B17	9	182	74	49518	9.023938509741618e-12	5.924170616113744e-06	0.001806872037914692
F32	F42	13	1176	42	49518	9.651881871153282e-12	5.924170616113744e-06	0.0018127962085308057
E03	I10	19	341	357	49518	9.886138639871989e-12	5.924170616113744e-06	0.0018187203791469194
M54	M99	12	1067	37	49518	1.063533349433622e-11	5.924170616113744e-06	0.001824644549763033
H65	H90	7	63	82	49518	1.3487784200976974e-11	5.924170616113744e-06	0.0018305687203791468
K01	K02	14	553	105	49518	1.4443192645725934e-11	5.924170616113744e-06	0.0018364928909952605
F19	B16	10	362	58	49518	1.4717084924684846e-11	5.924170616113744e-06	0.0018424170616113743
K36	K66	19	455	277	49518	1.7553364572426245e-11	5.924170616113744e-06	0.0018483412322274882
F14	B17	6	38	74	49518	2.405989898049697e-11	5.924170616113744e-06	0.001854265402843602
F13	F34	10	182	119	49518	2.6389075643944925e-11	5.924170616113744e-06	0.0018601895734597156
D16	L05	13	118	416	49518	2.7008233440960524e-11	5.924170616113744e-06	0.0018661137440758294
J01	J20	12	190	203	49518	2.7823809714052754e-11	5.924170616113744e-06	0.001872037914691943
N80	D27	39	1190	469	49518	2.8679853793546583e-11	5.924170616113744e-06	0.0018779620853080568
M24	M99	7	159	37	49518	2.9246758830192395e-11	5.924170616113744e-06	0.0018838862559241705
N70	N80	58	912	1190	49518	3.2337558839741e-11	5.924170616113744e-06	0.0018898104265402842
H44	H52	6	14	238	49518	3.36516394839099e-11	5.924170616113744e-06	0.0018957345971563982
M43	M54	13	50	1067	49518	3.4098322358565035e-11	5.924170616113744e-06	0.0019016587677725119
F43	F70	15	1183	66	49518	3.713264974516093e-11	5.924170616113744e-06	0.0019075829383886256
F11	F43	25	207	1183	49518	4.023101901588045e-11	5.924170616113744e-06	0.0019135071090047393
M21	M24	8	65	159	49518	4.087912433863974e-11	5.924170616113744e-06	0.001919431279620853
G35	G97	9	295	55	49518	4.184331700876589e-11	5.924170616113744e-06	0.0019253554502369668
K29	K76	27	1514	191	49518	4.262711667685787e-11	5.924170616113744e-06	0.0019312796208530805
N83	D62	16	1969	50	49518	5.022592445764297e-11	5.924170616113744e-06	0.0019372037914691942
I45	I47	8	65	166	49518	5.773006068089239e-11	5.924170616113744e-06	0.001943127962085308
J18	J90	9	432	40	49518	5.799642977242167e-11	5.924170616113744e-06	0.0019490521327014218
N87	D06	48	1337	612	49518	7.057774248826445e-11	5.924170616113744e-06	0.0019549763033175353
B24	B16	6	58	58	49518	7.63710048784222e-11	5.924170616113744e-06	0.001960900473933649
F31	F32	22	166	1176	49518	8.55227024246782e-11	5.924170616113744e-06	0.001966824644549763
M43	M51	10	50	511	49518	8.908228265051054e-11	5.924170616113744e-06	0.001972748815165877
F10	F61	11	749	47	49518	9.365113845950817e-11	5.924170616113744e-06	0.0019786729857819907
N85	N88	10	208	119	49518	9.8308819556072e-11	5.924170616113744e-06	0.0019845971563981044
M24	M53	11	159	211	49518	1.0772225800999874e-10	5.924170616113744e-06	0.001990521327014218
F23	F60	20	240	659	49518	1.1008459485461402e-10	5.924170616113744e-06	0.001996445497630332
F20	F60	19	215	659	49518	1.1775710474731562e-10	5.924170616113744e-06	0.0020023696682464455
F12	F43	17	96	1183	49518	1.2713919824919057e-10	5.924170616113744e-06	0.0020082938388625592
F42	F50	9	42	448	49518	1.2833493936188151e-10	5.924170616113744e-06	0.002014218009478673
B24	F11	8	58	207	49518	1.3041955355667355e-10	5.924170616113744e-06	0.0020201421800947867
N04	E78	7	21	375	49518	1.433688137679205e-10	5.924170616113744e-06	0.0020260663507109004
F19	G40	24	362	652	49518	1.4572287937769602e-10	5.924170616113744e-06	0.002031990521327014
K50	K63	11	342	105	49518	2.0304518211319345e-10	5.924170616113744e-06	0.002037914691943128
N10	N30	17	603	188	49518	2.0366001388621088e-10	5.924170616113744e-06	0.0020438388625592416
F23	F30	7	240	33	49518	2.208230620812305e-10	5.924170616113744e-06	0.0020497630331753553
E11	E78	10	73	375	49518	2.2390333005484215e-10	5.924170616113744e-06	0.002055687203791469
G55	M51	6	10	511	49518	2.3782261547753124e-10	5.924170616113744e-06	0.0020616113744075827
N83	N94	59	1969	603	49518	2.922128563062915e-10	5.924170616113744e-06	0.0020675355450236964
F10	K70	6	749	8	49518	3.2036100661953806e-10	5.924170616113744e-06	0.0020734597156398106
I83	I87	9	791	28	49518	3.407829635507509e-10	5.924170616113744e-06	0.0020793838862559243
I47	I48	6	166	27	49518	3.6185703189165813e-10	5.924170616113744e-06	0.002085308056872038
M25	M65	12	191	262	49518	5.597520349391642e-10	5.924170616113744e-06	0.0020912322274881517
J30	J35	28	137	2609	49518	5.832380310115945e-10	5.924170616113744e-06	0.0020971563981042655
K50	M81	9	342	64	49518	6.348892318975611e-10	5.924170616113744e-06	0.002103080568720379
F32	G44	30	1176	334	49518	6.734110835466839e-10	5.924170616113744e-06	0.002109004739336493
J03	J36	18	500	278	49518	6.911896559539885e-10	5.924170616113744e-06	0.0021149289099526066
F34	F41	13	119	538	49518	6.972147680370623e-10	5.924170616113744e-06	0.0021208530805687203
J36	J39	7	278	34	49518	7.701779418579575e-10	5.924170616113744e-06	0.002126777251184834
D68	M32	6	86	57	49518	7.766135349408893e-10	5.924170616113744e-06	0.0021327014218009478
F34	F45	11	119	342	49518	7.885314368342755e-10	5.924170616113744e-06	0.0021386255924170615
K44	K80	31	312	1350	49518	7.995199059251926e-10	5.924170616113744e-06	0.002144549763033175
C73	E05	9	89	251	49518	8.544625297786851e-10	5.924170616113744e-06	0.002150473933649289
K50	K51	12	342	153	49518	8.979980477333825e-10	5.924170616113744e-06	0.0021563981042654026
K61	L02	13	148	439	49518	9.053369872481625e-10	5.924170616113744e-06	0.0021623222748815164
E10	I10	13	182	357	49518	9.529502327569434e-10	5.924170616113744e-06	0.00216824644549763
E21	I10	6	16	357	49518	1.0145821612164337e-09	5.924170616113744e-06	0.0021741706161137442
E73	K58	10	121	261	49518	1.0546352356636135e-09	5.924170616113744e-06	0.002180094786729858
F12	F17	12	96	569	49518	1.2290665285803937e-09	5.924170616113744e-06	0.0021860189573459717
N10	N13	29	603	627	49518	1.3922490941042908e-09	5.924170616113744e-06	0.0021919431279620854
N82	K50	7	31	342	49518	1.6078152841224227e-09	5.924170616113744e-06	0.002197867298578199
G44	H81	14	334	245	49518	1.6740339938426165e-09	5.924170616113744e-06	0.002203791469194313
B18	B16	7	180	58	49518	1.9177329766634845e-09	5.924170616113744e-06	0.0022097156398104265
K56	K66	12	203	277	49518	2.106211423735337e-09	5.924170616113744e-06	0.0022156398104265403
K01	K05	7	553	21	49518	2.1181908351433274e-09	5.924170616113744e-06	0.002221563981042654
N92	N94	31	722	603	49518	2.2116890067807096e-09	5.924170616113744e-06	0.0022274881516587677
N19	I10	6	18	357	49518	2.3235222660646107e-09	5.924170616113744e-06	0.0022334123222748814
B18	F10	17	180	749	49518	2.7137112614579203e-09	5.924170616113744e-06	0.002239336492890995
D27	D39	12	469	124	49518	2.7701080284803912e-09	5.924170616113744e-06	0.002245260663507109
N73	D27	22	493	469	49518	2.993374802029779e-09	5.924170616113744e-06	0.0022511848341232226
E11	I10	9	73	357	49518	3.0784089663509925e-09	5.924170616113744e-06	0.0022571090047393363
J18	J45	20	432	442	49518	3.137789607278031e-09	5.924170616113744e-06	0.00226303317535545
N05	I10	7	33	357	49518	3.4710703417666774e-09	5.924170616113744e-06	0.0022689573459715637
E87	J96	6	129	49	49518	3.5456807673286405e-09	5.924170616113744e-06	0.0022748815165876774
M47	M51	10	72	511	49518	3.796932000428408e-09	5.924170616113744e-06	0.0022808056872037916
H46	H53	6	72	89	49518	4.0339638662467305e-09	5.924170616113744e-06	0.0022867298578199053
F60	B17	11	659	74	49518	4.178241941049251e-09	5.924170616113744e-06	0.002292654028436019
F10	F14	9	749	38	49518	4.3528136181981574e-09	5.924170616113744e-06	0.0022985781990521328
H35	I10	9	76	357	49518	4.4325982214627114e-09	5.924170616113744e-06	0.0023045023696682465
B27	J03	10	75	500	49518	4.645021904873233e-09	5.924170616113744e-06	0.00231042654028436
D22	D48	14	232	388	49518	5.604037546803633e-09	5.924170616113744e-06	0.002316350710900474
K04	K09	6	177	39	49518	5.666418097976348e-09	5.924170616113744e-06	0.0023222748815165876
F55	F60	8	31	659	49518	5.681251383007151e-09	5.924170616113744e-06	0.0023281990521327013
K36	K37	15	455	234	49518	5.97885199760789e-09	5.924170616113744e-06	0.002334123222748815
I84	K92	12	322	195	49518	7.206536078133122e-09	5.924170616113744e-06	0.002340047393364929
F33	L70	8	328	61	49518	7.385860720840445e-09	5.924170616113744e-06	0.0023459715639810425
I10	I51	7	357	37	49518	8.160548974842289e-09	5.924170616113744e-06	0.0023518957345971562
N87	B97	6	1337	8	49518	1.0241815903378829e-08	5.924170616113744e-06	0.00235781990521327
N97	A56	11	1234	45	49518	1.0286221798138968e-08	5.924170616113744e-06	0.0023637440758293837
K58	K59	17	261	562	49518	1.0587119569408197e-08	5.924170616113744e-06	0.0023696682464454974
F12	F20	8	96	215	49518	1.0588891525725507e-08	5.924170616113744e-06	0.002375592417061611
M19	M24	6	48	159	49518	1.09406280636004e-08	5.924170616113744e-06	0.0023815165876777252
N86	N92	16	180	722	49518	1.1331027266463305e-08	5.924170616113744e-06	0.002387440758293839
K35	K37	28	1698	234	49518	1.1463163985025891e-08	5.924170616113744e-06	0.0023933649289099527
F33	F42	7	328	42	49518	1.1604209783386598e-08	5.924170616113744e-06	0.0023992890995260664
D64	D69	8	201	104	49518	1.182527244507675e-08	5.924170616113744e-06	0.00240521327014218
N94	K66	18	603	277	49518	1.2003823535089028e-08	5.924170616113744e-06	0.002411137440758294
F17	F33	19	569	328	49518	1.202641828895214e-08	5.924170616113744e-06	0.0024170616113744076
D63	I10	6	23	357	49518	1.2256153278772525e-08	5.924170616113744e-06	0.0024229857819905213
K29	K31	13	1514	57	49518	1.3575013959136922e-08	5.924170616113744e-06	0.002428909952606635
K60	K63	8	203	105	49518	1.377918344567123e-08	5.924170616113744e-06	0.0024348341232227487
K56	K63	8	203	105	49518	1.377918344567123e-08	5.924170616113744e-06	0.0024407582938388624
J01	J34	22	190	1355	49518	1.5135850229265074e-08	5.924170616113744e-06	0.002446682464454976
N31	N39	13	53	1658	49518	1.5313222999868837e-08	5.924170616113744e-06	0.00245260663507109
F70	G40	10	66	652	49518	1.590821099351114e-08	5.924170616113744e-06	0.0024585308056872036
K26	K29	11	39	1514	49518	1.6055463620313064e-08	5.924170616113744e-06	0.0024644549763033173
L20	L23	7	155	91	49518	1.6680161001925835e-08	5.924170616113744e-06	0.002470379146919431
K43	L90	7	71	200	49518	1.686204872674088e-08	5.924170616113744e-06	0.0024763033175355447
F12	F33	9	96	328	49518	1.7205718844180856e-08	5.924170616113744e-06	0.002482227488151659
G56	M65	12	259	262	49518	1.7312858400522373e-08	5.924170616113744e-06	0.0024881516587677726
K63	K65	6	105	78	49518	1.7849023275514606e-08	5.924170616113744e-06	0.0024940758293838863
E73	K90	6	121	68	49518	1.8163577450340674e-08	5.924170616113744e-06	0.0025
K43	K56	7	71	203	49518	1.8680437876898564e-08	5.924170616113744e-06	0.0025059241706161138
E78	F17	20	375	569	49518	1.9842856506237958e-08	5.924170616113744e-06	0.0025118483412322275
N83	D39	21	1969	124	49518	2.0500379288952343e-08	5.924170616113744e-06	0.002517772511848341
F11	F17	15	207	569	49518	2.2155071327746387e-08	5.924170616113744e-06	0.002523696682464455
K83	K85	6	55	156	49518	2.2646561650795924e-08	5.924170616113744e-06	0.0025296208530805686
F40	F60	9	51	659	49518	2.2932557925125172e-08	5.924170616113744e-06	0.0025355450236966824
F25	F60	12	108	659	49518	2.438131499877211e-08	5.924170616113744e-06	0.002541469194312796
K02	K12	7	105	142	49518	2.473174529868608e-08	5.924170616113744e-06	0.00254739336492891
F17	K29	44	569	1514	49518	2.6691211279454865e-08	5.924170616113744e-06	0.0025533175355450235
F40	F43	11	51	1183	49518	2.744451796812747e-08	5.924170616113744e-06	0.0025592417061611372
K00	K01	8	44	553	49518	2.8638655373772834e-08	5.924170616113744e-06	0.002565165876777251
D50	K90	9	499	68	49518	2.9023599303920693e-08	5.924170616113744e-06	0.0025710900473933647
M20	M21	8	372	65	49518	3.2706379177251286e-08	5.924170616113744e-06	0.0025770142180094784
F23	F70	7	240	66	49518	3.514093431430457e-08	5.924170616113744e-06	0.0025829383886255925
M23	M93	9	640	55	49518	3.563939480219114e-08	5.924170616113744e-06	0.0025888625592417063
F17	G43	25	569	592	49518	3.600013994785052e-08	5.924170616113744e-06	0.00259478672985782
H60	H66	6	64	145	49518	3.702870360847267e-08	5.924170616113744e-06	0.0026007109004739337
F19	K73	6	362	27	49518	3.808073344915808e-08	5.924170616113744e-06	0.0026066350710900474
F17	J44	10	569	83	49518	4.257017820150778e-08	5.924170616113744e-06	0.002612559241706161
K62	K63	7	154	105	49518	4.325308257232258e-08	5.924170616113744e-06	0.002618483412322275
F19	F61	7	362	47	49518	5.151055155624629e-08	5.924170616113744e-06	0.0026244075829383886
F32	F53	9	1176	33	49518	5.3832137604711217e-08	5.924170616113744e-06	0.0026303317535545023
J44	J45	9	83	442	49518	6.082324570459676e-08	5.924170616113744e-06	0.002636255924170616
N92	N93	16	722	204	49518	6.607284443855658e-08	5.924170616113744e-06	0.0026421800947867297
K44	K85	10	312	156	49518	6.649289838047468e-08	5.924170616113744e-06	0.0026481042654028434
M24	M54	17	159	1067	49518	7.203464868565581e-08	5.924170616113744e-06	0.002654028436018957
K76	K83	6	191	55	49518	7.54007418088353e-08	5.924170616113744e-06	0.002659952606635071
F43	F71	8	1183	25	49518	7.810609760766814e-08	5.924170616113744e-06	0.0026658767772511846
F17	I26	13	569	168	49518	8.903711259662533e-08	5.924170616113744e-06	0.0026718009478672983
G44	G97	7	334	55	49518	9.16897481108062e-08	5.924170616113744e-06	0.002677725118483412
D50	E61	8	499	56	49518	9.348238039065415e-08	5.924170616113744e-06	0.002683649289099526
F32	F48	13	1176	84	49518	9.418364891145668e-08	5.924170616113744e-06	0.00268957345971564
F60	L70	9	659	61	49518	1.161395614624641e-07	5.924170616113744e-06	0.0026954976303317536
M25	M79	8	191	147	49518	1.192371407199613e-07	5.924170616113744e-06	0.0027014218009478673
F13	F50	12	182	448	49518	1.2384095695861938e-07	5.924170616113744e-06	0.002707345971563981
E66	G47	13	912	110	49518	1.3214929365349225e-07	5.924170616113744e-06	0.002713270142180095
K04	K08	6	177	65	49518	1.3283366872487147e-07	5.924170616113744e-06	0.0027191943127962085
N13	N28	9	627	65	49518	1.344299654997143e-07	5.924170616113744e-06	0.0027251184834123222
F11	F32	20	207	1176	49518	1.3981219764296295e-07	5.924170616113744e-06	0.002731042654028436
E14	E66	10	60	912	49518	1.402863074433869e-07	5.924170616113744e-06	0.0027369668246445497
F41	F50	20	538	448	49518	1.44613845030198e-07	5.924170616113744e-06	0.0027428909952606634
F17	M47	9	569	72	49518	1.4677731477827295e-07	5.924170616113744e-06	0.002748815165876777
N86	N89	8	180	161	49518	1.5240268576449632e-07	5.924170616113744e-06	0.002754739336492891
F13	G40	14	182	652	49518	1.6234219842707583e-07	5.924170616113744e-06	0.0027606635071090045
E04	E06	8	311	95	49518	1.674647752920505e-07	5.924170616113744e-06	0.0027665876777251183
E73	K29	17	121	1514	49518	1.7959334720574227e-07	5.924170616113744e-06	0.002772511848341232
N84	N85	10	260	208	49518	1.8073439407963217e-07	5.924170616113744e-06	0.0027784360189573457
I10	M32	7	357	57	49518	1.8518058946294235e-07	5.924170616113744e-06	0.00278436018957346
K62	K92	8	154	195	49518	1.9987763957194828e-07	5.924170616113744e-06	0.0027902843601895736
N15	N39	8	21	1658	49518	2.1410189998069797e-07	5.924170616113744e-06	0.0027962085308056873
K63	K92	7	105	195	49518	2.1655937838675503e-07	5.924170616113744e-06	0.002802132701421801
F50	F61	7	448	47	49518	2.179178536726502e-07	5.924170616113744e-06	0.0028080568720379147
J18	J96	7	432	49	49518	2.2949988345023304e-07	5.924170616113744e-06	0.0028139810426540284
G44	M53	11	334	211	49518	2.3887085815251343e-07	5.924170616113744e-06	0.002819905213270142
N73	E28	15	493	288	49518	2.611764390802989e-07	5.924170616113744e-06	0.002825829383886256
D43	G40	7	34	652	49518	2.625164195747587e-07	5.924170616113744e-06	0.0028317535545023696
N62	L90	11	357	200	49518	2.7062389877285666e-07	5.924170616113744e-06	0.0028376777251184833
F17	F60	25	569	659	49518	2.7192155136676593e-07	5.924170616113744e-06	0.002843601895734597
K65	K66	7	78	277	49518	2.990580186727736e-07	5.924170616113744e-06	0.0028495260663507107
N73	A56	7	493	45	49518	3.040995218117188e-07	5.924170616113744e-06	0.0028554502369668245
N83	N99	11	1969	40	49518	3.042320793799302e-07	5.924170616113744e-06	0.002861374407582938
B18	F32	18	180	1176	49518	3.490053534396771e-07	5.924170616113744e-06	0.002867298578199052
J20	J45	12	203	442	49518	3.4920869284563387e-07	5.924170616113744e-06	0.0028732227488151656
G44	M54	24	334	1067	49518	3.609947460113827e-07	5.924170616113744e-06	0.0028791469194312793
E66	K44	21	912	312	49518	4.5479029567895654e-07	5.924170616113744e-06	0.0028850710900473935
N84	D25	10	260	231	49518	4.7470440938503417e-07	5.924170616113744e-06	0.002890995260663507
K22	K44	6	47	312	49518	5.152124414682201e-07	5.924170616113744e-06	0.0029028436018957346
K21	K22	6	312	47	49518	5.152124414682201e-07	5.924170616113744e-06	0.002896919431279621
D50	K25	8	499	70	49518	5.492001462361803e-07	5.924170616113744e-06	0.0029087677725118484
E66	I26	15	912	168	49518	6.012709001649908e-07	5.924170616113744e-06	0.002914691943127962
F17	J30	11	569	137	49518	6.020926249135331e-07	5.924170616113744e-06	0.002920616113744076
N18	N39	13	71	1658	49518	6.042397042160761e-07	5.924170616113744e-06	0.0029265402843601895
K01	K08	8	553	65	49518	6.641305690737902e-07	5.924170616113744e-06	0.0029324644549763032
N80	N85	19	1190	208	49518	8.05764572211787e-07	5.924170616113744e-06	0.002938388625592417
F10	K71	7	749	35	49518	8.195588933911438e-07	5.924170616113744e-06	0.0029443127962085307
E28	K66	11	288	277	49518	8.199123625127904e-07	5.924170616113744e-06	0.0029502369668246444
M23	M67	26	640	666	49518	8.446462633857545e-07	5.924170616113744e-06	0.002956161137440758
F17	I80	13	569	205	49518	8.795098351540893e-07	5.924170616113744e-06	0.002962085308056872
M22	M24	7	160	159	49518	9.521466075835614e-07	5.924170616113744e-06	0.0029680094786729855
E74	K58	6	62	261	49518	9.718065421956557e-07	5.924170616113744e-06	0.0029739336492890993
F60	G40	26	659	652	49518	9.795327411710928e-07	5.924170616113744e-06	0.002979857819905213
N91	F50	10	146	448	49518	9.84613813284624e-07	5.924170616113744e-06	0.002985781990521327
F41	F44	10	538	123	49518	1.0565345923345912e-06	5.924170616113744e-06	0.002991706161137441
F17	F61	7	569	47	49518	1.077015321126152e-06	5.924170616113744e-06	0.0029976303317535546
F17	M54	32	569	1067	49518	1.1340335587908188e-06	5.924170616113744e-06	0.0030035545023696683
N23	N30	9	273	188	49518	1.1624321253084314e-06	5.924170616113744e-06	0.003009478672985782
F15	F43	6	16	1183	49518	1.1973888866668331e-06	5.924170616113744e-06	0.0030154028436018957
K22	K29	10	47	1514	49518	1.279737716956829e-06	5.924170616113744e-06	0.0030213270142180094
F17	F19	17	569	362	49518	1.3252494544230056e-06	5.924170616113744e-06	0.003027251184834123
F17	F43	34	569	1183	49518	1.347259966382388e-06	5.924170616113744e-06	0.003033175355450237
K50	K62	9	342	154	49518	1.415724242710284e-06	5.924170616113744e-06	0.0030390995260663506
N84	N93	9	260	204	49518	1.5290975438454026e-06	5.924170616113744e-06	0.0030450236966824643
H90	H91	7	82	336	49518	1.5292854318279234e-06	5.924170616113744e-06	0.003050947867298578
N88	N91	6	119	146	49518	1.563016963067738e-06	5.924170616113744e-06	0.0030568720379146918
F17	I64	6	569	32	49518	1.576271470648017e-06	5.924170616113744e-06	0.0030627962085308055
K60	K92	8	203	195	49518	1.6178670620815485e-06	5.924170616113744e-06	0.003068720379146919
F32	L70	10	1176	61	49518	1.6519502455275102e-06	5.924170616113744e-06	0.003074644549763033
E87	A09	16	129	1482	49518	1.7010342933018322e-06	5.924170616113744e-06	0.0030805687203791466
G43	G45	8	592	69	49518	1.7544323112114068e-06	5.924170616113744e-06	0.003086492890995261
F45	M54	23	342	1067	49518	1.9496702144025498e-06	5.924170616113744e-06	0.0030924170616113745
D64	I82	6	201	92	49518	2.2138365938571808e-06	5.924170616113744e-06	0.0030983412322274882
N13	N26	6	627	31	49518	2.2632198400377025e-06	5.924170616113744e-06	0.003104265402843602
N31	K59	7	53	562	49518	2.2927311261124687e-06	5.924170616113744e-06	0.0031101895734597157
D64	I10	10	201	357	49518	2.3405486526755344e-06	5.924170616113744e-06	0.0031161137440758294
N75	N76	17	385	561	49518	2.5148031456282764e-06	5.924170616113744e-06	0.003122037914691943
E03	E78	13	341	375	49518	2.531592803715553e-06	5.924170616113744e-06	0.003127962085308057
F22	F43	7	27	1183	49518	2.550283502330347e-06	5.924170616113744e-06	0.0031338862559241705
K29	K92	20	1514	195	49518	2.664703923098789e-06	5.924170616113744e-06	0.0031398104265402843
F14	F43	8	38	1183	49518	2.681177340101458e-06	5.924170616113744e-06	0.003145734597156398
D10	K01	6	36	553	49518	2.766915120377962e-06	5.924170616113744e-06	0.0031516587677725117
I84	K29	27	322	1514	49518	2.777996379005142e-06	5.924170616113744e-06	0.0031575829383886254
E78	M54	24	375	1067	49518	2.782753559501102e-06	5.924170616113744e-06	0.003163507109004739
D64	I95	10	201	365	49518	2.848646323477555e-06	5.924170616113744e-06	0.003169431279620853
G56	M67	15	259	666	49518	2.8667366616746244e-06	5.924170616113744e-06	0.0031753554502369666
D27	K66	13	469	277	49518	2.9780762081433222e-06	5.924170616113744e-06	0.0031812796208530803
N91	F11	7	146	207	49518	2.989349196098681e-06	5.924170616113744e-06	0.0031872037914691944
N85	N91	7	208	146	49518	3.0858919419683643e-06	5.924170616113744e-06	0.003193127962085308
D68	I10	7	86	357	49518	3.146802264084208e-06	5.924170616113744e-06	0.003199052132701422
F17	F32	33	569	1176	49518	3.193666427151248e-06	5.924170616113744e-06	0.0032049763033175356
M47	M54	10	72	1067	49518	3.3125278488587706e-06	5.924170616113744e-06	0.0032109004739336493
G40	G81	6	652	32	49518	3.4482822247247887e-06	5.924170616113744e-06	0.003216824644549763
F29	F43	6	19	1183	49518	3.8150277335763725e-06	5.924170616113744e-06	0.0032227488151658767
N80	D25	19	1190	231	49518	3.843249966503818e-06	5.924170616113744e-06	0.0032286729857819905
J15	J18	7	74	432	49518	3.986338647720518e-06	5.924170616113744e-06	0.003234597156398104
K29	K63	14	1514	105	49518	4.0269948097607456e-06	5.924170616113744e-06	0.003240521327014218
G43	G97	7	592	55	49518	4.160192096299892e-06	5.924170616113744e-06	0.0032464454976303316
M41	M53	6	98	211	49518	4.233505095692268e-06	5.924170616113744e-06	0.0032523696682464453
D50	K44	14	499	312	49518	4.293231922251248e-06	5.924170616113744e-06	0.003258293838862559
E78	I80	10	375	205	49518	4.30771392727808e-06	5.924170616113744e-06	0.0032642180094786728
E14	I10	6	60	357	49518	4.855486373698489e-06	5.924170616113744e-06	0.0032701421800947865
I10	I82	7	357	92	49518	4.944394253118405e-06	5.924170616113744e-06	0.0032760663507109
B18	G40	12	180	652	49518	5.481008685957342e-06	5.924170616113744e-06	0.003281990521327014
N84	N86	8	260	180	49518	5.563101838180247e-06	5.924170616113744e-06	0.003287914691943128
F60	L30	9	659	96	49518	5.746255236240012e-06	5.924170616113744e-06	0.003293838862559242
F42	F43	8	42	1183	49518	5.94639574470256e-06	5.924170616113744e-06	0.0032997630331753555
F41	F42	6	538	42	49518	6.021503299529258e-06	5.924170616113744e-06	0.0033056872037914692
I84	K63	7	322	105	49518	6.078026461247313e-06	5.924170616113744e-06	0.003311611374407583
L02	L03	9	439	144	49518	6.172350014040716e-06	5.924170616113744e-06	0.0033175355450236967
N10	N12	14	603	267	49518	6.187556044275076e-06	5.924170616113744e-06	0.0033234597156398104
M17	M23	6	36	640	49518	6.377255791314491e-06	5.924170616113744e-06	0.003329383886255924
J06	J20	11	488	203	49518	6.407687907263269e-06	5.924170616113744e-06	0.003335308056872038
F17	I95	16	569	365	49518	6.455416425688326e-06	5.924170616113744e-06	0.0033412322274881515
N20	N30	11	530	188	49518	6.701629813319567e-06	5.924170616113744e-06	0.0033471563981042653
N13	A41	7	627	56	49518	6.837820581519076e-06	5.924170616113744e-06	0.003353080568720379
E61	K29	10	56	1514	49518	6.8566255439869346e-06	5.924170616113744e-06	0.0033590047393364927
E66	K83	8	912	55	49518	7.273447989970748e-06	5.924170616113744e-06	0.0033649289099526064
J33	K07	9	111	587	49518	7.521934477926073e-06	5.924170616113744e-06	0.00337085308056872
N70	N99	7	912	40	49518	7.711910487394476e-06	5.924170616113744e-06	0.003376777251184834
D50	K56	11	499	203	49518	7.89499369277499e-06	5.924170616113744e-06	0.0033827014218009476
H81	H91	10	245	336	49518	7.912022339397945e-06	5.924170616113744e-06	0.0033886255924170617
N10	N23	14	603	273	49518	7.965482759189868e-06	5.924170616113744e-06	0.0033945497630331754
N76	B37	13	561	256	49518	8.664484672264427e-06	5.924170616113744e-06	0.003400473933649289
F32	G40	35	1176	652	49518	8.797743672953753e-06	5.924170616113744e-06	0.003406398104265403
F32	I95	24	1176	365	49518	8.917696805259962e-06	5.924170616113744e-06	0.0034123222748815166
N89	N90	6	161	146	49518	8.958933330306143e-06	5.924170616113744e-06	0.0034182464454976303
K42	K80	16	161	1350	49518	9.496615641541788e-06	5.924170616113744e-06	0.003424170616113744
E05	E06	6	251	95	49518	9.522850861861558e-06	5.924170616113744e-06	0.0034300947867298578
F14	F60	6	38	659	49518	1.0435789672637409e-05	5.924170616113744e-06	0.0034360189573459715
F10	F41	23	749	538	49518	1.0445282811987757e-05	5.924170616113744e-06	0.003441943127962085
F25	F32	12	108	1176	49518	1.0469860783644247e-05	5.924170616113744e-06	0.003447867298578199
F43	F53	7	1183	33	49518	1.082640253574307e-05	5.924170616113744e-06	0.0034537914691943126
I10	K76	9	357	191	49518	1.1599085470766136e-05	5.924170616113744e-06	0.0034597156398104264
D50	K52	32	499	1367	49518	1.1915785640070297e-05	5.924170616113744e-06	0.00346563981042654
G43	I63	6	592	43	49518	1.1919846568308655e-05	5.924170616113744e-06	0.003471563981042654
D64	E03	9	201	341	49518	1.2122751403436913e-05	5.924170616113744e-06	0.0034774881516587675
M22	M67	11	160	666	49518	1.2205540226435644e-05	5.924170616113744e-06	0.0034834123222748812
M51	M62	6	511	50	49518	1.2683852813276339e-05	5.924170616113744e-06	0.0034893364928909954
K07	K10	6	587	44	49518	1.302508937226324e-05	5.924170616113744e-06	0.003495260663507109
E78	F60	17	375	659	49518	1.4495286124820146e-05	5.924170616113744e-06	0.003501184834123223
F20	F33	9	215	328	49518	1.5233168314817282e-05	5.924170616113744e-06	0.0035071090047393365
F33	F34	7	328	119	49518	1.558624860549067e-05	5.924170616113744e-06	0.0035130331753554503
B18	L03	6	180	144	49518	1.5610571758839335e-05	5.924170616113744e-06	0.003518957345971564
J01	J30	6	190	137	49518	1.597097950640407e-05	5.924170616113744e-06	0.0035248815165876777
G47	I10	7	110	357	49518	1.607663005191933e-05	5.924170616113744e-06	0.0035308056872037914
F10	B17	8	749	74	49518	1.6518322342948442e-05	5.924170616113744e-06	0.003536729857819905
F31	F33	8	166	328	49518	1.656438375122824e-05	5.924170616113744e-06	0.003542654028436019
B18	N91	6	180	146	49518	1.688083676087954e-05	5.924170616113744e-06	0.0035485781990521326
K52	K90	10	1367	68	49518	1.6899706597308976e-05	5.924170616113744e-06	0.0035545023696682463
F45	F50	13	342	448	49518	1.7447966020301093e-05	5.924170616113744e-06	0.00356042654028436
E74	K29	10	62	1514	49518	1.753693269987351e-05	5.924170616113744e-06	0.0035663507109004737
N31	M51	6	53	511	49518	1.7851776766891255e-05	5.924170616113744e-06	0.0035722748815165874
G40	G93	6	652	42	49518	1.7852075935961642e-05	5.924170616113744e-06	0.003578199052132701
F32	L30	11	1176	96	49518	1.8100804359464417e-05	5.924170616113744e-06	0.003584123222748815
F23	F31	7	240	166	49518	1.8148261881358622e-05	5.924170616113744e-06	0.003590047393364929
F17	F41	19	569	538	49518	1.9612444445309062e-05	5.924170616113744e-06	0.0035959715639810427
F43	G44	22	1183	334	49518	2.2082177502080996e-05	5.924170616113744e-06	0.0036018957345971565
K21	K52	23	312	1367	49518	2.32172434949838e-05	5.924170616113744e-06	0.00360781990521327
E66	M54	40	912	1067	49518	2.384389175391644e-05	5.924170616113744e-06	0.003613744075829384
A16	D50	6	57	499	49518	2.3865285602152624e-05	5.924170616113744e-06	0.0036196682464454976
K51	K52	15	153	1367	49518	2.424458517989923e-05	5.924170616113744e-06	0.0036255924170616113
M22	M65	7	160	262	49518	2.5098721078114898e-05	5.924170616113744e-06	0.003631516587677725
A46	E66	9	84	912	49518	2.5138810994273892e-05	5.924170616113744e-06	0.0036374407582938388
F32	F40	8	1176	51	49518	2.543618445270192e-05	5.924170616113744e-06	0.0036433649289099525
N70	B37	16	912	256	49518	2.5751285115285095e-05	5.924170616113744e-06	0.003649289099526066
N39	D41	6	1658	19	49518	2.6025287278942126e-05	5.924170616113744e-06	0.00365521327014218
E79	F17	6	51	569	49518	2.6040234243294373e-05	5.924170616113744e-06	0.0036611374407582936
B18	F43	15	180	1183	49518	3.1324257832554284e-05	5.924170616113744e-06	0.0036670616113744074
K29	K59	36	1514	562	49518	3.168227590957515e-05	5.924170616113744e-06	0.003672985781990521
G43	I10	15	592	357	49518	3.217072843025025e-05	5.924170616113744e-06	0.003678909952606635
F34	F60	9	119	659	49518	3.2714180430863174e-05	5.924170616113744e-06	0.0036848341232227485
G40	I95	16	652	365	49518	3.384141972754339e-05	5.924170616113744e-06	0.0036907582938388627
K76	K85	6	191	156	49518	3.422186296215267e-05	5.924170616113744e-06	0.0036966824644549764
N70	N72	7	912	50	49518	3.521935957282793e-05	5.924170616113744e-06	0.00370260663507109
F41	I34	6	538	57	49518	3.6296394325459586e-05	5.924170616113744e-06	0.003708530805687204
F13	F31	6	182	166	49518	3.7002065673647356e-05	5.924170616113744e-06	0.0037144549763033176
F41	F48	7	538	84	49518	3.781910436846895e-05	5.924170616113744e-06	0.0037203791469194313
K71	K80	7	35	1350	49518	3.79753114260182e-05	5.924170616113744e-06	0.003726303317535545
J32	K04	10	562	177	49518	3.8759410621227246e-05	5.924170616113744e-06	0.0037322274881516587
M22	M25	6	160	191	49518	3.9429103211720696e-05	5.924170616113744e-06	0.0037381516587677724
D64	K51	6	201	153	49518	4.080679176649113e-05	5.924170616113744e-06	0.003744075829383886
N62	E65	6	357	87	49518	4.159746326106927e-05	5.924170616113744e-06	0.00375
N84	N88	6	260	119	49518	4.17996939318022e-05	5.924170616113744e-06	0.0037559241706161136
E87	F23	6	129	240	49518	4.212438316691339e-05	5.924170616113744e-06	0.0037618483412322273
N12	N13	13	267	627	49518	4.2705159071096524e-05	5.924170616113744e-06	0.003767772511848341
N88	N97	12	119	1234	49518	4.465203406526881e-05	5.924170616113744e-06	0.0037736966824644547
M24	M51	9	159	511	49518	4.483270812242971e-05	5.924170616113744e-06	0.0037796208530805685
E87	I10	7	129	357	49518	4.4931938871332005e-05	5.924170616113744e-06	0.003785545023696682
F33	L30	6	328	96	49518	4.533533760236408e-05	5.924170616113744e-06	0.0037914691943127963
J40	J45	7	105	442	49518	4.6191512680610176e-05	5.924170616113744e-06	0.00379739336492891
D50	M81	6	499	64	49518	4.64618041951248e-05	5.924170616113744e-06	0.0038033175355450238
K44	K58	9	312	261	49518	4.703543834487964e-05	5.924170616113744e-06	0.0038092417061611375
F32	M54	47	1176	1067	49518	4.8770853872871385e-05	5.924170616113744e-06	0.003815165876777251
F17	I34	6	569	57	49518	4.9502614791303744e-05	5.924170616113744e-06	0.003821090047393365
F10	F31	11	749	166	49518	4.9947719368613094e-05	5.924170616113744e-06	0.0038270142180094786
F17	F45	14	569	342	49518	5.0685256091543506e-05	5.924170616113744e-06	0.0038329383886255924
N39	D64	19	1658	201	49518	5.182270234471632e-05	5.924170616113744e-06	0.003838862559241706
E66	F20	14	912	215	49518	5.2034448307657704e-05	5.924170616113744e-06	0.00384478672985782
J32	J45	16	562	442	49518	5.6648819640286913e-05	5.924170616113744e-06	0.0038507109004739335
N28	N39	10	65	1658	49518	5.767543301325601e-05	5.924170616113744e-06	0.0038566350710900472
N26	N39	7	31	1658	49518	6.044852720368302e-05	5.924170616113744e-06	0.003862559241706161
E87	F32	12	129	1176	49518	6.236813786223786e-05	5.924170616113744e-06	0.0038684834123222747
F17	K52	33	569	1367	49518	6.411119207788377e-05	5.924170616113744e-06	0.0038744075829383884
H66	H91	7	145	336	49518	6.450734673390726e-05	5.924170616113744e-06	0.003880331753554502
F07	F43	6	30	1183	49518	6.669021295748277e-05	5.924170616113744e-06	0.003886255924170616
N80	N84	18	1190	260	49518	6.815903645748109e-05	5.924170616113744e-06	0.0038921800947867295
J02	J03	7	99	500	49518	6.863279582354132e-05	5.924170616113744e-06	0.0038981042654028437
N31	F60	6	53	659	49518	7.32894938903557e-05	5.924170616113744e-06	0.0039040284360189574
E78	F41	14	375	538	49518	7.464553808390018e-05	5.924170616113744e-06	0.003909952606635071
N85	N97	16	208	1234	49518	7.514369057607664e-05	5.924170616113744e-06	0.003915876777251185
F17	F50	16	569	448	49518	7.655974655029975e-05	5.924170616113744e-06	0.003921800947867298
E73	K59	8	121	562	49518	7.674470537588658e-05	5.924170616113744e-06	0.003927725118483412
F32	F55	6	1176	31	49518	7.842755861012067e-05	5.924170616113744e-06	0.003933649289099526
N76	N77	6	561	63	49518	8.093450424497651e-05	5.924170616113744e-06	0.00393957345971564
F43	F55	6	1183	31	49518	8.102847759276747e-05	5.924170616113744e-06	0.003945497630331754
I95	J06	13	365	488	49518	8.127350256641277e-05	5.924170616113744e-06	0.003951421800947867
E86	K52	9	66	1367	49518	8.165699664590793e-05	5.924170616113744e-06	0.003957345971563981
D64	G40	11	201	652	49518	8.181305354989746e-05	5.924170616113744e-06	0.003963270142180095
H81	H93	9	245	360	49518	8.640209405464128e-05	5.924170616113744e-06	0.003969194312796209
L02	L73	6	439	81	49518	8.688625205874766e-05	5.924170616113744e-06	0.003975118483412322
F10	F34	9	749	119	49518	8.709595684873751e-05	5.924170616113744e-06	0.003981042654028436
N39	N76	37	1658	561	49518	8.75134969613065e-05	5.924170616113744e-06	0.0039869668246445495
I80	J18	9	205	432	49518	8.836131960937745e-05	5.924170616113744e-06	0.003992890995260664
F33	G44	10	328	334	49518	8.925927091863137e-05	5.924170616113744e-06	0.003998815165876777
D50	K21	12	499	312	49518	9.087763305649331e-05	5.924170616113744e-06	0.004004739336492891
J18	J44	6	432	83	49518	9.119767163519379e-05	5.924170616113744e-06	0.004010663507109004
F31	F41	9	166	538	49518	9.254082752768036e-05	5.924170616113744e-06	0.0040165876777251185
N80	A56	7	1190	45	49518	9.297368436489388e-05	5.924170616113744e-06	0.004022511848341232
K50	K52	23	342	1367	49518	9.476887370778742e-05	5.924170616113744e-06	0.004028436018957346
K29	K85	15	1514	156	49518	9.561903363718179e-05	5.924170616113744e-06	0.004034360189573459
H65	J35	12	63	2609	49518	9.682223617682625e-05	5.924170616113744e-06	0.004040284360189573
G43	H53	7	592	89	49518	9.957036420075745e-05	5.924170616113744e-06	0.0040462085308056875
K52	K62	14	1367	154	49518	0.0001018623205629286	5.924170616113744e-06	0.004052132701421801
L02	L05	13	439	416	49518	0.00010438286332606826	5.924170616113744e-06	0.004058056872037915
F34	F50	7	119	448	49518	0.00011104132476263551	5.924170616113744e-06	0.004063981042654028
D68	J18	6	86	432	49518	0.0001111309276627102	5.924170616113744e-06	0.004069905213270142
L20	L50	6	155	238	49518	0.00011129666449436491	5.924170616113744e-06	0.004075829383886256
E78	F32	22	375	1176	49518	0.00011215116690260943	5.924170616113744e-06	0.00408175355450237
F41	G40	19	538	652	49518	0.00011898275355954188	5.924170616113744e-06	0.004087677725118483
N73	D25	10	493	231	49518	0.00012103307695864583	5.924170616113744e-06	0.004093601895734597
I95	A09	25	365	1482	49518	0.0001272959872832992	5.924170616113744e-06	0.0040995260663507106
F17	J20	10	569	203	49518	0.0001343856854100639	5.924170616113744e-06	0.004105450236966825
A49	K29	7	38	1514	49518	0.00013544095806601966	5.924170616113744e-06	0.004111374407582938
N10	N28	6	603	65	49518	0.0001428936942168108	5.924170616113744e-06	0.004117298578199052
F31	F50	8	166	448	49518	0.00014642841743741256	5.924170616113744e-06	0.004123222748815165
F41	K29	33	538	1514	49518	0.0001491586880993013	5.924170616113744e-06	0.00412914691943128
E87	F10	9	129	749	49518	0.0001615002327116427	5.924170616113744e-06	0.004135071090047393
D64	K29	17	201	1514	49518	0.00016525954001611533	5.924170616113744e-06	0.004140995260663507
F32	F70	8	1176	66	49518	0.0001676908257748101	5.924170616113744e-06	0.004146919431279621
F19	F33	10	362	328	49518	0.00017163481555414564	5.924170616113744e-06	0.0041528436018957345
D50	K92	9	499	195	49518	0.00017811559664101002	5.924170616113744e-06	0.004158767772511849
F17	J93	6	569	72	49518	0.0001843261037188696	5.924170616113744e-06	0.004164691943127962
N80	D62	7	1190	50	49518	0.00018439972977738034	5.924170616113744e-06	0.004170616113744076
E03	F17	13	341	569	49518	0.00018776504431874697	5.924170616113744e-06	0.004176540284360189
K90	A09	9	68	1482	49518	0.0001894529886273994	5.924170616113744e-06	0.0041824644549763035
N92	D64	11	722	201	49518	0.00019827767539370625	5.924170616113744e-06	0.004188388625592417
E78	K85	7	375	156	49518	0.00020018167029194382	5.924170616113744e-06	0.004194312796208531
K59	K63	7	562	105	49518	0.00020389967372797115	5.924170616113744e-06	0.004200236966824644
E73	K50	6	121	342	49518	0.00020499060073743799	5.924170616113744e-06	0.004206161137440758
N97	E22	6	1234	35	49518	0.00020683121503090631	5.924170616113744e-06	0.004212085308056872
K29	M41	11	1514	98	49518	0.00020711008725060693	5.924170616113744e-06	0.004218009478672986
K01	K12	8	553	142	49518	0.00020874533153818388	5.924170616113744e-06	0.004223933649289099
J18	J30	7	432	137	49518	0.00021298055313677343	5.924170616113744e-06	0.004229857819905213
N60	D48	6	108	388	49518	0.0002175153183824825	5.924170616113744e-06	0.0042357819905213265
F44	F45	6	123	342	49518	0.00022405471750668073	5.924170616113744e-06	0.004241706161137441
K21	K76	7	312	191	49518	0.0002259492968964386	5.924170616113744e-06	0.004247630331753555
E03	F60	14	341	659	49518	0.00022613576308375908	5.924170616113744e-06	0.004253554502369668
N83	D36	12	1969	90	49518	0.00023434975981604481	5.924170616113744e-06	0.004259478672985782
F19	F31	7	362	166	49518	0.00023635980980384215	5.924170616113744e-06	0.0042654028436018955
N39	F17	36	1658	569	49518	0.0002416033218773398	5.924170616113744e-06	0.00427132701421801
A63	B07	10	1022	123	49518	0.00024651710882106113	5.924170616113744e-06	0.004277251184834123
E66	J45	20	912	442	49518	0.000249028214042612	5.924170616113744e-06	0.004283175355450237
J45	M41	6	442	98	49518	0.00025756248507020847	5.924170616113744e-06	0.00428909952606635
E78	K29	25	375	1514	49518	0.0002655086766071762	5.924170616113744e-06	0.0042950236966824646
J06	B00	7	488	126	49518	0.0002664576220515429	5.924170616113744e-06	0.004300947867298578
K21	K58	8	312	261	49518	0.00027515998751861666	5.924170616113744e-06	0.004306872037914692
N11	N39	6	28	1658	49518	0.00027910195212113765	5.924170616113744e-06	0.004312796208530805
F13	F17	9	182	569	49518	0.0002799314309476823	5.924170616113744e-06	0.0043187203791469194
K76	M54	13	191	1067	49518	0.00028262507134833116	5.924170616113744e-06	0.004324644549763033
E73	A09	12	121	1482	49518	0.00028798080665253954	5.924170616113744e-06	0.004330568720379147
M25	M67	10	191	666	49518	0.00028846190204523706	5.924170616113744e-06	0.00433649289099526
K29	K62	14	1514	154	49518	0.00028991929198717546	5.924170616113744e-06	0.004342417061611374
F17	I10	13	569	357	49518	0.0002920280122082177	5.924170616113744e-06	0.0043483412322274885
E78	K80	23	375	1350	49518	0.0003015200516537384	5.924170616113744e-06	0.004354265402843602
J03	B00	7	500	126	49518	0.00030836394910415223	5.924170616113744e-06	0.004360189573459716
E78	I26	7	375	168	49518	0.0003144208581010902	5.924170616113744e-06	0.004366113744075829
M24	M67	9	159	666	49518	0.00032501941529150085	5.924170616113744e-06	0.004372037914691943
N80	K36	24	1190	455	49518	0.0003290341513837719	5.924170616113744e-06	0.004377962085308057
G44	J01	7	334	190	49518	0.00033009329834560175	5.924170616113744e-06	0.004383886255924171
J18	J40	6	432	105	49518	0.00033110685127485617	5.924170616113744e-06	0.004389810426540284
J01	J45	8	190	442	49518	0.0003343249606413223	5.924170616113744e-06	0.004395734597156398
F50	K29	28	448	1514	49518	0.0003381669844578914	5.924170616113744e-06	0.0044016587677725115
N17	N39	6	29	1658	49518	0.0003419868560472877	5.924170616113744e-06	0.004407582938388626
I84	K59	12	322	562	49518	0.0003600137181101118	5.924170616113744e-06	0.004413507109004739
N70	K36	20	912	455	49518	0.0003609152812733525	5.924170616113744e-06	0.004419431279620853
K52	K92	15	1367	195	49518	0.00037002696306244	5.924170616113744e-06	0.004425355450236966
F60	J02	7	659	99	49518	0.00037042402998956357	5.924170616113744e-06	0.0044312796208530805
N72	N87	7	50	1337	49518	0.0003731597736904446	5.924170616113744e-06	0.004437203791469194
F23	F50	9	240	448	49518	0.00037399396873049397	5.924170616113744e-06	0.004443127962085308
F19	J18	11	362	432	49518	0.0003863891018010902	5.924170616113744e-06	0.004449052132701422
F43	B17	8	1183	74	49518	0.00038744123066692234	5.924170616113744e-06	0.004454976303317535
B37	E10	6	256	182	49518	0.0003917686637802614	5.924170616113744e-06	0.0044609004739336496
K59	K62	8	562	154	49518	0.00040207161722972154	5.924170616113744e-06	0.004466824644549763
E87	I95	6	129	365	49518	0.000409026689041653	5.924170616113744e-06	0.004472748815165877
N10	N35	7	603	110	49518	0.00041389481138610803	5.924170616113744e-06	0.00447867298578199
F17	F48	6	569	84	49518	0.0004271054148866672	5.924170616113744e-06	0.004484597156398104
J18	J20	8	432	203	49518	0.0004464742240603399	5.924170616113744e-06	0.004490521327014218
D50	F32	25	499	1176	49518	0.00044928342244814355	5.924170616113744e-06	0.004496445497630332
E66	I80	12	912	205	49518	0.000462457642339672	5.924170616113744e-06	0.004502369668246445
N30	B37	6	188	256	49518	0.0004651301333534483	5.924170616113744e-06	0.004508293838862559
F11	F33	7	207	328	49518	0.0004949532505259131	5.924170616113744e-06	0.004514218009478673
A04	A09	14	166	1482	49518	0.0005028787082068503	5.924170616113744e-06	0.004520142180094787
F45	K58	8	342	261	49518	0.0005053630734166639	5.924170616113744e-06	0.004531990521327014
K50	K58	8	342	261	49518	0.0005053630734166639	5.924170616113744e-06	0.0045260663507109
F33	F45	9	328	342	49518	0.0005106795243787883	5.924170616113744e-06	0.0045379146919431275
E05	I10	8	251	357	49518	0.0005179174506535628	5.924170616113744e-06	0.004543838862559242
F19	F50	11	362	448	49518	0.0005226369548245759	5.924170616113744e-06	0.004549763033175355
D64	K50	7	201	342	49518	0.0005321279673993869	5.924170616113744e-06	0.004555687203791469
G56	M25	6	259	191	49518	0.0005374667323403191	5.924170616113744e-06	0.004561611374407583
K59	K60	9	562	203	49518	0.0005666838031780431	5.924170616113744e-06	0.0045675355450236965
F10	F44	8	749	123	49518	0.000591490524856212	5.924170616113744e-06	0.004573459715639811
F50	K21	10	448	312	49518	0.0006170134182719743	5.924170616113744e-06	0.004579383886255924
E66	M51	21	912	511	49518	0.0006250056547920847	5.924170616113744e-06	0.004585308056872038
M50	M54	6	49	1067	49518	0.0006262115590261197	5.924170616113744e-06	0.004591232227488151
E66	K31	6	912	57	49518	0.0006264761336335103	5.924170616113744e-06	0.0045971563981042655
K36	K56	8	455	203	49518	0.0006265010334588089	5.924170616113744e-06	0.004603080568720379
J06	J40	6	488	105	49518	0.0006280845980172923	5.924170616113744e-06	0.004609004739336493
J06	L50	9	488	238	49518	0.0006489164066823986	5.924170616113744e-06	0.004614928909952606
F17	L23	6	569	91	49518	0.0006547185128110828	5.924170616113744e-06	0.00462085308056872
E78	G43	13	375	592	49518	0.0006704624016786253	5.924170616113744e-06	0.004626777251184834
E66	K85	10	912	156	49518	0.0006708523392383954	5.924170616113744e-06	0.004632701421800948
H81	M53	6	245	211	49518	0.0006770835765162362	5.924170616113744e-06	0.004638625592417061
E78	K21	9	375	312	49518	0.000688597751846162	5.924170616113744e-06	0.004644549763033175
F19	L03	6	362	144	49518	0.0007002553766411263	5.924170616113744e-06	0.0046504739336492885
N13	N30	9	627	188	49518	0.0007101503655665258	5.924170616113744e-06	0.004656398104265403
I84	K52	20	322	1367	49518	0.0007202358123401407	5.924170616113744e-06	0.004662322274881517
N73	K36	13	493	455	49518	0.0007401009588890205	5.924170616113744e-06	0.00466824644549763
F41	I95	12	538	365	49518	0.0007404382849513317	5.924170616113744e-06	0.004674170616113744
N91	F19	6	146	362	49518	0.0007525868754914524	5.924170616113744e-06	0.004680094786729858
E66	K21	15	912	312	49518	0.0007719724397634477	5.924170616113744e-06	0.004686018957345972
F32	L27	8	1176	83	49518	0.0008086929584220433	5.924170616113744e-06	0.004691943127962085
F41	G43	16	538	592	49518	0.0008910810475991667	5.924170616113744e-06	0.004697867298578199
F43	F48	8	1183	84	49518	0.0009094652884186761	5.924170616113744e-06	0.0047037914691943124
D64	E78	7	201	375	49518	0.0009119319012362959	5.924170616113744e-06	0.004709715639810427
F48	F60	6	84	659	49518	0.0009169887437791053	5.924170616113744e-06	0.00471563981042654
E78	M79	6	375	147	49518	0.0009353572045887132	5.924170616113744e-06	0.004721563981042654
H93	M53	7	360	211	49518	0.0009549651637211537	5.924170616113744e-06	0.004727488151658767
M54	M75	6	1067	53	49518	0.0009558695490018679	5.924170616113744e-06	0.004739336492890995
N31	M54	6	53	1067	49518	0.0009558695490018679	5.924170616113744e-06	0.0047334123222748815
F17	M41	6	569	98	49518	0.0009666050286243363	5.924170616113744e-06	0.004745260663507109
M25	M54	12	191	1067	49518	0.000967654779824723	5.924170616113744e-06	0.004751184834123222
I88	J35	12	81	2609	49518	0.001070432036674424	5.924170616113744e-06	0.004757109004739336
F17	K21	11	569	312	49518	0.001084332180766732	5.924170616113744e-06	0.0047630331753554505
K29	K90	8	1514	68	49518	0.0010897707364509125	5.924170616113744e-06	0.004768957345971564
N85	N94	9	208	603	49518	0.0011025979720616578	5.924170616113744e-06	0.004774881516587678
D50	G40	16	499	652	49518	0.0011092339266678187	5.924170616113744e-06	0.004780805687203791
J31	J34	7	59	1355	49518	0.0011161091721964952	5.924170616113744e-06	0.004786729857819905
D50	K60	8	499	203	49518	0.0011325085294529112	5.924170616113744e-06	0.004792654028436019
E03	I26	6	341	168	49518	0.0011446399059744578	5.924170616113744e-06	0.004798578199052133
G97	M54	6	55	1067	49518	0.0011639349366299129	5.924170616113744e-06	0.004804502369668246
F41	G44	11	538	334	49518	0.0011968126536431518	5.924170616113744e-06	0.00481042654028436
B18	F17	8	180	569	49518	0.0012063898902801827	5.924170616113744e-06	0.0048163507109004735
K44	K52	19	312	1367	49518	0.001215423446172319	5.924170616113744e-06	0.004822274881516588
N73	N88	6	493	119	49518	0.0012711777253506795	5.924170616113744e-06	0.004828199052132701
G43	M54	25	592	1067	49518	0.0012772785399628808	5.924170616113744e-06	0.004834123222748815
N73	N84	9	493	260	49518	0.0012943732347248927	5.924170616113744e-06	0.004840047393364928
N70	D27	19	912	469	49518	0.0013067678251388881	5.924170616113744e-06	0.0048459715639810426
D50	I95	11	499	365	49518	0.0013347049945753706	5.924170616113744e-06	0.004851895734597156
F43	I95	19	1183	365	49518	0.0014257298522034642	5.924170616113744e-06	0.00485781990521327
N80	D36	8	1190	90	49518	0.00148103391912943	5.924170616113744e-06	0.004863744075829384
K02	K07	6	105	587	49518	0.0016170027112565213	5.924170616113744e-06	0.004869668246445497
H65	J34	7	63	1355	49518	0.001647243657197784	5.924170616113744e-06	0.004875592417061612
E87	G40	7	129	652	49518	0.0016656651849826906	5.924170616113744e-06	0.004881516587677725
E66	M79	9	912	147	49518	0.0016890300712002404	5.924170616113744e-06	0.004887440758293839
K66	K80	17	277	1350	49518	0.0017322902477656164	5.924170616113744e-06	0.004893364928909952
N83	N85	18	1969	208	49518	0.0017545413043817523	5.924170616113744e-06	0.0048992890995260665
F17	K76	8	569	191	49518	0.0017552339385952904	5.924170616113744e-06	0.00490521327014218
D23	I83	8	138	791	49518	0.0017615655465247789	5.924170616113744e-06	0.004911137440758294
F17	J06	14	569	488	49518	0.0017635676160665276	5.924170616113744e-06	0.004917061611374407
N83	A56	7	1969	45	49518	0.0018747570835886925	5.924170616113744e-06	0.004922985781990521
E06	E66	7	95	912	49518	0.0019100799847585892	5.924170616113744e-06	0.004928909952606635
E73	K52	10	121	1367	49518	0.0019823588284749905	5.924170616113744e-06	0.004934834123222749
E78	M51	11	375	511	49518	0.001985737669586811	5.924170616113744e-06	0.004940758293838862
E78	G35	8	375	295	49518	0.001986362584532633	5.924170616113744e-06	0.004946682464454976
D64	J18	7	201	432	49518	0.0020410886163005747	5.924170616113744e-06	0.0049526066350710895
E03	G40	12	341	652	49518	0.002097480625341553	5.924170616113744e-06	0.004958530805687204
E10	E66	10	182	912	49518	0.0021415307447653687	5.924170616113744e-06	0.004964454976303318
F20	F43	13	215	1183	49518	0.0021515530184004496	5.924170616113744e-06	0.004970379146919431
F43	L30	8	1183	96	49518	0.0021550873341555543	5.924170616113744e-06	0.004976303317535545
F32	K76	12	1176	191	49518	0.002179109242206217	5.924170616113744e-06	0.0049822274881516585
F31	F43	11	166	1183	49518	0.002267836841428318	5.924170616113744e-06	0.004988151658767773
F32	K29	54	1176	1514	49518	0.0022712161246089576	5.924170616113744e-06	0.004994075829383886
N39	I10	23	1658	357	49518	0.0023516990286176027	5.924170616113744e-06	0.005
H71	J34	6	50	1355	49518	0.0023604919621239315	5.924170616113744e-06	0.005005924170616113
F41	I47	7	538	166	49518	0.002368493820668964	5.924170616113744e-06	0.0050118483412322275
D37	K29	7	61	1514	49518	0.0025475020977375625	5.924170616113744e-06	0.005017772511848341
D50	E03	10	499	341	49518	0.002646440730068133	5.924170616113744e-06	0.005023696682464455
K35	K38	7	1698	55	49518	0.002652411198629302	5.924170616113744e-06	0.005029620853080568
K85	A09	12	156	1482	49518	0.0026780018266152434	5.924170616113744e-06	0.005035545023696682
D48	L72	6	388	175	49518	0.002687633533894024	5.924170616113744e-06	0.005041469194312796
G40	K02	6	652	105	49518	0.002727314109433531	5.924170616113744e-06	0.00504739336492891
E78	K44	8	375	312	49518	0.002801295449180238	5.924170616113744e-06	0.005053317535545023
F11	F50	7	207	448	49518	0.0029421924631369955	5.924170616113744e-06	0.005059241706161137
A02	A09	8	81	1482	49518	0.002944146883710753	5.924170616113744e-06	0.0050651658767772514
F45	G43	11	342	592	49518	0.003015607356648351	5.924170616113744e-06	0.005071090047393365
B37	F17	9	256	569	49518	0.0030518744431541197	5.924170616113744e-06	0.005077014218009479
J03	L50	8	500	238	49518	0.0030874428575651527	5.924170616113744e-06	0.005082938388625592
N80	D39	9	1190	124	49518	0.0031397000643559676	5.924170616113744e-06	0.005088862559241706
G44	I10	8	334	357	49518	0.003142886887727709	5.924170616113744e-06	0.00509478672985782
N70	K65	6	912	78	49518	0.0032041595985556203	5.924170616113744e-06	0.005100710900473934
F17	F31	7	569	166	49518	0.0032250963983924347	5.924170616113744e-06	0.005106635071090047
E03	K52	19	341	1367	49518	0.003292174456970366	5.924170616113744e-06	0.005112559241706161
G47	J34	9	110	1355	49518	0.003299334280296165	5.924170616113744e-06	0.0051184834123222745
H91	M53	6	336	211	49518	0.003334796525081594	5.924170616113744e-06	0.005124407582938389
F17	K58	9	569	261	49518	0.0034654522692537373	5.924170616113744e-06	0.005130331753554502
N73	N91	6	493	146	49518	0.003551648617105933	5.924170616113744e-06	0.005136255924170616
E03	F32	17	341	1176	49518	0.0036070963222136257	5.924170616113744e-06	0.005142180094786729
F41	J45	12	538	442	49518	0.003622680004392061	5.924170616113744e-06	0.0051481042654028435
F45	M53	6	342	211	49518	0.0036347547864784583	5.924170616113744e-06	0.005154028436018957
I10	J20	6	357	203	49518	0.003708414660364994	5.924170616113744e-06	0.005159952606635071
N89	N94	7	161	603	49518	0.00373938620283974	5.924170616113744e-06	0.005165876777251185
J32	M95	9	562	270	49518	0.003988797181035471	5.924170616113744e-06	0.005171800947867298
E03	I95	8	341	365	49518	0.004064276629080314	5.924170616113744e-06	0.0051777251184834125
D64	K52	13	201	1367	49518	0.004098775744338876	5.924170616113744e-06	0.005183649289099526
F32	M81	6	1176	64	49518	0.004116641845557947	5.924170616113744e-06	0.00518957345971564
E66	J44	6	912	83	49518	0.004359785934901015	5.924170616113744e-06	0.005195497630331753
K52	K56	13	1367	203	49518	0.00445292832843847	5.924170616113744e-06	0.005201421800947867
F25	F43	8	108	1183	49518	0.004462023364229016	5.924170616113744e-06	0.005207345971563981
N39	I26	13	1658	168	49518	0.004478225747637193	5.924170616113744e-06	0.005213270142180095
F33	G40	11	328	652	49518	0.004525163657319065	5.924170616113744e-06	0.005219194312796208
K29	K50	20	1514	342	49518	0.0047000184372597365	5.924170616113744e-06	0.005225118483412322
F45	K29	20	342	1514	49518	0.0047000184372597365	5.924170616113744e-06	0.0052310426540284356
M54	M79	9	1067	147	49518	0.004751837928314041	5.924170616113744e-06	0.00523696682464455
N70	N98	8	912	141	49518	0.004758906835482017	5.924170616113744e-06	0.005242890995260663
F32	G47	8	1176	110	49518	0.004811782094112644	5.924170616113744e-06	0.005248815165876777
E78	F45	8	375	342	49518	0.0048520908788502095	5.924170616113744e-06	0.00525473933649289
F32	M53	12	1176	211	49518	0.004865977950585785	5.924170616113744e-06	0.005260663507109005
F60	L20	7	659	155	49518	0.0049063814062128225	5.924170616113744e-06	0.005266587677725119
N39	N77	7	1658	63	49518	0.005027836986935248	5.924170616113744e-06	0.005272511848341232
N76	D50	13	561	499	49518	0.0050326273823043865	5.924170616113744e-06	0.005278436018957346
N39	K59	31	1658	562	49518	0.0050961474532220915	5.924170616113744e-06	0.0052843601895734595
G40	G44	11	652	334	49518	0.005168769638783763	5.924170616113744e-06	0.005290284360189574
B18	J18	6	180	432	49518	0.005188197950212339	5.924170616113744e-06	0.005296208530805687
