ICD1	ICD2	val11	occ1	occ2	NN	pval	bonf_thresh	fdr_thresh
J34	M95	113	795	158	32445	7.284553407295491e-147	1.1481056257175661e-05	1.1481056257175661e-05
H65	J35	152	314	2069	32445	6.399151737244474e-96	1.1481056257175661e-05	2.2962112514351322e-05
F11	F13	38	93	72	32445	1.3159108052392959e-80	1.1481056257175661e-05	3.444316877152698e-05
J32	J34	91	289	795	32445	1.4474665013597683e-74	1.1481056257175661e-05	4.5924225028702645e-05
K21	K29	69	188	576	32445	1.0809444371849006e-71	1.1481056257175661e-05	5.740528128587831e-05
F32	F43	116	468	1027	32445	1.981551856142362e-69	1.1481056257175661e-05	6.888633754305396e-05
E66	I10	79	670	270	32445	8.553826043008308e-68	1.1481056257175661e-05	8.036739380022963e-05
F91	F92	65	341	352	32445	2.588455426823628e-61	1.1481056257175661e-05	9.184845005740529e-05
E66	K76	55	670	127	32445	2.2398648905695987e-58	1.1481056257175661e-05	0.00010332950631458095
F81	F90	47	111	499	32445	1.5042120185482034e-55	1.1481056257175661e-05	0.00011481056257175662
N47	N48	93	1726	242	32445	7.571467285012364e-55	1.1481056257175661e-05	0.00012629161882893227
E10	E16	30	332	38	32445	2.380831764491874e-53	1.1481056257175661e-05	0.00013777267508610793
N20	N23	24	116	47	32445	2.2500548185195226e-47	1.1481056257175661e-05	0.00014925373134328358
N13	N20	30	131	116	32445	1.7169109569738322e-46	1.1481056257175661e-05	0.00016073478760045927
E86	A09	58	142	1147	32445	3.201914473415715e-46	1.1481056257175661e-05	0.00017221584385763492
F90	F92	61	499	352	32445	2.0029798125174667e-45	1.1481056257175661e-05	0.00018369690011481058
F90	F91	59	499	341	32445	6.661480957987196e-44	1.1481056257175661e-05	0.00019517795637198624
F11	F19	31	93	241	32445	4.056274423006963e-43	1.1481056257175661e-05	0.0002066590126291619
H50	H52	26	125	87	32445	8.992892012236334e-43	1.1481056257175661e-05	0.00021814006888633757
H91	H93	30	144	181	32445	9.713348520373603e-39	1.1481056257175661e-05	0.00022962112514351323
G80	G82	22	79	92	32445	1.0378116946778372e-38	1.1481056257175661e-05	0.0002411021814006889
H83	H93	26	86	181	32445	2.153166078830382e-38	1.1481056257175661e-05	0.00025258323765786454
K02	K04	26	185	89	32445	1.1105859870065044e-37	1.1481056257175661e-05	0.0002640642939150402
F32	F60	41	468	177	32445	2.75966033354272e-37	1.1481056257175661e-05	0.00027554535017221585
F32	F33	34	468	104	32445	8.897807461353703e-37	1.1481056257175661e-05	0.0002870264064293915
E66	E78	33	670	76	32445	1.7683599944942305e-35	1.1481056257175661e-05	0.00029850746268656717
K21	K44	21	188	49	32445	1.1321868645620871e-34	1.1481056257175661e-05	0.0003099885189437429
D16	D48	30	237	155	32445	5.323824300965419e-34	1.1481056257175661e-05	0.00032146957520091853
J34	J35	150	795	2069	32445	1.0190071373189593e-33	1.1481056257175661e-05	0.0003329506314580942
F43	F92	68	1027	352	32445	1.4739706297772849e-33	1.1481056257175661e-05	0.00034443168771526985
J30	J45	38	166	505	32445	3.5760207832820486e-33	1.1481056257175661e-05	0.0003559127439724455
K29	K44	26	576	49	32445	6.889624871753431e-33	1.1481056257175661e-05	0.00036739380022962116
C40	C41	13	43	28	32445	1.9114886538784367e-31	1.1481056257175661e-05	0.0003788748564867968
E10	E14	23	332	58	32445	5.005113324128395e-31	1.1481056257175661e-05	0.00039035591274397247
F20	F23	20	92	115	32445	1.1636660293244413e-30	1.1481056257175661e-05	0.0004018369690011481
E23	E34	20	56	210	32445	4.226383883521088e-30	1.1481056257175661e-05	0.0004133180252583238
K01	K07	32	281	214	32445	5.1573531261941985e-30	1.1481056257175661e-05	0.00042479908151549944
H05	J01	16	24	218	32445	6.914249512525258e-30	1.1481056257175661e-05	0.00043628013777267515
M51	M54	21	60	255	32445	1.673161663383566e-29	1.1481056257175661e-05	0.0004477611940298508
J32	J33	22	289	64	32445	2.005393332115389e-29	1.1481056257175661e-05	0.00045924225028702646
H52	H53	17	87	72	32445	4.3771757640161447e-29	1.1481056257175661e-05	0.0004707233065442021
G80	M62	17	79	83	32445	1.0552793471401986e-28	1.1481056257175661e-05	0.0004822043628013778
F11	F12	21	93	172	32445	1.2320825620363896e-28	1.1481056257175661e-05	0.0004936854190585535
F13	F19	21	72	241	32445	4.420336111900889e-28	1.1481056257175661e-05	0.0005051664753157291
D50	K50	21	96	177	32445	4.820838202827442e-28	1.1481056257175661e-05	0.0005166475315729048
F43	F60	45	1027	177	32445	6.286116384110383e-28	1.1481056257175661e-05	0.0005281285878300804
F10	F12	54	1732	172	32445	3.5856254604825426e-27	1.1481056257175661e-05	0.0005396096440872561
F90	F98	32	499	151	32445	3.887779880898882e-27	1.1481056257175661e-05	0.0005510907003444317
J18	J90	20	439	43	32445	1.981082879118442e-26	1.1481056257175661e-05	0.0005625717566016074
H50	H53	17	125	72	32445	3.3261538612882604e-26	1.1481056257175661e-05	0.000574052812858783
K35	K65	34	2863	47	32445	5.285822131786905e-26	1.1481056257175661e-05	0.0005855338691159587
F43	F91	58	1027	341	32445	8.872604024079648e-26	1.1481056257175661e-05	0.0005970149253731343
M23	M25	41	615	261	32445	1.7870619938901164e-25	1.1481056257175661e-05	0.00060849598163031
J43	J93	12	16	166	32445	3.837472723649962e-25	1.1481056257175661e-05	0.0006199770378874858
F81	F92	24	111	352	32445	1.843087921118994e-24	1.1481056257175661e-05	0.0006314580941446614
F80	F90	21	55	499	32445	2.8800799116723948e-24	1.1481056257175661e-05	0.0006429391504018371
F12	F19	24	172	241	32445	1.2713295661352649e-23	1.1481056257175661e-05	0.0006544202066590127
E84	K74	8	38	9	32445	1.4452344915812816e-23	1.1481056257175661e-05	0.0006659012629161884
F81	F91	23	111	341	32445	2.3719472427529872e-23	1.1481056257175661e-05	0.000677382319173364
F70	F91	23	111	341	32445	2.3719472427529872e-23	1.1481056257175661e-05	0.0006888633754305397
E73	E74	12	59	48	32445	2.6216061447221357e-23	1.1481056257175661e-05	0.0007003444316877153
F43	F70	33	1027	111	32445	3.351061035560373e-23	1.1481056257175661e-05	0.000711825487944891
G40	G82	28	804	92	32445	4.9066212593788594e-23	1.1481056257175661e-05	0.0007233065442020666
A69	M01	8	47	9	32445	9.29080156794977e-23	1.1481056257175661e-05	0.0007347876004592423
G44	H81	19	279	80	32445	2.2191777999936804e-22	1.1481056257175661e-05	0.000746268656716418
F63	F91	17	47	341	32445	3.217168130442066e-22	1.1481056257175661e-05	0.0007577497129735936
G51	A69	14	155	47	32445	5.2767610711956945e-22	1.1481056257175661e-05	0.0007692307692307693
F12	F13	16	172	72	32445	6.071160550196543e-22	1.1481056257175661e-05	0.0007807118254879449
E30	E34	13	30	210	32445	2.6116556938981145e-21	1.1481056257175661e-05	0.0007921928817451207
C62	C78	8	25	20	32445	4.4525436356561696e-21	1.1481056257175661e-05	0.0008036739380022963
M23	M65	24	615	91	32445	5.4240618020833415e-21	1.1481056257175661e-05	0.000815154994259472
I30	I40	10	26	75	32445	1.2021824113708521e-20	1.1481056257175661e-05	0.0008266360505166476
F33	F60	17	104	177	32445	1.3950674222269896e-20	1.1481056257175661e-05	0.0008381171067738233
F41	F45	22	204	217	32445	2.991349506107685e-20	1.1481056257175661e-05	0.0008495981630309989
G40	G41	19	804	41	32445	3.660967308520851e-20	1.1481056257175661e-05	0.0008610792192881746
B27	J03	43	329	746	32445	3.690857289985317e-20	1.1481056257175661e-05	0.0008725602755453503
F43	F90	62	1027	499	32445	4.224728587912844e-20	1.1481056257175661e-05	0.0008840413318025259
M24	M93	20	160	211	32445	4.7567111641719146e-20	1.1481056257175661e-05	0.0008955223880597016
C83	C85	7	17	17	32445	5.0263800736007497e-20	1.1481056257175661e-05	0.0009070034443168772
E66	F50	21	670	65	32445	7.827007811557041e-20	1.1481056257175661e-05	0.0009184845005740529
B18	F11	11	40	93	32445	1.2561907090814449e-19	1.1481056257175661e-05	0.0009299655568312285
M22	M25	19	119	261	32445	1.9818717307575895e-19	1.1481056257175661e-05	0.0009414466130884042
F32	F41	28	468	204	32445	2.7191550751998593e-19	1.1481056257175661e-05	0.0009529276693455798
K26	K29	16	37	576	32445	7.228907662723857e-19	1.1481056257175661e-05	0.0009644087256027555
B18	F19	13	40	241	32445	1.5236294503437295e-18	1.1481056257175661e-05	0.0009758897818599311
E66	I15	17	670	41	32445	1.7671905834170893e-18	1.1481056257175661e-05	0.000987370838117107
C77	C78	6	9	20	32445	2.0082954619737584e-18	1.1481056257175661e-05	0.0009988518943742826
E86	A08	25	142	549	32445	2.083335593675055e-18	1.1481056257175661e-05	0.0010103329506314582
E78	K76	13	76	127	32445	3.342384114004618e-18	1.1481056257175661e-05	0.0010218140068886338
F83	G40	23	85	804	32445	6.9296616735096546e-18	1.1481056257175661e-05	0.0010332950631458096
I47	I49	12	94	79	32445	7.375485350385168e-18	1.1481056257175661e-05	0.0010447761194029852
C62	C77	6	25	9	32445	9.172552184923515e-18	1.1481056257175661e-05	0.0010562571756601608
F70	F92	19	111	352	32445	1.3633574767616015e-17	1.1481056257175661e-05	0.0010677382319173364
F10	F43	124	1732	1027	32445	1.3890906477365533e-17	1.1481056257175661e-05	0.0010792192881745122
F92	F98	21	352	151	32445	2.2156823305822276e-17	1.1481056257175661e-05	0.0010907003444316878
J45	L20	19	505	83	32445	3.260016689757427e-17	1.1481056257175661e-05	0.0011021814006888634
F70	F90	21	111	499	32445	3.5937737475998906e-17	1.1481056257175661e-05	0.0011136624569460392
N13	N23	11	131	47	32445	4.661641768244654e-17	1.1481056257175661e-05	0.0011251435132032148
J00	J20	18	139	256	32445	6.103976078712421e-17	1.1481056257175661e-05	0.0011366245694603904
E84	K86	7	38	19	32445	8.389042341261428e-17	1.1481056257175661e-05	0.001148105625717566
C40	D48	11	43	155	32445	1.0403915895873761e-16	1.1481056257175661e-05	0.0011595866819747419
F82	F90	15	45	499	32445	1.1683089800751059e-16	1.1481056257175661e-05	0.0011710677382319175
F10	F60	42	1732	177	32445	1.7644723403636294e-16	1.1481056257175661e-05	0.001182548794489093
F19	F32	27	241	468	32445	2.290695772717467e-16	1.1481056257175661e-05	0.0011940298507462687
K60	K61	11	64	110	32445	2.6052760579157207e-16	1.1481056257175661e-05	0.0012055109070034445
N44	N50	18	359	109	32445	2.7003247223282575e-16	1.1481056257175661e-05	0.00121699196326062
N44	N45	21	359	168	32445	3.05223115059427e-16	1.1481056257175661e-05	0.0012284730195177957
C40	C78	7	43	20	32445	3.2868987392411737e-16	1.1481056257175661e-05	0.0012399540757749715
M87	M93	14	84	211	32445	3.3295128251280196e-16	1.1481056257175661e-05	0.0012514351320321471
H10	J45	14	39	505	32445	4.3285919129934596e-16	1.1481056257175661e-05	0.0012629161882893227
J15	J90	11	178	43	32445	4.8966027681889375e-16	1.1481056257175661e-05	0.0012743972445464983
M21	M87	14	217	84	32445	4.931678629728353e-16	1.1481056257175661e-05	0.0012858783008036741
F80	F92	14	55	352	32445	7.044547825054097e-16	1.1481056257175661e-05	0.0012973593570608497
M22	M23	22	119	615	32445	8.261354155470609e-16	1.1481056257175661e-05	0.0013088404133180253
F92	F93	20	352	160	32445	1.0807573052607244e-15	1.1481056257175661e-05	0.001320321469575201
D44	E04	6	20	21	32445	1.291610525134885e-15	1.1481056257175661e-05	0.0013318025258323768
F33	F43	25	104	1027	32445	1.670721911513602e-15	1.1481056257175661e-05	0.0013432835820895524
K50	K51	12	177	66	32445	1.815728720915206e-15	1.1481056257175661e-05	0.001354764638346728
F20	F25	8	92	24	32445	2.1683314207698663e-15	1.1481056257175661e-05	0.0013662456946039038
H25	H26	6	18	27	32445	3.370790020723696e-15	1.1481056257175661e-05	0.0013777267508610794
F12	F43	31	172	1027	32445	4.041718319048619e-15	1.1481056257175661e-05	0.001389207807118255
F32	F40	15	468	59	32445	4.350894546394717e-15	1.1481056257175661e-05	0.0014006888633754306
F81	F98	13	111	151	32445	5.768404709561038e-15	1.1481056257175661e-05	0.0014121699196326064
K02	K03	7	185	9	32445	6.232824004686327e-15	1.1481056257175661e-05	0.001423650975889782
C41	D48	9	28	155	32445	6.548841702977935e-15	1.1481056257175661e-05	0.0014351320321469576
G80	M21	13	79	217	32445	6.675634562731549e-15	1.1481056257175661e-05	0.0014466130884041332
C41	C78	6	28	20	32445	8.94409310962221e-15	1.1481056257175661e-05	0.001458094144661309
M16	M87	7	17	84	32445	1.1496348640792652e-14	1.1481056257175661e-05	0.0014695752009184846
F72	K02	8	16	185	32445	1.1874522215768123e-14	1.1481056257175661e-05	0.0014810562571756602
F81	F93	13	111	160	32445	1.2309777875525851e-14	1.1481056257175661e-05	0.001492537313432836
C71	G91	8	73	36	32445	1.2716681668183762e-14	1.1481056257175661e-05	0.0015040183696900117
F83	F90	17	85	499	32445	1.4038709156216789e-14	1.1481056257175661e-05	0.0015154994259471873
F19	F60	17	241	177	32445	2.633450499810685e-14	1.1481056257175661e-05	0.0015269804822043629
B18	F13	8	40	72	32445	2.8597439136347154e-14	1.1481056257175661e-05	0.0015384615384615387
F70	F82	9	111	45	32445	3.68697377158753e-14	1.1481056257175661e-05	0.0015499425947187143
G82	M62	10	92	83	32445	4.167873284694616e-14	1.1481056257175661e-05	0.0015614236509758899
F70	F71	8	111	28	32445	4.2620361951870684e-14	1.1481056257175661e-05	0.0015729047072330655
K04	K12	10	89	88	32445	5.427405532186528e-14	1.1481056257175661e-05	0.0015843857634902413
J30	J34	26	166	795	32445	5.752272002625398e-14	1.1481056257175661e-05	0.001595866819747417
F84	G40	21	101	804	32445	5.83968189836752e-14	1.1481056257175661e-05	0.0016073478760045925
F90	F93	21	499	160	32445	7.416758168133396e-14	1.1481056257175661e-05	0.0016188289322617683
N31	N39	9	43	127	32445	8.151441693711223e-14	1.1481056257175661e-05	0.001630309988518944
F41	F43	32	204	1027	32445	8.399994010194634e-14	1.1481056257175661e-05	0.0016417910447761195
N62	D24	7	235	10	32445	1.1264026902248517e-13	1.1481056257175661e-05	0.0016532721010332951
D69	D70	8	112	31	32445	1.154400515319463e-13	1.1481056257175661e-05	0.001664753157290471
J03	J36	34	746	319	32445	1.455549378783533e-13	1.1481056257175661e-05	0.0016762342135476466
N13	N39	12	131	127	32445	1.6286125440168594e-13	1.1481056257175661e-05	0.0016877152698048222
E87	F10	27	93	1732	32445	2.273925261953055e-13	1.1481056257175661e-05	0.0016991963260619978
F80	F81	9	55	111	32445	2.571556366108085e-13	1.1481056257175661e-05	0.0017106773823191736
F19	F43	34	241	1027	32445	3.329825056093128e-13	1.1481056257175661e-05	0.0017221584385763492
K02	K08	10	185	52	32445	3.6550280644387324e-13	1.1481056257175661e-05	0.0017336394948335248
J20	J45	25	256	505	32445	3.936941501572716e-13	1.1481056257175661e-05	0.0017451205510907006
F11	F14	6	93	12	32445	4.2895988718459464e-13	1.1481056257175661e-05	0.0017566016073478762
N46	I86	8	14	347	32445	4.485076380395704e-13	1.1481056257175661e-05	0.0017680826636050518
N13	N28	7	131	18	32445	4.561379705633175e-13	1.1481056257175661e-05	0.0017795637198622274
F43	F45	32	1027	217	32445	4.816204515800529e-13	1.1481056257175661e-05	0.0017910447761194032
F91	F98	17	341	151	32445	5.329334281564441e-13	1.1481056257175661e-05	0.0018025258323765788
J36	J39	12	319	60	32445	6.091676177922409e-13	1.1481056257175661e-05	0.0018140068886337544
I45	I47	9	72	94	32445	7.113888602290881e-13	1.1481056257175661e-05	0.00182548794489093
E10	E87	14	332	93	32445	7.521969957822734e-13	1.1481056257175661e-05	0.0018369690011481058
F12	F32	20	172	468	32445	9.056196075843373e-13	1.1481056257175661e-05	0.0018484500574052814
M24	M65	11	160	91	32445	9.982744327630715e-13	1.1481056257175661e-05	0.001859931113662457
F12	F23	12	172	115	32445	1.284774893438812e-12	1.1481056257175661e-05	0.0018714121699196329
E78	I10	12	76	270	32445	1.6699471976661052e-12	1.1481056257175661e-05	0.0018828932261768085
E10	E86	16	332	142	32445	1.7092148208066482e-12	1.1481056257175661e-05	0.001894374282433984
F71	F84	7	28	101	32445	2.5728278505549623e-12	1.1481056257175661e-05	0.0019058553386911597
F10	F19	43	1732	241	32445	3.023429334471092e-12	1.1481056257175661e-05	0.0019173363949483355
F60	F61	8	177	30	32445	3.5344451925368786e-12	1.1481056257175661e-05	0.001928817451205511
N31	K59	12	43	537	32445	3.600286841211364e-12	1.1481056257175661e-05	0.0019402985074626867
I31	I40	7	39	75	32445	3.835915349100511e-12	1.1481056257175661e-05	0.0019517795637198623
C71	D43	6	73	20	32445	3.974612784679811e-12	1.1481056257175661e-05	0.001963260619977038
M23	M94	12	615	39	32445	4.7445457634114945e-12	1.1481056257175661e-05	0.001974741676234214
D21	D48	9	55	155	32445	5.403200259116384e-12	1.1481056257175661e-05	0.0019862227324913893
K20	K29	9	18	576	32445	6.942935490201412e-12	1.1481056257175661e-05	0.001997703788748565
N13	N31	8	131	43	32445	7.324839496533584e-12	1.1481056257175661e-05	0.0020091848450057405
F43	F93	26	1027	160	32445	7.77137992485135e-12	1.1481056257175661e-05	0.0020206659012629163
F43	F63	15	1027	47	32445	8.454638252578397e-12	1.1481056257175661e-05	0.002032146957520092
H90	H93	10	72	181	32445	9.036911491837706e-12	1.1481056257175661e-05	0.0020436280137772675
F12	F33	11	172	104	32445	9.803048228555294e-12	1.1481056257175661e-05	0.0020551090700344434
D16	M89	10	237	57	32445	1.1432232283335294e-11	1.1481056257175661e-05	0.002066590126291619
F84	K02	11	101	185	32445	1.5630560223521962e-11	1.1481056257175661e-05	0.0020780711825487946
M87	M91	6	84	22	32445	1.8120390056185355e-11	1.1481056257175661e-05	0.0020895522388059704
D50	K51	8	96	66	32445	2.1758537250286536e-11	1.1481056257175661e-05	0.002101033295063146
K10	K12	6	23	88	32445	3.255910319744341e-11	1.1481056257175661e-05	0.0021125143513203216
H90	H91	9	72	144	32445	3.4832772013689653e-11	1.1481056257175661e-05	0.0021239954075774974
E66	J45	37	670	505	32445	3.997493153231644e-11	1.1481056257175661e-05	0.002135476463834673
I47	I48	6	94	23	32445	4.878606525813094e-11	1.1481056257175661e-05	0.0021469575200918486
M24	M75	7	160	28	32445	6.744670106943407e-11	1.1481056257175661e-05	0.0021584385763490244
M21	M24	13	217	160	32445	6.899564958216683e-11	1.1481056257175661e-05	0.0021699196326062
H72	H90	7	60	72	32445	6.907801100082107e-11	1.1481056257175661e-05	0.0021814006888633756
F32	F92	25	468	352	32445	8.154030929970717e-11	1.1481056257175661e-05	0.0021928817451205515
K29	K92	17	576	124	32445	8.172116239256958e-11	1.1481056257175661e-05	0.002204362801377727
N32	N39	6	19	127	32445	8.307902170823877e-11	1.1481056257175661e-05	0.0022158438576349027
J18	J45	29	439	505	32445	8.797648457219943e-11	1.1481056257175661e-05	0.0022273249138920785
F10	F13	21	1732	72	32445	9.358719087059757e-11	1.1481056257175661e-05	0.002238805970149254
F82	F84	7	45	101	32445	9.444267139260196e-11	1.1481056257175661e-05	0.0022502870264064297
H65	H90	11	314	72	32445	1.047434995622496e-10	1.1481056257175661e-05	0.002261768082663605
F40	F41	9	59	204	32445	1.2318342903186746e-10	1.1481056257175661e-05	0.002273249138920781
F83	G82	8	85	92	32445	1.232759707287408e-10	1.1481056257175661e-05	0.0022847301951779567
F80	F82	6	55	45	32445	1.386246639469888e-10	1.1481056257175661e-05	0.002296211251435132
E66	E79	11	670	37	32445	1.4094627609729664e-10	1.1481056257175661e-05	0.002307692307692308
E66	G47	16	670	97	32445	1.5430357331521083e-10	1.1481056257175661e-05	0.0023191733639494837
G44	J06	24	279	567	32445	1.8714502841024267e-10	1.1481056257175661e-05	0.002330654420206659
J06	J20	23	567	256	32445	1.895488150803564e-10	1.1481056257175661e-05	0.002342135476463835
G82	M41	8	92	92	32445	2.3462136320712856e-10	1.1481056257175661e-05	0.0023536165327210107
F32	F91	24	468	341	32445	2.3520045310585316e-10	1.1481056257175661e-05	0.002365097588978186
F83	F98	9	85	151	32445	2.453449145855796e-10	1.1481056257175661e-05	0.002376578645235362
E06	E10	7	18	332	32445	3.186215663924663e-10	1.1481056257175661e-05	0.0023880597014925373
G40	G81	11	804	34	32445	3.439747844532674e-10	1.1481056257175661e-05	0.002399540757749713
F91	F94	8	341	28	32445	3.5500933348713974e-10	1.1481056257175661e-05	0.002411021814006889
E88	I10	7	22	270	32445	3.9194482729346406e-10	1.1481056257175661e-05	0.0024225028702640644
E10	E11	8	332	29	32445	3.93366846841211e-10	1.1481056257175661e-05	0.00243398392652124
F83	F93	9	85	160	32445	4.1100924826135236e-10	1.1481056257175661e-05	0.002445464982778416
J35	J36	52	2069	319	32445	4.4268712473895396e-10	1.1481056257175661e-05	0.0024569460390355914
F11	F17	11	93	276	32445	4.550635475860689e-10	1.1481056257175661e-05	0.002468427095292767
F12	F91	15	172	341	32445	4.878374167734444e-10	1.1481056257175661e-05	0.002479908151549943
E79	I10	8	37	270	32445	6.496046172724309e-10	1.1481056257175661e-05	0.0024913892078071184
F32	F70	14	468	111	32445	8.18207129147168e-10	1.1481056257175661e-05	0.0025028702640642942
B27	L04	10	329	64	32445	9.35589543786638e-10	1.1481056257175661e-05	0.0025143513203214696
F60	F92	15	177	352	32445	1.1245811731277503e-09	1.1481056257175661e-05	0.0025258323765786454
E66	F81	16	670	111	32445	1.2148730402161984e-09	1.1481056257175661e-05	0.0025373134328358212
F89	G82	6	39	92	32445	1.3327573987754948e-09	1.1481056257175661e-05	0.0025487944890929966
J01	J32	15	218	289	32445	1.3575110622718674e-09	1.1481056257175661e-05	0.0025602755453501724
I10	I15	8	270	41	32445	1.5620736632347807e-09	1.1481056257175661e-05	0.0025717566016073483
F12	F20	9	172	92	32445	1.5962424831926324e-09	1.1481056257175661e-05	0.0025832376578645237
F82	F98	7	45	151	32445	1.6086996939669412e-09	1.1481056257175661e-05	0.0025947187141216995
F19	F61	7	241	30	32445	2.0124060856687502e-09	1.1481056257175661e-05	0.0026061997703788753
J01	J06	20	218	567	32445	2.0208409122078703e-09	1.1481056257175661e-05	0.0026176808266360507
F20	F60	9	92	177	32445	2.05469192268566e-09	1.1481056257175661e-05	0.0026291618828932265
F63	F90	10	47	499	32445	2.106135139698332e-09	1.1481056257175661e-05	0.002640642939150402
N31	G82	6	43	92	32445	2.4678133809344086e-09	1.1481056257175661e-05	0.0026521239954075777
C71	G40	14	73	804	32445	2.8138269704065513e-09	1.1481056257175661e-05	0.0026636050516647535
F25	F60	6	24	177	32445	3.0033994313999245e-09	1.1481056257175661e-05	0.002675086107921929
F10	F17	41	1732	276	32445	3.092086551754912e-09	1.1481056257175661e-05	0.0026865671641791047
F12	F17	13	172	276	32445	3.217879276070213e-09	1.1481056257175661e-05	0.0026980482204362805
H65	H66	12	314	125	32445	3.636764496357827e-09	1.1481056257175661e-05	0.002709529276693456
A48	J03	9	26	746	32445	3.769092386561808e-09	1.1481056257175661e-05	0.0027210103329506317
J33	J34	13	64	795	32445	4.3271516513344185e-09	1.1481056257175661e-05	0.0027324913892078076
K08	K12	6	52	88	32445	6.166273504640369e-09	1.1481056257175661e-05	0.002743972445464983
L03	L60	17	222	422	32445	6.451312374739566e-09	1.1481056257175661e-05	0.0027554535017221588
F13	F32	11	72	468	32445	6.855178098291533e-09	1.1481056257175661e-05	0.002766934557979334
F80	F98	7	55	151	32445	6.919565089372268e-09	1.1481056257175661e-05	0.00277841561423651
F32	F61	8	468	30	32445	7.823032439678437e-09	1.1481056257175661e-05	0.002789896670493686
F43	F44	12	1027	44	32445	7.864051711428235e-09	1.1481056257175661e-05	0.002801377726750861
C71	J96	7	73	119	32445	9.962019759296037e-09	1.1481056257175661e-05	0.002812858783008037
I10	K76	11	270	127	32445	1.0258615847989528e-08	1.1481056257175661e-05	0.002824339839265213
F60	F70	9	177	111	32445	1.0937604340775383e-08	1.1481056257175661e-05	0.002835820895522388
G82	M21	9	92	217	32445	1.2184705762753303e-08	1.1481056257175661e-05	0.002847301951779564
K22	K29	10	49	576	32445	1.2697308672624314e-08	1.1481056257175661e-05	0.00285878300803674
F31	F32	8	32	468	32445	1.3707645509772491e-08	1.1481056257175661e-05	0.0028702640642939152
K21	K22	7	188	49	32445	1.3711563802924198e-08	1.1481056257175661e-05	0.002881745120551091
F91	F93	13	341	160	32445	1.6665381443740685e-08	1.1481056257175661e-05	0.0028932261768082664
F70	F83	7	111	85	32445	1.7945449042729434e-08	1.1481056257175661e-05	0.0029047072330654422
E66	F17	23	670	276	32445	1.908854046676583e-08	1.1481056257175661e-05	0.002916188289322618
D16	M85	8	237	64	32445	2.241141354431061e-08	1.1481056257175661e-05	0.0029276693455797934
J15	J18	15	178	439	32445	2.3502680119925445e-08	1.1481056257175661e-05	0.0029391504018369693
M42	M54	6	24	255	32445	2.656448005479122e-08	1.1481056257175661e-05	0.002950631458094145
F82	F92	8	45	352	32445	2.6937338371150862e-08	1.1481056257175661e-05	0.0029621125143513205
F89	G40	10	39	804	32445	2.7402311800810114e-08	1.1481056257175661e-05	0.0029735935706084963
F32	F50	10	468	65	32445	3.122629328928639e-08	1.1481056257175661e-05	0.002985074626865672
K22	K92	6	49	124	32445	3.3718652750782007e-08	1.1481056257175661e-05	0.0029965556831228475
J44	J45	10	61	505	32445	3.384318348889685e-08	1.1481056257175661e-05	0.0030080367393800233
F70	F80	6	111	55	32445	3.537810863248135e-08	1.1481056257175661e-05	0.0030195177956371987
F33	F40	6	104	59	32445	3.6801916377249894e-08	1.1481056257175661e-05	0.0030309988518943745
G82	G93	6	92	67	32445	3.8252412069006176e-08	1.1481056257175661e-05	0.0030424799081515503
F63	F92	8	47	352	32445	3.856245861396347e-08	1.1481056257175661e-05	0.0030539609644087257
F12	F60	10	172	177	32445	4.040258379783713e-08	1.1481056257175661e-05	0.0030654420206659015
K02	K12	8	185	88	32445	4.1810406928067946e-08	1.1481056257175661e-05	0.0030769230769230774
G40	J96	16	804	119	32445	4.367184692188632e-08	1.1481056257175661e-05	0.0030884041331802527
J96	M41	7	119	92	32445	5.0575355185846684e-08	1.1481056257175661e-05	0.0030998851894374286
M02	M25	6	26	261	32445	5.1466453313435736e-08	1.1481056257175661e-05	0.0031113662456946044
N43	N50	8	154	109	32445	5.43404696112852e-08	1.1481056257175661e-05	0.0031228473019517798
F12	F92	13	172	352	32445	5.718849062918834e-08	1.1481056257175661e-05	0.0031343283582089556
A02	E86	7	79	142	32445	5.9060710459552956e-08	1.1481056257175661e-05	0.003145809414466131
F93	F98	9	160	151	32445	6.677194077931738e-08	1.1481056257175661e-05	0.003157290470723307
F43	F81	17	1027	111	32445	7.859156378244004e-08	1.1481056257175661e-05	0.0031687715269804826
M24	M25	11	160	261	32445	7.977431625128562e-08	1.1481056257175661e-05	0.003180252583237658
K50	K52	18	177	713	32445	8.302593129089692e-08	1.1481056257175661e-05	0.003191733639494834
M00	M25	6	28	261	32445	8.308943774452753e-08	1.1481056257175661e-05	0.0032032146957520096
G40	G93	12	804	67	32445	8.500356721542994e-08	1.1481056257175661e-05	0.003214695752009185
F89	K02	6	39	185	32445	8.840512187431268e-08	1.1481056257175661e-05	0.003226176808266361
F82	F93	6	45	160	32445	9.093981070206063e-08	1.1481056257175661e-05	0.0032376578645235366
E11	E66	8	29	670	32445	9.281713325365087e-08	1.1481056257175661e-05	0.003249138920780712
F32	F90	25	468	499	32445	9.285430738890169e-08	1.1481056257175661e-05	0.003260619977037888
E66	F98	16	670	151	32445	1.0649624413915313e-07	1.1481056257175661e-05	0.0032721010332950632
N45	N50	8	168	109	32445	1.0651097098566936e-07	1.1481056257175661e-05	0.003283582089552239
F70	F81	7	111	111	32445	1.147991031653061e-07	1.1481056257175661e-05	0.003295063145809415
F13	F33	6	72	104	32445	1.2338954781333508e-07	1.1481056257175661e-05	0.0033065442020665903
D50	K29	12	96	576	32445	1.4100404941731927e-07	1.1481056257175661e-05	0.003318025258323766
M13	M25	7	50	261	32445	1.4956436497093505e-07	1.1481056257175661e-05	0.003329506314580942
F17	F19	13	276	241	32445	1.7574743162179357e-07	1.1481056257175661e-05	0.0033409873708381173
F13	F17	8	72	276	32445	1.8518829952620217e-07	1.1481056257175661e-05	0.003352468427095293
N18	I10	6	31	270	32445	1.942471549335388e-07	1.1481056257175661e-05	0.003363949483352469
M24	M87	7	160	84	32445	2.0476029158753436e-07	1.1481056257175661e-05	0.0033754305396096443
E34	K90	7	210	65	32445	2.180516561306244e-07	1.1481056257175661e-05	0.00338691159586682
A48	J35	11	26	2069	32445	2.1811388444452265e-07	1.1481056257175661e-05	0.0033983926521239955
F23	F60	8	115	177	32445	2.409294427837581e-07	1.1481056257175661e-05	0.0034098737083811713
J30	L20	7	166	83	32445	2.420689366706744e-07	1.1481056257175661e-05	0.003421354764638347
M43	M54	7	56	255	32445	2.8492556926679136e-07	1.1481056257175661e-05	0.0034328358208955225
J00	J45	13	139	505	32445	2.95780835015149e-07	1.1481056257175661e-05	0.0034443168771526983
F19	F91	14	241	341	32445	3.1380037774229267e-07	1.1481056257175661e-05	0.003455797933409874
J45	J46	7	505	30	32445	3.170151207852217e-07	1.1481056257175661e-05	0.0034672789896670496
F43	F98	19	1027	151	32445	3.371953996244903e-07	1.1481056257175661e-05	0.0034787600459242254
F32	F42	8	468	47	32445	3.390727883206476e-07	1.1481056257175661e-05	0.003490241102181401
H60	H66	6	72	125	32445	3.677165168455406e-07	1.1481056257175661e-05	0.0035017221584385766
E66	F92	24	670	352	32445	4.066034847606927e-07	1.1481056257175661e-05	0.0035132032146957524
F32	L70	11	468	107	32445	4.4700551629642015e-07	1.1481056257175661e-05	0.0035246842709529278
J02	J03	16	151	746	32445	4.4797898041187514e-07	1.1481056257175661e-05	0.0035361653272101036
F84	G82	6	101	92	32445	4.4968013633746015e-07	1.1481056257175661e-05	0.0035476463834672794
B27	L27	7	329	47	32445	4.593015755312587e-07	1.1481056257175661e-05	0.003559127439724455
F84	F90	11	101	499	32445	4.6691362372426214e-07	1.1481056257175661e-05	0.0035706084959816306
F44	F45	6	44	217	32445	4.769036485137333e-07	1.1481056257175661e-05	0.0035820895522388064
F17	J40	8	276	82	32445	5.124477663826763e-07	1.1481056257175661e-05	0.003593570608495982
J96	J98	6	119	80	32445	5.162512611970733e-07	1.1481056257175661e-05	0.0036050516647531576
F41	F98	9	204	151	32445	5.256561594161995e-07	1.1481056257175661e-05	0.0036165327210103335
E14	I10	7	58	270	32445	5.351738128534345e-07	1.1481056257175661e-05	0.003628013777267509
J03	J35	83	746	2069	32445	5.957133899190796e-07	1.1481056257175661e-05	0.0036394948335246847
E03	I10	8	86	270	32445	6.279733553927298e-07	1.1481056257175661e-05	0.00365097588978186
F17	I10	13	276	270	32445	6.41452897996846e-07	1.1481056257175661e-05	0.003662456946039036
K21	K92	8	188	124	32445	6.792887343266592e-07	1.1481056257175661e-05	0.0036739380022962117
F32	F45	15	468	217	32445	7.108434217082733e-07	1.1481056257175661e-05	0.003685419058553387
F20	F70	6	92	111	32445	7.85371147563102e-07	1.1481056257175661e-05	0.003696900114810563
I31	J18	7	39	439	32445	8.377636333578452e-07	1.1481056257175661e-05	0.0037083811710677387
K29	K31	6	576	20	32445	9.567415971352325e-07	1.1481056257175661e-05	0.003719862227324914
G82	K02	7	92	185	32445	1.0181332716956357e-06	1.1481056257175661e-05	0.00373134328358209
J00	J06	13	139	567	32445	1.0827260517077996e-06	1.1481056257175661e-05	0.0037428243398392657
G82	K21	7	92	188	32445	1.133777830520801e-06	1.1481056257175661e-05	0.003754305396096441
F19	F33	8	241	104	32445	1.1505145459322163e-06	1.1481056257175661e-05	0.003765786452353617
G82	J96	6	92	119	32445	1.1819784976937944e-06	1.1481056257175661e-05	0.0037772675086107923
K01	K09	6	281	40	32445	1.1992377397253773e-06	1.1481056257175661e-05	0.003788748564867968
E66	J00	14	670	139	32445	1.225122686621547e-06	1.1481056257175661e-05	0.003800229621125144
E87	J96	6	93	119	32445	1.2597337712855553e-06	1.1481056257175661e-05	0.0038117106773823193
G80	M67	7	79	225	32445	1.3330279807253372e-06	1.1481056257175661e-05	0.003823191733639495
M23	M66	6	615	20	32445	1.3992472091426794e-06	1.1481056257175661e-05	0.003834672789896671
M23	M67	17	615	225	32445	1.6275636421222873e-06	1.1481056257175661e-05	0.0038461538461538464
J34	J39	10	795	60	32445	1.8381355294232415e-06	1.1481056257175661e-05	0.003857634902411022
A69	M25	6	47	261	32445	2.0836620688040906e-06	1.1481056257175661e-05	0.003869115958668198
F40	F43	11	59	1027	32445	2.110713826127293e-06	1.1481056257175661e-05	0.0038805970149253734
M22	M24	7	119	160	32445	2.1923595759923423e-06	1.1481056257175661e-05	0.003892078071182549
G40	G91	8	804	36	32445	2.247529484581744e-06	1.1481056257175661e-05	0.0039035591274397246
F17	J20	12	276	256	32445	2.292671234375236e-06	1.1481056257175661e-05	0.0039150401836969
F19	F23	8	241	115	32445	2.4632561513365525e-06	1.1481056257175661e-05	0.003926521239954076
F17	K29	18	276	576	32445	2.633522676902896e-06	1.1481056257175661e-05	0.003938002296211252
G80	M24	6	79	160	32445	2.702963116723907e-06	1.1481056257175661e-05	0.003949483352468428
F10	F32	50	1732	468	32445	2.7557343408055984e-06	1.1481056257175661e-05	0.003960964408725603
D16	M84	7	237	84	32445	2.852069520484653e-06	1.1481056257175661e-05	0.003972445464982779
F43	F61	8	1027	30	32445	3.0878107560746396e-06	1.1481056257175661e-05	0.0039839265212399545
J31	J32	6	47	289	32445	3.746527858121749e-06	1.1481056257175661e-05	0.00399540757749713
K29	K50	14	576	177	32445	3.75515837242032e-06	1.1481056257175661e-05	0.004006888633754306
G40	G80	11	804	79	32445	3.944234249518548e-06	1.1481056257175661e-05	0.004018369690011481
E78	F17	7	76	276	32445	3.957729325609476e-06	1.1481056257175661e-05	0.004029850746268657
E10	K90	7	332	65	32445	4.615685688073069e-06	1.1481056257175661e-05	0.004041331802525833
K25	K29	6	26	576	32445	5.19068733952867e-06	1.1481056257175661e-05	0.0040528128587830085
J18	J96	10	439	119	32445	5.317424914038105e-06	1.1481056257175661e-05	0.004064293915040184
F43	F50	11	1027	65	32445	5.677893380896167e-06	1.1481056257175661e-05	0.00407577497129736
K01	K08	6	281	52	32445	5.830317152110148e-06	1.1481056257175661e-05	0.004087256027554535
K35	K37	43	2863	240	32445	6.1516546375089495e-06	1.1481056257175661e-05	0.004098737083811711
G80	K02	6	79	185	32445	6.235366826389201e-06	1.1481056257175661e-05	0.004110218140068887
L02	L03	11	294	222	32445	6.512833652916512e-06	1.1481056257175661e-05	0.0041216991963260625
D43	G40	6	20	804	32445	6.54491231374814e-06	1.1481056257175661e-05	0.004133180252583238
G82	M24	6	92	160	32445	6.577722040737291e-06	1.1481056257175661e-05	0.004144661308840413
F82	F91	6	45	341	32445	7.437075791539634e-06	1.1481056257175661e-05	0.004156142365097589
F17	J45	16	276	505	32445	8.037156613990815e-06	1.1481056257175661e-05	0.004167623421354765
M25	M93	10	261	211	32445	9.008514654930522e-06	1.1481056257175661e-05	0.004179104477611941
N62	E66	17	235	670	32445	9.047413904044444e-06	1.1481056257175661e-05	0.004190585533869117
N43	N44	10	154	359	32445	9.097174012530344e-06	1.1481056257175661e-05	0.004202066590126292
K59	K60	8	537	64	32445	1.0489187027074218e-05	1.1481056257175661e-05	0.004213547646383467
K50	K56	8	177	191	32445	1.0857318329319059e-05	1.1481056257175661e-05	0.004225028702640643
E03	E66	10	86	670	32445	1.1393569685085837e-05	1.1481056257175661e-05	0.004236509758897819
J15	J20	9	178	256	32445	1.3017497792380957e-05	1.1481056257175661e-05	0.004247990815154995
B80	K35	9	19	2863	32445	1.3026012238755384e-05	1.1481056257175661e-05	0.004259471871412171
F45	F93	8	217	160	32445	1.314065157084714e-05	1.1481056257175661e-05	0.004270952927669346
K51	K52	9	66	713	32445	1.3757073935502742e-05	1.1481056257175661e-05	0.004282433983926521
F70	F98	6	111	151	32445	1.3927735836674342e-05	1.1481056257175661e-05	0.004293915040183697
F90	F95	7	499	52	32445	1.4355431859426702e-05	1.1481056257175661e-05	0.004305396096440873
F19	F92	12	241	352	32445	1.4561179976114856e-05	1.1481056257175661e-05	0.004316877152698049
J03	L04	9	746	64	32445	1.523508591064308e-05	1.1481056257175661e-05	0.004328358208955225
N43	N45	7	154	168	32445	1.6504574004503064e-05	1.1481056257175661e-05	0.0043398392652124
D10	J35	10	32	2069	32445	1.9148055875482284e-05	1.1481056257175661e-05	0.0043513203214695755
F60	F91	10	177	341	32445	1.965735093203525e-05	1.1481056257175661e-05	0.004362801377726751
F43	F94	7	1027	28	32445	2.062447134513164e-05	1.1481056257175661e-05	0.004374282433983927
F79	G40	6	24	804	32445	2.0882546683749692e-05	1.1481056257175661e-05	0.004385763490241103
F60	F90	12	177	499	32445	2.09578177217992e-05	1.1481056257175661e-05	0.004397244546498278
A04	I88	8	166	224	32445	2.1552689376116948e-05	1.1481056257175661e-05	0.004408725602755454
B18	F32	6	40	468	32445	2.2095885927603065e-05	1.1481056257175661e-05	0.0044202066590126295
F92	L70	8	352	107	32445	2.2731208306422258e-05	1.1481056257175661e-05	0.004431687715269805
N50	I86	8	109	347	32445	2.348521125465803e-05	1.1481056257175661e-05	0.004443168771526981
N43	K40	11	154	497	32445	2.743638558055963e-05	1.1481056257175661e-05	0.004454649827784157
J02	J20	8	151	256	32445	2.8309437213107792e-05	1.1481056257175661e-05	0.004466130884041332
M65	M93	6	91	211	32445	2.964577722325057e-05	1.1481056257175661e-05	0.004477611940298508
F19	J96	7	241	119	32445	3.161142959776248e-05	1.1481056257175661e-05	0.0044890929965556835
E66	F91	20	670	341	32445	3.329964981056492e-05	1.1481056257175661e-05	0.004500574052812859
F43	F95	9	1027	52	32445	3.333617417555229e-05	1.1481056257175661e-05	0.004512055109070035
L90	M21	6	91	217	32445	3.4678756794825465e-05	1.1481056257175661e-05	0.00452353616532721
F40	F91	6	59	341	32445	3.636028474869703e-05	1.1481056257175661e-05	0.004535017221584386
F83	F92	7	85	352	32445	3.982792357776308e-05	1.1481056257175661e-05	0.004546498277841562
N43	I86	9	154	347	32445	4.487627705599508e-05	1.1481056257175661e-05	0.004557979334098738
G82	M67	6	92	225	32445	4.5133833080859454e-05	1.1481056257175661e-05	0.004569460390355913
F23	F32	9	115	468	32445	4.5632355844323964e-05	1.1481056257175661e-05	0.004580941446613089
F98	K59	11	151	537	32445	4.609183941571747e-05	1.1481056257175661e-05	0.004592422502870264
E66	F63	7	670	47	32445	4.7632712597068295e-05	1.1481056257175661e-05	0.00460390355912744
A41	J18	6	49	439	32445	5.06919596412283e-05	1.1481056257175661e-05	0.004615384615384616
E66	F90	25	670	499	32445	5.104697628184983e-05	1.1481056257175661e-05	0.004626865671641792
F43	F80	9	1027	55	32445	5.292810803895862e-05	1.1481056257175661e-05	0.0046383467278989675
F32	F63	6	468	47	32445	5.676310084409276e-05	1.1481056257175661e-05	0.004649827784156142
F20	F32	8	92	468	32445	5.699696220066323e-05	1.1481056257175661e-05	0.004661308840413318
M23	M24	12	615	160	32445	5.845358332974907e-05	1.1481056257175661e-05	0.004672789896670494
F90	H52	8	499	87	32445	5.9730522423614445e-05	1.1481056257175661e-05	0.00468427095292767
M25	M87	6	261	84	32445	6.15317250213485e-05	1.1481056257175661e-05	0.004695752009184846
J01	J20	9	218	256	32445	6.38432667525348e-05	1.1481056257175661e-05	0.0047072330654420215
J03	J39	8	746	60	32445	6.703045918777163e-05	1.1481056257175661e-05	0.0047187141216991964
F17	F41	9	276	204	32445	6.820877238207584e-05	1.1481056257175661e-05	0.004730195177956372
D16	L05	18	237	860	32445	6.946178279422608e-05	1.1481056257175661e-05	0.004741676234213548
F41	F93	7	204	160	32445	7.256435143005455e-05	1.1481056257175661e-05	0.004753157290470724
E86	K52	12	142	713	32445	7.473764867075127e-05	1.1481056257175661e-05	0.0047646383467279
E66	J02	12	670	151	32445	7.519540563896373e-05	1.1481056257175661e-05	0.004776119402985075
F32	G47	8	468	97	32445	8.312371270105629e-05	1.1481056257175661e-05	0.0047876004592422505
G82	J20	6	92	256	32445	9.203400181196111e-05	1.1481056257175661e-05	0.004799081515499426
F17	J93	8	276	166	32445	9.375726743826967e-05	1.1481056257175661e-05	0.004810562571756602
F44	G40	7	44	804	32445	9.638633821654114e-05	1.1481056257175661e-05	0.004822043628013778
E74	J45	6	48	505	32445	9.732334157580717e-05	1.1481056257175661e-05	0.004833524684270954
E66	F70	10	670	111	32445	0.00010463291837791439	1.1481056257175661e-05	0.004845005740528129
K29	K59	23	576	537	32445	0.00010998858643991161	1.1481056257175661e-05	0.0048564867967853045
D10	J34	6	32	795	32445	0.00011166687646483364	1.1481056257175661e-05	0.00486796785304248
J03	B00	10	746	101	32445	0.00011380607698930687	1.1481056257175661e-05	0.004879448909299656
D64	J18	6	57	439	32445	0.00012009473081907127	1.1481056257175661e-05	0.004890929965556832
B99	J11	6	275	90	32445	0.00012046102413838602	1.1481056257175661e-05	0.004902411021814007
F13	F90	7	72	499	32445	0.00012136071363086559	1.1481056257175661e-05	0.004913892078071183
K01	K04	6	281	89	32445	0.00012735474530089802	1.1481056257175661e-05	0.004925373134328359
F45	J30	7	217	166	32445	0.0001341286410496418	1.1481056257175661e-05	0.004936854190585534
I10	I47	6	270	94	32445	0.00013863678302844116	1.1481056257175661e-05	0.00494833524684271
J31	J35	11	47	2069	32445	0.00014175577403977317	1.1481056257175661e-05	0.004959816303099886
F17	F60	8	276	177	32445	0.00014616261995291745	1.1481056257175661e-05	0.004971297359357061
E87	F17	6	93	276	32445	0.00014726012974442836	1.1481056257175661e-05	0.004982778415614237
G82	K59	8	92	537	32445	0.00014728373237634385	1.1481056257175661e-05	0.004994259471871413
B99	G44	10	275	279	32445	0.00014786110872562684	1.1481056257175661e-05	0.0050057405281285884
I88	A09	20	224	1147	32445	0.0001500704145195807	1.1481056257175661e-05	0.005017221584385764
J04	J06	7	67	567	32445	0.00016850347281979747	1.1481056257175661e-05	0.005028702640642939
E03	J18	7	86	439	32445	0.0001695864261828327	1.1481056257175661e-05	0.005040183696900115
E14	E66	7	58	670	32445	0.0001872015318818933	1.1481056257175661e-05	0.005051664753157291
K29	K80	8	576	89	32445	0.00018818197744411842	1.1481056257175661e-05	0.005063145809414467
F43	F71	6	1027	28	32445	0.00020545222022740842	1.1481056257175661e-05	0.0050746268656716425
H66	J01	6	125	218	32445	0.00020724222511411095	1.1481056257175661e-05	0.005086107921928818
J32	J35	35	289	2069	32445	0.0002096670521864918	1.1481056257175661e-05	0.005097588978185993
K01	K02	8	281	185	32445	0.0002233276709715627	1.1481056257175661e-05	0.005109070034443169
B99	J03	17	275	746	32445	0.0002396123843937632	1.1481056257175661e-05	0.005120551090700345
K02	K07	7	185	214	32445	0.00023972827652113488	1.1481056257175661e-05	0.005132032146957521
D36	L05	6	34	860	32445	0.00024302591193289217	1.1481056257175661e-05	0.0051435132032146965
J45	J98	7	505	80	32445	0.0002532190932492917	1.1481056257175661e-05	0.0051549942594718715
F83	F91	6	85	341	32445	0.0002808163414754357	1.1481056257175661e-05	0.005166475315729047
F23	F43	12	115	1027	32445	0.00029411971034302444	1.1481056257175661e-05	0.005177956371986223
E66	J20	15	670	256	32445	0.00031366882173040396	1.1481056257175661e-05	0.005189437428243399
B99	J02	7	275	151	32445	0.0003181695850514129	1.1481056257175661e-05	0.005200918484500575
K21	K59	11	188	537	32445	0.00032074451321988123	1.1481056257175661e-05	0.005212399540757751
I40	J03	8	75	746	32445	0.00032685738527826703	1.1481056257175661e-05	0.0052238805970149255
F45	M54	8	217	255	32445	0.00034083152894061564	1.1481056257175661e-05	0.005235361653272101
F98	G44	7	151	279	32445	0.0003470222427702264	1.1481056257175661e-05	0.005246842709529277
E03	F92	6	86	352	32445	0.0003542575916124888	1.1481056257175661e-05	0.005258323765786453
J20	J30	7	256	166	32445	0.0003668698084633323	1.1481056257175661e-05	0.005269804822043629
J00	J01	6	139	218	32445	0.0003670956944663614	1.1481056257175661e-05	0.005281285878300804
G44	M54	9	279	255	32445	0.0003919885522734211	1.1481056257175661e-05	0.00529276693455798
E80	A09	8	51	1147	32445	0.00039264681626840684	1.1481056257175661e-05	0.005304247990815155
M21	M25	8	217	261	32445	0.0003978302083628668	1.1481056257175661e-05	0.005315729047072331
F13	F43	9	72	1027	32445	0.0004388430373263784	1.1481056257175661e-05	0.005327210103329507
K29	K58	7	576	77	32445	0.0004405924787825925	1.1481056257175661e-05	0.005338691159586683
F43	L98	6	1027	32	32445	0.00044365272965608783	1.1481056257175661e-05	0.005350172215843858
K29	K76	9	576	127	32445	0.00045683507623857616	1.1481056257175661e-05	0.005361653272101034
F43	F82	7	1027	45	32445	0.0004950551314820361	1.1481056257175661e-05	0.0053731343283582094
K61	L02	6	110	294	32445	0.0005121390533165952	1.1481056257175661e-05	0.005384615384615385
D64	K29	6	57	576	32445	0.0005137411994642756	1.1481056257175661e-05	0.005396096440872561
F32	F93	9	468	160	32445	0.0005538927729930418	1.1481056257175661e-05	0.005407577497129736
G44	J01	8	279	218	32445	0.0006357298785551358	1.1481056257175661e-05	0.005419058553386912
F42	F43	7	47	1027	32445	0.0006495199508670967	1.1481056257175661e-05	0.005430539609644088
N17	A09	6	31	1147	32445	0.0006642194973781508	1.1481056257175661e-05	0.0054420206659012635
J06	J45	20	567	505	32445	0.0006645743490060264	1.1481056257175661e-05	0.005453501722158439
L03	M79	6	222	154	32445	0.0006944329794170683	1.1481056257175661e-05	0.005464982778415615
J03	L27	6	746	47	32445	0.0006969411566265653	1.1481056257175661e-05	0.00547646383467279
K61	L05	10	110	860	32445	0.0007011634817913744	1.1481056257175661e-05	0.005487944890929966
D16	M25	8	237	261	32445	0.0007101902580916016	1.1481056257175661e-05	0.005499425947187142
F10	F63	9	1732	47	32445	0.0007448371767245464	1.1481056257175661e-05	0.0055109070034443175
J30	J32	7	166	289	32445	0.0007524193553009323	1.1481056257175661e-05	0.005522388059701493
G40	K02	13	804	185	32445	0.0007570234610602648	1.1481056257175661e-05	0.005533869115958668
M21	M67	7	217	225	32445	0.0008379794641429302	1.1481056257175661e-05	0.005545350172215844
M24	M67	6	160	225	32445	0.0009084670410969033	1.1481056257175661e-05	0.00555683122847302
J06	A09	35	567	1147	32445	0.0011321995784782564	1.1481056257175661e-05	0.005568312284730196
E78	J45	6	76	505	32445	0.0012024393109906053	1.1481056257175661e-05	0.005579793340987372
G47	J35	15	97	2069	32445	0.00121022613018124	1.1481056257175661e-05	0.005591274397244547
F17	K52	15	276	713	32445	0.001276711394020181	1.1481056257175661e-05	0.005602755453501722
F10	F11	13	1732	93	32445	0.0013142870744025808	1.1481056257175661e-05	0.005614236509758898
F41	F90	10	204	499	32445	0.0013153297011036839	1.1481056257175661e-05	0.005625717566016074
E03	G40	8	86	804	32445	0.001330013637782016	1.1481056257175661e-05	0.00563719862227325
N35	N47	10	61	1726	32445	0.001330567054960919	1.1481056257175661e-05	0.005648679678530426
K56	K59	10	191	537	32445	0.0013843527712166371	1.1481056257175661e-05	0.005660160734787601
F12	F90	9	172	499	32445	0.001446298626492476	1.1481056257175661e-05	0.005671641791044776
I88	K52	13	224	713	32445	0.0014701235008448912	1.1481056257175661e-05	0.005683122847301952
F43	F83	9	1027	85	32445	0.0014747915169672607	1.1481056257175661e-05	0.005694603903559128
F84	K59	7	101	537	32445	0.0014750689331223348	1.1481056257175661e-05	0.005706084959816304
F32	H52	6	468	87	32445	0.0016455846864424342	1.1481056257175661e-05	0.00571756601607348
F41	F92	8	204	352	32445	0.0018279996805659266	1.1481056257175661e-05	0.005729047072330655
I95	J06	10	189	567	32445	0.0019073680484018216	1.1481056257175661e-05	0.0057405281285878304
G40	M41	8	804	92	32445	0.0020505188775468194	1.1481056257175661e-05	0.005752009184845006
B27	I88	8	329	224	32445	0.0021522401607897263	1.1481056257175661e-05	0.005763490241102182
K35	K38	8	2863	28	32445	0.0022608173744923426	1.1481056257175661e-05	0.005774971297359358
F11	F32	6	93	468	32445	0.002311146641525202	1.1481056257175661e-05	0.005786452353616533
K52	L20	7	713	83	32445	0.0023554688416730046	1.1481056257175661e-05	0.005797933409873709
F45	I10	7	217	270	32445	0.0023735340933136906	1.1481056257175661e-05	0.0058094144661308845
M23	M93	11	615	211	32445	0.002450586643271412	1.1481056257175661e-05	0.00582089552238806
F10	F92	32	1732	352	32445	0.002479115891938053	1.1481056257175661e-05	0.005832376578645236
G47	J34	8	97	795	32445	0.0026697879976882322	1.1481056257175661e-05	0.005843857634902412
F45	F92	8	217	352	32445	0.00267934474764081	1.1481056257175661e-05	0.005855338691159587
J18	J20	10	439	256	32445	0.002730663992222642	1.1481056257175661e-05	0.005866819747416763
K36	K52	12	213	713	32445	0.0028093832230506634	1.1481056257175661e-05	0.0058783008036739385
H71	J35	9	49	2069	32445	0.003453484814595182	1.1481056257175661e-05	0.005889781859931114
F10	F33	13	1732	104	32445	0.00361117346035844	1.1481056257175661e-05	0.00590126291618829
H65	J02	6	314	151	32445	0.003615540070506484	1.1481056257175661e-05	0.005912743972445465
E66	F41	11	670	204	32445	0.0036201711132912333	1.1481056257175661e-05	0.005924225028702641
F17	J06	12	276	567	32445	0.0036325106109627854	1.1481056257175661e-05	0.005935706084959817
G44	J32	8	279	289	32445	0.003729356060217027	1.1481056257175661e-05	0.005947187141216993
J06	A08	19	567	549	32445	0.0040449873401054584	1.1481056257175661e-05	0.005958668197474168
F17	J15	6	276	178	32445	0.004311430772803373	1.1481056257175661e-05	0.005970149253731344
E66	F32	19	670	468	32445	0.004357484241829091	1.1481056257175661e-05	0.005981630309988519
F10	F61	6	1732	30	32445	0.004506643974037409	1.1481056257175661e-05	0.005993111366245695
J06	J11	6	567	90	32445	0.00500975808474129	1.1481056257175661e-05	0.006004592422502871
I88	A08	10	224	549	32445	0.005095770291377484	1.1481056257175661e-05	0.006016073478760047
K36	K37	6	213	240	32445	0.005228303114406802	1.1481056257175661e-05	0.0060275545350172224
D50	K59	6	96	537	32445	0.005285612401385603	1.1481056257175661e-05	0.006039035591274397
F17	K21	6	276	188	32445	0.005607008815823812	1.1481056257175661e-05	0.006050516647531573
B99	I95	6	275	189	32445	0.005652276542514464	1.1481056257175661e-05	0.006061997703788749
E87	A09	9	93	1147	32445	0.005656089911669681	1.1481056257175661e-05	0.006073478760045925
E66	F45	11	670	217	32445	0.00572923169184675	1.1481056257175661e-05	0.006084959816303101
E87	J06	6	93	567	32445	0.005871931577125853	1.1481056257175661e-05	0.0060964408725602765
I88	J03	12	224	746	32445	0.0059775202534672715	1.1481056257175661e-05	0.006107921928817451
