ICD1	ICD2	val11	occ1	occ2	NN	pval	bonf_thresh	fdr_thresh
H65	J35	179	292	3094	31686	4.52030749214862e-105	1.7094017094017095e-05	1.7094017094017095e-05
J34	M95	80	737	124	31686	8.716218266057597e-100	1.7094017094017095e-05	3.418803418803419e-05
J32	J34	92	261	737	31686	9.608008922116436e-83	1.7094017094017095e-05	5.1282051282051286e-05
N47	N48	114	1694	283	31686	1.5574725627190576e-69	1.7094017094017095e-05	6.837606837606838e-05
H83	H93	41	113	189	31686	4.66746443001731e-63	1.7094017094017095e-05	8.547008547008547e-05
E66	I10	62	493	225	31686	3.3971151583515583e-59	1.7094017094017095e-05	0.00010256410256410257
K01	K07	47	283	158	31686	1.603474643508865e-58	1.7094017094017095e-05	0.00011965811965811967
H50	H52	32	154	102	31686	6.995842266495856e-50	1.7094017094017095e-05	0.00013675213675213676
F32	F43	62	244	643	31686	1.3968416138023796e-49	1.7094017094017095e-05	0.00015384615384615385
H91	H93	35	122	189	31686	1.4863779756018264e-49	1.7094017094017095e-05	0.00017094017094017094
F43	F60	50	643	151	31686	1.5791373729961237e-46	1.7094017094017095e-05	0.00018803418803418806
K21	K29	42	134	509	31686	2.3899033814157486e-42	1.7094017094017095e-05	0.00020512820512820514
G51	A69	26	170	69	31686	7.292825831739219e-42	1.7094017094017095e-05	0.00022222222222222223
K02	K04	28	177	100	31686	3.168394260969781e-40	1.7094017094017095e-05	0.00023931623931623935
F43	F91	52	643	220	31686	5.978151873076283e-40	1.7094017094017095e-05	0.0002564102564102564
K21	K44	22	134	55	31686	1.1317702334356879e-38	1.7094017094017095e-05	0.0002735042735042735
N13	N20	25	140	94	31686	4.4966532274641183e-38	1.7094017094017095e-05	0.00029059829059829064
E66	E78	33	493	98	31686	3.8456704013178264e-35	1.7094017094017095e-05	0.0003076923076923077
J34	J35	186	737	3094	31686	9.117915583235123e-35	1.7094017094017095e-05	0.0003247863247863248
G80	G82	17	49	71	31686	6.981054278843605e-34	1.7094017094017095e-05	0.0003418803418803419
N20	N23	18	94	50	31686	9.383220090760412e-34	1.7094017094017095e-05	0.000358974358974359
J30	J45	37	148	499	31686	1.107128606590745e-33	1.7094017094017095e-05	0.0003760683760683761
F81	F98	25	176	109	31686	1.329416958151684e-33	1.7094017094017095e-05	0.00039316239316239317
G44	H81	23	211	68	31686	1.5641878366905624e-33	1.7094017094017095e-05	0.0004102564102564103
C40	C41	13	31	29	31686	2.6695853670110712e-33	1.7094017094017095e-05	0.0004273504273504274
F19	F60	31	282	151	31686	3.067680182219398e-33	1.7094017094017095e-05	0.00044444444444444447
F81	F91	30	176	220	31686	6.101728797050299e-33	1.7094017094017095e-05	0.0004615384615384616
F90	F91	31	208	220	31686	4.044813433736643e-32	1.7094017094017095e-05	0.0004786324786324787
F43	F70	32	643	93	31686	8.66947751490274e-31	1.7094017094017095e-05	0.0004957264957264958
E66	K76	29	493	102	31686	1.3856363708110562e-28	1.7094017094017095e-05	0.0005128205128205128
N13	N23	17	140	50	31686	2.967711043358936e-28	1.7094017094017095e-05	0.0005299145299145299
F81	F92	24	176	154	31686	6.124163530918464e-28	1.7094017094017095e-05	0.000547008547008547
K29	K44	23	509	55	31686	3.836756267723599e-27	1.7094017094017095e-05	0.0005641025641025642
F91	F92	24	220	154	31686	1.5322169373031479e-25	1.7094017094017095e-05	0.0005811965811965813
H05	J01	16	39	207	31686	2.0165177138280335e-25	1.7094017094017095e-05	0.0005982905982905983
J32	J33	17	261	41	31686	2.775291960515117e-25	1.7094017094017095e-05	0.0006153846153846154
M51	M54	18	59	236	31686	1.2730263928443407e-24	1.7094017094017095e-05	0.0006324786324786325
K35	K65	35	3404	47	31686	1.4799557009777526e-24	1.7094017094017095e-05	0.0006495726495726496
C41	C78	8	29	10	31686	7.66196034127379e-24	1.7094017094017095e-05	0.0006666666666666668
H65	H90	20	292	79	31686	1.6472497135279213e-23	1.7094017094017095e-05	0.0006837606837606838
F12	F19	22	113	282	31686	2.395315959988607e-23	1.7094017094017095e-05	0.0007008547008547009
F81	F90	23	176	208	31686	2.8737125563771893e-23	1.7094017094017095e-05	0.000717948717948718
H66	H72	15	144	56	31686	4.772994255184505e-23	1.7094017094017095e-05	0.0007350427350427351
F91	F98	20	220	109	31686	5.879989054707454e-23	1.7094017094017095e-05	0.0007521367521367522
M22	M23	25	94	552	31686	8.320435654020214e-23	1.7094017094017095e-05	0.0007692307692307693
E10	E14	13	158	32	31686	2.2787140838582327e-22	1.7094017094017095e-05	0.0007863247863247863
M40	M42	9	19	42	31686	4.604406212494057e-22	1.7094017094017095e-05	0.0008034188034188035
H71	H90	13	63	79	31686	4.8234783569587e-22	1.7094017094017095e-05	0.0008205128205128206
F11	F19	19	82	282	31686	7.066306359326546e-22	1.7094017094017095e-05	0.0008376068376068377
M21	M24	17	113	138	31686	1.1726057515146306e-21	1.7094017094017095e-05	0.0008547008547008548
F20	F23	14	72	104	31686	1.7316134779202642e-21	1.7094017094017095e-05	0.0008717948717948718
K01	K09	14	283	30	31686	1.9033620768422583e-21	1.7094017094017095e-05	0.0008888888888888889
E78	E79	14	98	79	31686	2.9375250159533177e-21	1.7094017094017095e-05	0.000905982905982906
N44	N50	22	374	107	31686	3.2139595189103233e-21	1.7094017094017095e-05	0.0009230769230769232
F32	F60	21	244	151	31686	1.8653889281238882e-20	1.7094017094017095e-05	0.0009401709401709403
K60	K61	12	52	94	31686	4.1969671698325176e-20	1.7094017094017095e-05	0.0009572649572649574
E78	I10	17	98	225	31686	4.427505334641506e-19	1.7094017094017095e-05	0.0009743589743589744
D50	K50	12	65	91	31686	5.270213605758324e-19	1.7094017094017095e-05	0.0009914529914529916
E23	E34	12	37	176	31686	9.679588226080886e-19	1.7094017094017095e-05	0.0010085470085470086
F19	F43	36	282	643	31686	1.7694839392378364e-18	1.7094017094017095e-05	0.0010256410256410256
J45	L20	20	499	85	31686	3.2921016067076358e-18	1.7094017094017095e-05	0.0010427350427350429
E30	E34	11	29	176	31686	3.589041442678193e-18	1.7094017094017095e-05	0.0010598290598290599
F12	F60	15	113	151	31686	8.847092542919378e-18	1.7094017094017095e-05	0.001076923076923077
F80	F81	11	33	176	31686	1.9696339808694104e-17	1.7094017094017095e-05	0.001094017094017094
F60	F91	18	151	220	31686	2.795481256988492e-17	1.7094017094017095e-05	0.0011111111111111111
G82	G93	10	71	54	31686	3.643877242103333e-17	1.7094017094017095e-05	0.0011282051282051283
K02	K08	11	177	36	31686	6.421994609920694e-17	1.7094017094017095e-05	0.0011452991452991453
M40	M41	8	19	79	31686	7.661432634575081e-17	1.7094017094017095e-05	0.0011623931623931626
M24	M65	13	138	88	31686	1.0345793855000149e-16	1.7094017094017095e-05	0.0011794871794871796
F10	F43	85	1556	643	31686	1.0366540332129934e-16	1.7094017094017095e-05	0.0011965811965811966
F43	F92	26	643	154	31686	1.0417241230337099e-16	1.7094017094017095e-05	0.0012136752136752138
N43	K40	27	185	583	31686	1.0629336674843959e-16	1.7094017094017095e-05	0.0012307692307692308
F70	F91	15	93	220	31686	1.2568658732361435e-16	1.7094017094017095e-05	0.001247863247863248
A15	A16	9	39	70	31686	1.4762002622890982e-16	1.7094017094017095e-05	0.001264957264957265
E86	A09	27	127	891	31686	1.85955148421303e-16	1.7094017094017095e-05	0.001282051282051282
F41	F45	16	145	183	31686	3.1854013603940246e-16	1.7094017094017095e-05	0.0012991452991452993
I30	I40	7	21	40	31686	3.3661646831737367e-16	1.7094017094017095e-05	0.0013162393162393163
G40	G82	19	677	71	31686	4.4082492228863363e-16	1.7094017094017095e-05	0.0013333333333333335
H50	H53	12	154	67	31686	5.353902752465675e-16	1.7094017094017095e-05	0.0013504273504273505
H33	H52	10	49	102	31686	5.624364898512406e-16	1.7094017094017095e-05	0.0013675213675213675
D69	D70	9	99	34	31686	9.609727543310471e-16	1.7094017094017095e-05	0.0013846153846153847
E86	A08	18	127	322	31686	9.958852238956136e-16	1.7094017094017095e-05	0.0014017094017094018
L03	L60	32	294	586	31686	1.078794215828266e-15	1.7094017094017095e-05	0.001418803418803419
F32	F33	11	244	35	31686	1.596015497456143e-15	1.7094017094017095e-05	0.001435897435897436
F70	F90	14	93	208	31686	1.6680385393259713e-15	1.7094017094017095e-05	0.0014529914529914532
F81	F82	10	176	33	31686	1.7893985485993405e-15	1.7094017094017095e-05	0.0014700854700854702
J00	J20	16	124	240	31686	1.866116720244266e-15	1.7094017094017095e-05	0.0014871794871794872
B18	F19	13	56	282	31686	2.237233347995147e-15	1.7094017094017095e-05	0.0015042735042735044
F43	F90	28	643	208	31686	2.923595732946319e-15	1.7094017094017095e-05	0.0015213675213675215
F12	F23	12	113	104	31686	3.0518320474688563e-15	1.7094017094017095e-05	0.0015384615384615387
F13	F19	11	34	282	31686	5.445885706513879e-15	1.7094017094017095e-05	0.0015555555555555557
K00	K01	11	34	283	31686	5.662327180617398e-15	1.7094017094017095e-05	0.0015726495726495727
N44	N45	21	374	183	31686	6.287353629273118e-15	1.7094017094017095e-05	0.00158974358974359
F10	F32	45	1556	244	31686	1.492968963587793e-14	1.7094017094017095e-05	0.001606837606837607
F11	F13	8	82	34	31686	2.4348602256318264e-14	1.7094017094017095e-05	0.0016239316239316241
F19	B17	10	282	30	31686	6.824417807833968e-14	1.7094017094017095e-05	0.0016410256410256412
M23	M25	25	552	214	31686	7.991718291362636e-14	1.7094017094017095e-05	0.0016581196581196582
N18	D64	6	20	39	31686	8.888998494153307e-14	1.7094017094017095e-05	0.0016752136752136754
F12	F20	10	113	72	31686	9.870301947760901e-14	1.7094017094017095e-05	0.0016923076923076924
M13	M25	11	58	214	31686	1.7757824105209846e-13	1.7094017094017095e-05	0.0017094017094017096
K04	K08	8	100	36	31686	2.0803001194694868e-13	1.7094017094017095e-05	0.0017264957264957266
G40	G93	15	677	54	31686	3.0323079924069956e-13	1.7094017094017095e-05	0.0017435897435897436
F10	F60	33	1556	151	31686	3.504268308669401e-13	1.7094017094017095e-05	0.0017606837606837609
F11	F14	6	82	13	31686	4.215628215418779e-13	1.7094017094017095e-05	0.0017777777777777779
H35	H53	7	32	67	31686	4.4164870920157167e-13	1.7094017094017095e-05	0.001794871794871795
F71	F84	6	24	44	31686	6.638505292978022e-13	1.7094017094017095e-05	0.001811965811965812
C40	D70	6	31	34	31686	6.915744113385828e-13	1.7094017094017095e-05	0.001829059829059829
E86	J06	15	127	286	31686	7.030767038130665e-13	1.7094017094017095e-05	0.0018461538461538463
F43	F98	19	643	109	31686	7.75881803958113e-13	1.7094017094017095e-05	0.0018632478632478633
M42	M51	7	42	59	31686	1.3764378921827275e-12	1.7094017094017095e-05	0.0018803418803418806
F43	F81	23	643	176	31686	1.6703939144577182e-12	1.7094017094017095e-05	0.0018974358974358976
C91	A41	6	31	41	31686	2.3011956068837876e-12	1.7094017094017095e-05	0.0019145299145299148
J18	J90	10	390	31	31686	2.5063119390346324e-12	1.7094017094017095e-05	0.0019316239316239318
F12	F14	6	113	13	31686	3.0239028152475524e-12	1.7094017094017095e-05	0.0019487179487179488
M00	M86	6	28	48	31686	3.209293427552746e-12	1.7094017094017095e-05	0.001965811965811966
M41	M43	8	79	63	31686	3.595961917315525e-12	1.7094017094017095e-05	0.0019829059829059833
J45	J46	11	499	36	31686	5.578956435464314e-12	1.7094017094017095e-05	0.002
F15	F19	7	13	282	31686	6.7300911469678345e-12	1.7094017094017095e-05	0.0020170940170940173
H33	H35	6	49	32	31686	8.75053067896971e-12	1.7094017094017095e-05	0.0020341880341880345
F19	F32	18	282	244	31686	9.101141495025621e-12	1.7094017094017095e-05	0.0020512820512820513
I10	K76	12	225	102	31686	9.428218511118077e-12	1.7094017094017095e-05	0.0020683760683760685
F16	F19	8	22	282	31686	1.0229626958534946e-11	1.7094017094017095e-05	0.0020854700854700857
M41	M42	7	79	42	31686	1.1471383434746842e-11	1.7094017094017095e-05	0.0021025641025641025
D16	L05	24	257	532	31686	1.4767170131591733e-11	1.7094017094017095e-05	0.0021196581196581197
F11	F12	9	82	113	31686	1.5906015706935558e-11	1.7094017094017095e-05	0.002136752136752137
F43	F83	14	643	63	31686	2.613896249583702e-11	1.7094017094017095e-05	0.002153846153846154
F70	F92	10	93	154	31686	3.13106420682683e-11	1.7094017094017095e-05	0.002170940170940171
F43	F93	15	643	76	31686	3.141710958872597e-11	1.7094017094017095e-05	0.002188034188034188
F90	F92	13	208	154	31686	3.34698746639807e-11	1.7094017094017095e-05	0.0022051282051282054
M23	M24	18	552	138	31686	3.886897118895465e-11	1.7094017094017095e-05	0.0022222222222222222
H52	H53	8	102	67	31686	4.861090152259561e-11	1.7094017094017095e-05	0.0022393162393162394
F83	G40	14	63	677	31686	5.152899768083414e-11	1.7094017094017095e-05	0.0022564102564102567
J01	J20	15	207	240	31686	6.88251799871293e-11	1.7094017094017095e-05	0.002273504273504274
K50	K51	7	91	49	31686	9.918446004157926e-11	1.7094017094017095e-05	0.0022905982905982907
H66	H90	9	144	79	31686	1.0089251382292823e-10	1.7094017094017095e-05	0.002307692307692308
F44	G40	11	35	677	31686	1.0232936647978523e-10	1.7094017094017095e-05	0.002324786324786325
F32	F41	13	244	145	31686	1.1430918509774537e-10	1.7094017094017095e-05	0.002341880341880342
B18	F11	7	56	82	31686	1.2526799576014924e-10	1.7094017094017095e-05	0.002358974358974359
F12	F16	6	113	22	31686	1.280964637137599e-10	1.7094017094017095e-05	0.0023760683760683764
F12	F43	17	113	643	31686	1.4147629465988272e-10	1.7094017094017095e-05	0.002393162393162393
F32	F70	11	244	93	31686	1.5757397404884722e-10	1.7094017094017095e-05	0.0024102564102564104
K02	K10	7	177	28	31686	1.6155540575633348e-10	1.7094017094017095e-05	0.0024273504273504276
J18	J45	27	390	499	31686	1.7950768163734936e-10	1.7094017094017095e-05	0.002444444444444445
F60	F92	11	151	154	31686	2.2318393295335478e-10	1.7094017094017095e-05	0.0024615384615384616
K26	K29	10	37	509	31686	2.474805331407775e-10	1.7094017094017095e-05	0.002478632478632479
K80	K85	6	62	43	31686	2.5219854499141423e-10	1.7094017094017095e-05	0.002495726495726496
F83	F90	9	63	208	31686	3.3138589873884944e-10	1.7094017094017095e-05	0.002512820512820513
M13	M86	6	58	48	31686	3.332287260284877e-10	1.7094017094017095e-05	0.00252991452991453
M23	M65	14	552	88	31686	3.97807890307774e-10	1.7094017094017095e-05	0.0025470085470085473
G03	A69	6	43	69	31686	4.883587286382839e-10	1.7094017094017095e-05	0.002564102564102564
F83	F91	9	63	220	31686	5.441985937633161e-10	1.7094017094017095e-05	0.0025811965811965813
J03	J36	27	624	329	31686	5.578043033942736e-10	1.7094017094017095e-05	0.0025982905982905985
N10	N39	6	26	123	31686	6.53573125056806e-10	1.7094017094017095e-05	0.0026153846153846158
M42	M54	8	42	236	31686	7.979278509390728e-10	1.7094017094017095e-05	0.0026324786324786326
H35	H52	6	32	102	31686	8.117431412134504e-10	1.7094017094017095e-05	0.00264957264957265
F19	F20	10	282	72	31686	8.768075013593925e-10	1.7094017094017095e-05	0.002666666666666667
K04	K12	8	100	98	31686	9.216833395739443e-10	1.7094017094017095e-05	0.002683760683760684
I10	I49	9	225	66	31686	1.0187802530178038e-09	1.7094017094017095e-05	0.002700854700854701
F10	F12	24	1556	113	31686	1.042711022022818e-09	1.7094017094017095e-05	0.0027179487179487182
F12	F32	11	113	244	31686	1.3128623956127574e-09	1.7094017094017095e-05	0.002735042735042735
K20	K29	7	15	509	31686	1.5251641906252284e-09	1.7094017094017095e-05	0.0027521367521367523
K01	K04	11	283	100	31686	1.6652264940865567e-09	1.7094017094017095e-05	0.0027692307692307695
K22	K29	9	33	509	31686	1.8178181982992423e-09	1.7094017094017095e-05	0.0027863247863247867
J30	J34	19	148	737	31686	1.8808776827412147e-09	1.7094017094017095e-05	0.0028034188034188035
I10	I15	6	225	18	31686	2.0731021200601093e-09	1.7094017094017095e-05	0.0028205128205128207
A02	E86	10	176	127	31686	2.5816282037630524e-09	1.7094017094017095e-05	0.002837606837606838
B27	J03	24	283	624	31686	2.6487078305183284e-09	1.7094017094017095e-05	0.0028547008547008547
I45	I47	6	49	80	31686	2.744025924749509e-09	1.7094017094017095e-05	0.002871794871794872
F40	K02	7	41	177	31686	2.885696295589713e-09	1.7094017094017095e-05	0.002888888888888889
N13	N39	9	140	123	31686	4.251678691032001e-09	1.7094017094017095e-05	0.0029059829059829064
N18	I10	6	20	225	31686	4.277374073715113e-09	1.7094017094017095e-05	0.002923076923076923
J35	J36	67	3094	329	31686	5.046975884976884e-09	1.7094017094017095e-05	0.0029401709401709404
K21	K22	6	134	33	31686	5.152884022023117e-09	1.7094017094017095e-05	0.0029572649572649577
K60	K92	6	52	86	31686	6.1666613065105114e-09	1.7094017094017095e-05	0.0029743589743589744
F12	F91	10	113	220	31686	7.062347844539016e-09	1.7094017094017095e-05	0.0029914529914529917
J01	J06	14	207	286	31686	7.10894223660212e-09	1.7094017094017095e-05	0.003008547008547009
K50	K60	6	91	52	31686	8.688527674942179e-09	1.7094017094017095e-05	0.0030256410256410257
N62	E66	17	190	493	31686	8.697239845460939e-09	1.7094017094017095e-05	0.003042735042735043
K51	K52	13	49	1107	31686	8.789419979775158e-09	1.7094017094017095e-05	0.00305982905982906
E03	E66	10	55	493	31686	1.186783560406604e-08	1.7094017094017095e-05	0.0030769230769230774
F13	F60	6	34	151	31686	1.2767737654816863e-08	1.7094017094017095e-05	0.003094017094017094
E66	F91	18	493	220	31686	1.301621902445296e-08	1.7094017094017095e-05	0.0031111111111111114
M21	M41	7	113	79	31686	1.4257771725995593e-08	1.7094017094017095e-05	0.0031282051282051286
B27	L27	7	283	33	31686	1.4742600005553394e-08	1.7094017094017095e-05	0.0031452991452991454
F43	F71	8	643	24	31686	1.520452949199666e-08	1.7094017094017095e-05	0.0031623931623931626
F60	F70	8	151	93	31686	1.5959034819777947e-08	1.7094017094017095e-05	0.00317948717948718
M22	M25	9	94	214	31686	1.5989316558835628e-08	1.7094017094017095e-05	0.0031965811965811966
J30	J46	6	148	36	31686	1.6271512850255512e-08	1.7094017094017095e-05	0.003213675213675214
F89	G40	7	16	677	31686	1.906854481147831e-08	1.7094017094017095e-05	0.003230769230769231
M43	M54	8	63	236	31686	2.288813854758119e-08	1.7094017094017095e-05	0.0032478632478632483
E03	E34	7	55	176	31686	2.345578908719117e-08	1.7094017094017095e-05	0.003264957264957265
F79	G40	10	44	677	31686	2.391972318243584e-08	1.7094017094017095e-05	0.0032820512820512823
F33	F43	9	35	643	31686	2.4332025691239888e-08	1.7094017094017095e-05	0.0032991452991452995
H05	J32	7	39	261	31686	2.9156274753209984e-08	1.7094017094017095e-05	0.0033162393162393163
E78	K76	7	98	102	31686	3.163966793191552e-08	1.7094017094017095e-05	0.0033333333333333335
F19	F23	10	282	104	31686	3.3239108318300845e-08	1.7094017094017095e-05	0.0033504273504273508
E10	E87	7	158	65	31686	3.663149889634332e-08	1.7094017094017095e-05	0.003367521367521368
A49	J03	11	63	624	31686	3.854976730424941e-08	1.7094017094017095e-05	0.003384615384615385
E66	E79	11	493	79	31686	4.036016303672121e-08	1.7094017094017095e-05	0.003401709401709402
K25	K29	8	33	509	31686	4.095104129411149e-08	1.7094017094017095e-05	0.0034188034188034192
H60	H66	7	73	144	31686	4.384356419834033e-08	1.7094017094017095e-05	0.003435897435897436
F92	F98	8	154	109	31686	6.503749914332757e-08	1.7094017094017095e-05	0.0034529914529914532
E87	F10	16	65	1556	31686	6.993504950230649e-08	1.7094017094017095e-05	0.0034700854700854705
F82	F90	6	33	208	31686	7.1115419053868e-08	1.7094017094017095e-05	0.0034871794871794873
K02	K12	8	177	98	31686	8.297081726287122e-08	1.7094017094017095e-05	0.0035042735042735045
K21	K92	7	134	86	31686	8.405559528223115e-08	1.7094017094017095e-05	0.0035213675213675217
K56	K65	6	149	47	31686	8.949622513625583e-08	1.7094017094017095e-05	0.003538461538461539
J45	J98	11	499	85	31686	9.894224989945618e-08	1.7094017094017095e-05	0.0035555555555555557
F80	F91	6	33	220	31686	9.909231175826236e-08	1.7094017094017095e-05	0.003572649572649573
E66	J45	26	493	499	31686	1.043036853155955e-07	1.7094017094017095e-05	0.00358974358974359
H65	H66	11	292	144	31686	1.0659462252678886e-07	1.7094017094017095e-05	0.003606837606837607
N35	N47	16	62	1694	31686	1.092112038710959e-07	1.7094017094017095e-05	0.003623931623931624
L03	L04	9	294	86	31686	1.1102997628311645e-07	1.7094017094017095e-05	0.0036410256410256414
K29	K92	11	509	86	31686	1.3643524064590957e-07	1.7094017094017095e-05	0.003658119658119658
J00	J03	14	124	624	31686	1.7008885790674379e-07	1.7094017094017095e-05	0.0036752136752136754
F23	F43	13	104	643	31686	1.9804038944349682e-07	1.7094017094017095e-05	0.0036923076923076927
B99	J40	6	138	62	31686	3.077698234585331e-07	1.7094017094017095e-05	0.00370940170940171
M23	M94	8	552	39	31686	3.0853747110885926e-07	1.7094017094017095e-05	0.0037264957264957267
H10	J03	9	48	624	31686	3.556887233956539e-07	1.7094017094017095e-05	0.003743589743589744
F10	F17	26	1556	175	31686	4.7366919183303267e-07	1.7094017094017095e-05	0.003760683760683761
H90	H93	7	79	189	31686	4.847958424449253e-07	1.7094017094017095e-05	0.003777777777777778
J03	J35	100	624	3094	31686	5.187187813125377e-07	1.7094017094017095e-05	0.003794871794871795
K01	K02	11	283	177	31686	6.250765793169222e-07	1.7094017094017095e-05	0.0038119658119658124
L20	B00	6	85	114	31686	6.590394858289715e-07	1.7094017094017095e-05	0.0038290598290598296
F23	F60	7	104	151	31686	7.004928506981346e-07	1.7094017094017095e-05	0.0038461538461538464
F32	F40	6	244	41	31686	7.035395816870475e-07	1.7094017094017095e-05	0.0038632478632478636
G44	J11	7	211	75	31686	7.107689136372237e-07	1.7094017094017095e-05	0.003880341880341881
K04	K07	7	100	158	31686	7.279749235919161e-07	1.7094017094017095e-05	0.0038974358974358976
F19	F91	12	282	220	31686	7.491148933857621e-07	1.7094017094017095e-05	0.003914529914529915
E79	G40	11	79	677	31686	9.45727195053129e-07	1.7094017094017095e-05	0.003931623931623932
J04	J20	7	69	240	31686	9.481779271014214e-07	1.7094017094017095e-05	0.003948717948717949
D50	K29	9	65	509	31686	9.553687838761996e-07	1.7094017094017095e-05	0.0039658119658119665
J18	J98	9	390	85	31686	1.067671840595807e-06	1.7094017094017095e-05	0.003982905982905983
J44	J45	8	50	499	31686	1.0749093604237477e-06	1.7094017094017095e-05	0.004
A04	I88	9	135	247	31686	1.223412144358388e-06	1.7094017094017095e-05	0.004017094017094018
F32	F91	11	244	220	31686	1.246258717964164e-06	1.7094017094017095e-05	0.0040341880341880345
J01	J32	11	207	261	31686	1.3245603904185197e-06	1.7094017094017095e-05	0.004051282051282051
F20	F32	7	72	244	31686	1.4175518387535656e-06	1.7094017094017095e-05	0.004068376068376069
F23	F32	8	104	244	31686	1.5026831132420764e-06	1.7094017094017095e-05	0.004085470085470086
J20	J45	16	240	499	31686	1.5504201384697715e-06	1.7094017094017095e-05	0.0041025641025641026
E79	I10	7	79	225	31686	1.5573965876101218e-06	1.7094017094017095e-05	0.00411965811965812
N43	I86	15	185	578	31686	1.7362034565001135e-06	1.7094017094017095e-05	0.004136752136752137
H65	H71	7	292	63	31686	1.8693767621791464e-06	1.7094017094017095e-05	0.004153846153846154
M25	M65	7	214	88	31686	2.3202970499202435e-06	1.7094017094017095e-05	0.0041709401709401715
G82	J18	8	71	390	31686	2.6525148938044985e-06	1.7094017094017095e-05	0.004188034188034188
I10	I51	6	225	56	31686	2.8948795047971594e-06	1.7094017094017095e-05	0.004205128205128205
F32	L98	6	244	52	31686	2.9678808746510586e-06	1.7094017094017095e-05	0.004222222222222223
B34	D69	6	131	99	31686	3.63969617756336e-06	1.7094017094017095e-05	0.0042393162393162395
M24	M25	8	138	214	31686	4.75029856144957e-06	1.7094017094017095e-05	0.004256410256410257
E79	F17	6	79	175	31686	5.184015827532798e-06	1.7094017094017095e-05	0.004273504273504274
F32	F90	10	244	208	31686	5.401429391774141e-06	1.7094017094017095e-05	0.004290598290598291
A69	M25	6	69	214	31686	7.439628832155652e-06	1.7094017094017095e-05	0.004307692307692308
F90	F98	7	208	109	31686	8.029657208657938e-06	1.7094017094017095e-05	0.004324786324786325
G40	G80	8	677	49	31686	8.67659865226556e-06	1.7094017094017095e-05	0.004341880341880342
F41	F43	13	145	643	31686	8.772814199856448e-06	1.7094017094017095e-05	0.00435897435897436
F98	G44	7	109	211	31686	8.814673598850586e-06	1.7094017094017095e-05	0.004376068376068376
I88	A08	12	247	322	31686	9.681073550502812e-06	1.7094017094017095e-05	0.004393162393162393
H10	J45	7	48	499	31686	9.703974067239885e-06	1.7094017094017095e-05	0.004410256410256411
J02	J20	8	136	240	31686	9.860153447497317e-06	1.7094017094017095e-05	0.004427350427350428
B99	B00	6	138	114	31686	1.1093533117902992e-05	1.7094017094017095e-05	0.0044444444444444444
F90	F93	6	208	76	31686	1.11015076442449e-05	1.7094017094017095e-05	0.004461538461538462
K29	K51	7	509	49	31686	1.2694763401985113e-05	1.7094017094017095e-05	0.004478632478632479
N43	N45	8	185	183	31686	1.2993204205319833e-05	1.7094017094017095e-05	0.004495726495726496
F70	K02	6	93	177	31686	1.4225624571200467e-05	1.7094017094017095e-05	0.004512820512820513
E66	F70	9	493	93	31686	1.5029035807592918e-05	1.7094017094017095e-05	0.00452991452991453
F91	F93	6	220	76	31686	1.5255448694864064e-05	1.7094017094017095e-05	0.004547008547008548
K50	K52	13	91	1107	31686	1.6530281653213562e-05	1.7094017094017095e-05	0.004564102564102565
J00	J06	8	124	286	31686	1.779974661605904e-05	1.7094017094017095e-05	0.004581196581196581
J20	J30	8	240	148	31686	1.825657355059493e-05	1.7094017094017095e-05	0.004598290598290599
L02	L03	13	339	294	31686	1.9540839684150115e-05	1.7094017094017095e-05	0.004615384615384616
B99	J03	12	138	624	31686	1.9579420518640536e-05	1.7094017094017095e-05	0.004632478632478633
J22	J45	7	54	499	31686	2.151706775096564e-05	1.7094017094017095e-05	0.00464957264957265
F17	J45	12	175	499	31686	2.3549836280289366e-05	1.7094017094017095e-05	0.004666666666666667
J01	L03	10	207	294	31686	2.601429124070135e-05	1.7094017094017095e-05	0.004683760683760684
F10	F13	9	1556	34	31686	2.7874548497788236e-05	1.7094017094017095e-05	0.0047008547008547015
M41	M54	6	79	236	31686	2.8281213812160606e-05	1.7094017094017095e-05	0.004717948717948718
F17	F19	9	175	282	31686	2.930416348750563e-05	1.7094017094017095e-05	0.004735042735042735
K61	L05	9	94	532	31686	2.9760895579567984e-05	1.7094017094017095e-05	0.004752136752136753
J30	J32	8	148	261	31686	3.321532535976066e-05	1.7094017094017095e-05	0.0047692307692307695
J30	J35	31	148	3094	31686	3.4950619032820544e-05	1.7094017094017095e-05	0.004786324786324786
N45	N50	6	183	107	31686	3.8106742762205126e-05	1.7094017094017095e-05	0.004803418803418804
J33	J34	7	41	737	31686	4.042978139314027e-05	1.7094017094017095e-05	0.004820512820512821
F43	F80	6	643	33	31686	4.7375229159556754e-05	1.7094017094017095e-05	0.0048376068376068376
J45	L50	12	499	188	31686	4.759280558220182e-05	1.7094017094017095e-05	0.004854700854700855
M23	M93	14	552	227	31686	5.0170375245398755e-05	1.7094017094017095e-05	0.004871794871794872
D36	L05	6	40	532	31686	5.1483842236596195e-05	1.7094017094017095e-05	0.00488888888888889
G93	J18	6	54	390	31686	5.247909957540057e-05	1.7094017094017095e-05	0.0049059829059829065
K35	K63	11	3404	27	31686	5.464595661795516e-05	1.7094017094017095e-05	0.004923076923076923
K35	K37	44	3404	224	31686	5.664272331444851e-05	1.7094017094017095e-05	0.004940170940170941
J03	J06	17	624	286	31686	6.070911777642903e-05	1.7094017094017095e-05	0.004957264957264958
E80	K29	7	62	509	31686	6.072672278391151e-05	1.7094017094017095e-05	0.0049743589743589745
F10	F19	30	1556	282	31686	6.368708404525845e-05	1.7094017094017095e-05	0.004991452991452992
J06	J20	10	286	240	31686	7.17811417494175e-05	1.7094017094017095e-05	0.005008547008547009
J18	B00	8	390	114	31686	8.672443575071536e-05	1.7094017094017095e-05	0.005025641025641026
J03	B00	10	624	114	31686	8.867943754080077e-05	1.7094017094017095e-05	0.005042735042735043
H90	J34	9	79	737	31686	9.144058395312092e-05	1.7094017094017095e-05	0.00505982905982906
J03	J20	15	624	240	31686	9.304960444188352e-05	1.7094017094017095e-05	0.005076923076923077
F43	F45	13	643	183	31686	0.00010110378765693284	1.7094017094017095e-05	0.005094017094017095
M23	M67	14	552	243	31686	0.00010397726154487685	1.7094017094017095e-05	0.005111111111111111
F45	I95	7	183	185	31686	0.00010566131173577213	1.7094017094017095e-05	0.005128205128205128
K56	K59	10	149	488	31686	0.00011110821628404678	1.7094017094017095e-05	0.005145299145299146
I88	K59	13	247	488	31686	0.00013317502453998842	1.7094017094017095e-05	0.005162393162393163
H66	J03	11	144	624	31686	0.00013943442315299834	1.7094017094017095e-05	0.00517948717948718
F70	G40	9	93	677	31686	0.00017149801463287043	1.7094017094017095e-05	0.005196581196581197
G40	G44	14	677	211	31686	0.00019548105677519602	1.7094017094017095e-05	0.005213675213675214
F32	F92	7	244	154	31686	0.00020028174948802805	1.7094017094017095e-05	0.0052307692307692315
K52	K92	11	1107	86	31686	0.00020082897043439618	1.7094017094017095e-05	0.005247863247863248
J32	J35	44	261	3094	31686	0.00024055841775542228	1.7094017094017095e-05	0.005264957264957265
F43	F84	6	643	44	31686	0.0002499387913919921	1.7094017094017095e-05	0.005282051282051283
F84	G40	6	44	677	31686	0.00032914019091704477	1.7094017094017095e-05	0.0052991452991453
F17	J18	9	175	390	31686	0.0003389000275570102	1.7094017094017095e-05	0.005316239316239316
D18	G40	7	62	677	31686	0.00034990831342018364	1.7094017094017095e-05	0.005333333333333334
B27	I88	9	283	247	31686	0.0004086357778229323	1.7094017094017095e-05	0.005350427350427351
J40	J45	6	62	499	31686	0.000431549732135179	1.7094017094017095e-05	0.005367521367521368
J01	J45	11	207	499	31686	0.00047721577299798535	1.7094017094017095e-05	0.005384615384615385
K35	K66	7	3404	15	31686	0.00048284058064330883	1.7094017094017095e-05	0.005401709401709402
H90	J35	18	79	3094	31686	0.0005034919394055933	1.7094017094017095e-05	0.005418803418803419
K35	K56	30	3404	149	31686	0.0005195347005005319	1.7094017094017095e-05	0.0054358974358974365
J31	J35	14	54	3094	31686	0.0005228722516757995	1.7094017094017095e-05	0.005452991452991453
F10	F91	23	1556	220	31686	0.0005534081714552511	1.7094017094017095e-05	0.00547008547008547
F17	K29	10	175	509	31686	0.0005661231000340826	1.7094017094017095e-05	0.005487179487179488
F10	F92	18	1556	154	31686	0.0005812187852209953	1.7094017094017095e-05	0.0055042735042735045
J15	J18	7	116	390	31686	0.0005991902862194662	1.7094017094017095e-05	0.005521367521367522
F43	L98	6	643	52	31686	0.0006285672431766612	1.7094017094017095e-05	0.005538461538461539
N39	K59	8	123	488	31686	0.0006567993877271699	1.7094017094017095e-05	0.005555555555555556
K29	K50	7	509	91	31686	0.000670723660675902	1.7094017094017095e-05	0.005572649572649573
I88	J02	6	247	136	31686	0.0007135298551479295	1.7094017094017095e-05	0.00558974358974359
J01	J03	12	207	624	31686	0.0008855341625619276	1.7094017094017095e-05	0.005606837606837607
M25	M93	7	214	227	31686	0.0009325577053938313	1.7094017094017095e-05	0.005623931623931625
E86	J03	9	127	624	31686	0.0009517335289954991	1.7094017094017095e-05	0.0056410256410256415
E03	G40	6	55	677	31686	0.0011087273796579356	1.7094017094017095e-05	0.005658119658119658
J01	J18	9	207	390	31686	0.0011278530508763748	1.7094017094017095e-05	0.005675213675213676
J45	K21	8	499	134	31686	0.0013221869135870302	1.7094017094017095e-05	0.005692307692307693
F45	G44	6	183	211	31686	0.001469164397837542	1.7094017094017095e-05	0.0057094017094017095
I95	J06	7	185	286	31686	0.00152111885984872	1.7094017094017095e-05	0.005726495726495727
K36	K56	7	358	149	31686	0.0015803030754496146	1.7094017094017095e-05	0.005743589743589744
E66	F98	7	493	109	31686	0.0016119776720017421	1.7094017094017095e-05	0.005760683760683761
H65	J02	6	292	136	31686	0.0016817718566347014	1.7094017094017095e-05	0.005777777777777778
I88	A09	16	247	891	31686	0.0018099580426239102	1.7094017094017095e-05	0.005794871794871795
H65	J20	8	292	240	31686	0.0018245862895200995	1.7094017094017095e-05	0.005811965811965813
F90	G40	12	208	677	31686	0.0018338342389475875	1.7094017094017095e-05	0.00582905982905983
F19	F41	6	282	145	31686	0.0019522583246853024	1.7094017094017095e-05	0.005846153846153846
L02	L70	6	339	121	31686	0.0019683642762475155	1.7094017094017095e-05	0.005863247863247864
J15	J45	7	116	499	31686	0.0024600621680024286	1.7094017094017095e-05	0.005880341880341881
H71	J35	14	63	3094	31686	0.0026140343809447886	1.7094017094017095e-05	0.005897435897435898
F19	F92	6	282	154	31686	0.002639172362943873	1.7094017094017095e-05	0.005914529914529915
B27	J36	9	283	329	31686	0.002984243248038752	1.7094017094017095e-05	0.005931623931623932
F32	F45	6	244	183	31686	0.003037054511084593	1.7094017094017095e-05	0.005948717948717949
H71	J34	6	63	737	31686	0.0034239413551997978	1.7094017094017095e-05	0.0059658119658119665
N50	K40	7	107	583	31686	0.003688002101545069	1.7094017094017095e-05	0.005982905982905983
E66	M54	10	493	236	31686	0.004100287045766262	1.7094017094017095e-05	0.006
J00	J18	6	124	390	31686	0.00442442696197847	1.7094017094017095e-05	0.006017094017094018
E66	K59	16	493	488	31686	0.004476430976795847	1.7094017094017095e-05	0.006034188034188035
E66	F90	9	493	208	31686	0.00552658337500921	1.7094017094017095e-05	0.006051282051282051
