ICD1	ICD2	val11	occ1	occ2	NN	pval	bonf_thresh	fdr_thresh
J34	M95	79	677	127	31778	9.422570660395537e-100	9.900990099009901e-06	9.900990099009901e-06
H65	J35	147	326	1756	31778	4.045746973149772e-96	9.900990099009901e-06	1.9801980198019803e-05
J32	J34	91	239	677	31778	4.9537458645814306e-89	9.900990099009901e-06	2.9702970297029702e-05
F32	F43	149	521	1268	31778	9.250781828872667e-85	9.900990099009901e-06	3.9603960396039605e-05
K21	K29	58	166	486	31778	1.044689799211244e-62	9.900990099009901e-06	4.950495049504951e-05
E10	E16	37	461	48	31778	4.306823875182323e-59	9.900990099009901e-06	5.9405940594059404e-05
F81	F90	49	118	549	31778	7.558419856499188e-55	9.900990099009901e-06	6.930693069306931e-05
E66	K76	52	653	126	31778	5.278123810948729e-54	9.900990099009901e-06	7.920792079207921e-05
K01	K07	46	320	165	31778	3.055023454992061e-53	9.900990099009901e-06	8.91089108910891e-05
F83	G40	61	164	920	31778	8.107092653131296e-51	9.900990099009901e-06	9.900990099009902e-05
E66	I10	60	653	222	31778	2.030426309194348e-49	9.900990099009901e-06	0.00010891089108910891
E84	K86	20	53	36	31778	3.230085330640435e-48	9.900990099009901e-06	0.00011881188118811881
C40	C41	19	30	52	31778	1.4540740362285066e-47	9.900990099009901e-06	0.00012871287128712872
E10	E14	36	461	74	31778	1.698015038599251e-46	9.900990099009901e-06	0.00013861386138613863
F32	F60	53	521	221	31778	6.493671395403576e-46	9.900990099009901e-06	0.0001485148514851485
F43	F60	72	1268	221	31778	1.9567116368364776e-45	9.900990099009901e-06	0.00015841584158415842
N47	N48	88	1908	247	31778	1.6217385305407356e-44	9.900990099009901e-06	0.00016831683168316833
F43	F91	82	1268	306	31778	2.7733225209530353e-44	9.900990099009901e-06	0.0001782178217821782
D69	D70	25	143	60	31778	1.064354628684288e-43	9.900990099009901e-06	0.00018811881188118812
F90	F91	58	549	306	31778	1.185107436251622e-42	9.900990099009901e-06	0.00019801980198019803
E86	A08	48	151	716	31778	1.4531636617558483e-41	9.900990099009901e-06	0.00020792079207920792
N13	N20	27	124	123	31778	3.715662752134237e-40	9.900990099009901e-06	0.00021782178217821783
K00	K01	26	47	320	31778	4.43375415530986e-40	9.900990099009901e-06	0.00022772277227722774
F12	F19	38	268	209	31778	2.313152578486445e-39	9.900990099009901e-06	0.00023762376237623762
G40	G41	31	920	44	31778	4.5279642817146666e-38	9.900990099009901e-06	0.00024752475247524753
J32	J33	25	239	60	31778	9.173576903376146e-38	9.900990099009901e-06	0.00025742574257425744
J30	J45	38	127	522	31778	3.6683878186705194e-37	9.900990099009901e-06	0.00026732673267326735
H50	H52	24	160	80	31778	1.4883660510491385e-36	9.900990099009901e-06	0.00027722772277227726
D50	K50	26	91	197	31778	2.0790041851308722e-36	9.900990099009901e-06	0.0002871287128712871
F92	F94	27	335	66	31778	2.432925241351232e-36	9.900990099009901e-06	0.000297029702970297
F43	F90	98	1268	549	31778	2.8183383043388387e-36	9.900990099009901e-06	0.00030693069306930693
H50	H53	25	160	101	31778	1.1681201214221454e-35	9.900990099009901e-06	0.00031683168316831684
F43	F92	76	1268	335	31778	1.1759838793005193e-35	9.900990099009901e-06	0.00032673267326732675
F12	F60	36	268	221	31778	1.6530633941270163e-35	9.900990099009901e-06	0.00033663366336633666
D61	D69	18	36	143	31778	1.5982213022032396e-33	9.900990099009901e-06	0.00034653465346534657
G51	A69	24	220	77	31778	1.6104435262208287e-33	9.900990099009901e-06	0.0003564356435643564
G80	G82	22	129	92	31778	2.7028540539722927e-33	9.900990099009901e-06	0.00036633663366336634
E66	E90	20	653	21	31778	2.783454524618724e-33	9.900990099009901e-06	0.00037623762376237625
H91	H93	22	108	111	31778	3.72893580931108e-33	9.900990099009901e-06	0.00038613861386138616
D61	D70	15	36	60	31778	1.1103681560581255e-32	9.900990099009901e-06	0.00039603960396039607
F12	F15	19	268	31	31778	2.650989110231702e-32	9.900990099009901e-06	0.000405940594059406
C41	D70	16	52	60	31778	2.872615507540532e-32	9.900990099009901e-06	0.00041584158415841583
F12	F23	29	268	138	31778	3.672596932507329e-32	9.900990099009901e-06	0.00042574257425742574
F90	F94	28	549	66	31778	4.16006913698883e-32	9.900990099009901e-06	0.00043564356435643565
G47	G71	19	125	59	31778	5.854755423380736e-32	9.900990099009901e-06	0.00044554455445544556
C71	D43	15	108	25	31778	1.0735735600513268e-31	9.900990099009901e-06	0.00045544554455445547
N20	N23	17	123	39	31778	1.4738078840106859e-31	9.900990099009901e-06	0.0004653465346534654
G40	G82	36	920	92	31778	2.1438709535643674e-31	9.900990099009901e-06	0.00047524752475247524
G80	M62	21	129	92	31778	2.4506393572357652e-31	9.900990099009901e-06	0.00048514851485148515
F10	F12	67	1456	268	31778	9.798262972636052e-31	9.900990099009901e-06	0.0004950495049504951
F83	F90	36	164	549	31778	3.3511487925284796e-29	9.900990099009901e-06	0.000504950495049505
F91	F92	38	306	335	31778	3.641171110842239e-29	9.900990099009901e-06	0.0005148514851485149
E73	E74	16	73	64	31778	4.6112598274956453e-29	9.900990099009901e-06	0.0005247524752475248
H52	H53	18	80	101	31778	6.694686309871742e-29	9.900990099009901e-06	0.0005346534653465347
F89	G40	29	61	920	31778	1.4342941603997262e-28	9.900990099009901e-06	0.0005445544554455446
F12	F32	42	268	521	31778	1.5531683366331523e-28	9.900990099009901e-06	0.0005544554455445545
C71	H53	19	108	101	31778	3.044512490942355e-28	9.900990099009901e-06	0.0005643564356435644
G40	J96	51	920	252	31778	3.0692685610165468e-28	9.900990099009901e-06	0.0005742574257425742
K60	K61	17	55	132	31778	6.693388732992396e-28	9.900990099009901e-06	0.0005841584158415841
D50	M81	15	91	46	31778	1.0090052799578458e-27	9.900990099009901e-06	0.000594059405940594
E66	E78	26	653	63	31778	1.4529100426785835e-27	9.900990099009901e-06	0.000603960396039604
H83	H93	15	41	111	31778	3.087944533465058e-27	9.900990099009901e-06	0.0006138613861386139
F43	F93	52	1268	213	31778	2.1998614643908183e-26	9.900990099009901e-06	0.0006237623762376238
K10	K12	14	42	93	31778	5.99713361356281e-26	9.900990099009901e-06	0.0006336633663366337
F19	F23	23	209	138	31778	8.955795938397802e-26	9.900990099009901e-06	0.0006435643564356436
G40	G80	36	920	129	31778	1.9058039385313744e-25	9.900990099009901e-06	0.0006534653465346535
C71	J96	22	108	252	31778	6.374504764700077e-25	9.900990099009901e-06	0.0006633663366336634
F80	F90	24	71	549	31778	7.56204016245248e-25	9.900990099009901e-06	0.0006732673267326733
I85	K76	11	14	126	31778	8.772771793557467e-25	9.900990099009901e-06	0.0006831683168316832
K21	K44	16	166	51	31778	8.978539586779194e-25	9.900990099009901e-06	0.0006930693069306931
F12	F43	56	268	1268	31778	1.1155819699016743e-24	9.900990099009901e-06	0.0007029702970297029
K50	M81	16	197	46	31778	2.155348005681327e-24	9.900990099009901e-06	0.0007128712871287129
F84	G40	39	168	920	31778	3.2954792744091542e-24	9.900990099009901e-06	0.0007227722772277228
D50	K51	16	91	97	31778	3.349309446101318e-24	9.900990099009901e-06	0.0007326732673267327
I40	I51	14	83	61	31778	4.4182769454314974e-24	9.900990099009901e-06	0.0007425742574257426
C71	D33	12	108	25	31778	6.329459284499117e-24	9.900990099009901e-06	0.0007524752475247525
B98	K29	15	20	486	31778	6.828898693824433e-24	9.900990099009901e-06	0.0007623762376237624
F12	F13	17	268	48	31778	1.11145057283905e-23	9.900990099009901e-06	0.0007722772277227723
E66	E79	21	653	46	31778	1.1577347004201349e-23	9.900990099009901e-06	0.0007821782178217822
K29	K44	20	486	51	31778	1.6623536113849315e-23	9.900990099009901e-06	0.0007920792079207921
J34	J35	108	677	1756	31778	1.909083947830931e-23	9.900990099009901e-06	0.000801980198019802
E23	E34	16	54	190	31778	2.4235518833161818e-23	9.900990099009901e-06	0.000811881188118812
K35	K65	30	2516	44	31778	2.9489588187253006e-23	9.900990099009901e-06	0.0008217821782178219
E30	M81	11	41	46	31778	4.8993710010154767e-23	9.900990099009901e-06	0.0008316831683168317
F82	F90	21	56	549	31778	5.094925652655564e-23	9.900990099009901e-06	0.0008415841584158416
J45	L20	24	522	88	31778	7.836688189278083e-23	9.900990099009901e-06	0.0008514851485148515
H05	J01	13	28	176	31778	1.0236083648054958e-22	9.900990099009901e-06	0.0008613861386138614
F81	F92	23	118	335	31778	1.118140927429561e-22	9.900990099009901e-06	0.0008712871287128713
F11	F13	10	27	48	31778	1.8743680438492507e-22	9.900990099009901e-06	0.0008811881188118812
N13	N23	13	124	39	31778	1.8968243968074954e-22	9.900990099009901e-06	0.0008910891089108911
G71	M41	14	59	111	31778	2.0071121895603782e-22	9.900990099009901e-06	0.000900990099009901
C71	C79	10	108	15	31778	3.9676781249116975e-22	9.900990099009901e-06	0.0009108910891089109
G80	M21	26	129	480	31778	6.868583343061586e-22	9.900990099009901e-06	0.0009207920792079209
F43	F44	30	1268	81	31778	1.5231032224793088e-21	9.900990099009901e-06	0.0009306930693069308
G41	J96	15	44	252	31778	3.794574154867051e-21	9.900990099009901e-06	0.0009405940594059407
F19	F60	23	209	221	31778	6.036520081649272e-21	9.900990099009901e-06	0.0009504950495049505
A69	M01	8	77	9	31778	7.334702915568512e-21	9.900990099009901e-06	0.0009603960396039604
I88	A09	50	268	1206	31778	7.667702949766849e-21	9.900990099009901e-06	0.0009702970297029703
C71	E89	9	108	12	31778	9.380181707244349e-21	9.900990099009901e-06	0.0009801980198019802
G82	M62	14	92	92	31778	1.0833969837919077e-20	9.900990099009901e-06	0.0009900990099009901
C41	D61	10	52	36	31778	1.348621144538548e-20	9.900990099009901e-06	0.001
F81	F82	13	118	56	31778	2.1336265589639e-20	9.900990099009901e-06	0.00100990099009901
F32	F90	47	521	549	31778	2.583242057884748e-20	9.900990099009901e-06	0.0010198019801980198
I85	K74	7	14	19	31778	2.6588943615273433e-20	9.900990099009901e-06	0.0010297029702970298
F43	F81	34	1268	118	31778	3.338771932243143e-20	9.900990099009901e-06	0.0010396039603960397
N47	L90	37	1908	100	31778	3.7740729433223475e-20	9.900990099009901e-06	0.0010495049504950496
M51	M54	16	61	265	31778	5.0265069443840515e-20	9.900990099009901e-06	0.0010594059405940595
F70	F90	24	108	549	31778	5.084056672539434e-20	9.900990099009901e-06	0.0010693069306930694
M24	M65	16	160	98	31778	5.261432261714125e-20	9.900990099009901e-06	0.0010792079207920793
G55	M51	7	7	61	31778	6.72338149069335e-20	9.900990099009901e-06	0.0010891089108910892
E30	J96	14	41	252	31778	7.872681839575481e-20	9.900990099009901e-06	0.0010990099009900991
C71	G91	12	108	49	31778	1.0501302971330559e-19	9.900990099009901e-06	0.001108910891089109
N45	N50	19	214	139	31778	1.4114067525056446e-19	9.900990099009901e-06	0.001118811881188119
C41	C78	8	52	15	31778	1.8630427577420954e-19	9.900990099009901e-06	0.0011287128712871288
E30	K50	13	41	197	31778	2.0239207546510325e-19	9.900990099009901e-06	0.0011386138613861388
C79	H91	9	15	108	31778	2.1160865262349564e-19	9.900990099009901e-06	0.0011485148514851485
F81	F91	20	118	306	31778	2.1993995973787855e-19	9.900990099009901e-06	0.0011584158415841584
F12	F61	15	268	53	31778	2.45729720354693e-19	9.900990099009901e-06	0.0011683168316831683
B27	J03	36	283	605	31778	2.548944650835289e-19	9.900990099009901e-06	0.0011782178217821782
K50	K61	18	197	132	31778	3.075604973392111e-19	9.900990099009901e-06	0.001188118811881188
F80	F82	11	71	56	31778	4.2254310405714317e-19	9.900990099009901e-06	0.001198019801980198
M22	M25	19	126	251	31778	4.264503192924467e-19	9.900990099009901e-06	0.001207920792079208
J43	J93	9	12	166	31778	5.047851108713841e-19	9.900990099009901e-06	0.0012178217821782178
J96	M81	14	252	46	31778	5.174120843022504e-19	9.900990099009901e-06	0.0012277227722772277
J96	K50	22	252	197	31778	5.581697625441327e-19	9.900990099009901e-06	0.0012376237623762376
F80	F81	13	71	118	31778	6.263952678141864e-19	9.900990099009901e-06	0.0012475247524752475
D64	J96	16	75	252	31778	8.530333555696424e-19	9.900990099009901e-06	0.0012574257425742575
F83	F84	18	164	168	31778	9.228285936960686e-19	9.900990099009901e-06	0.0012673267326732674
I42	I50	8	39	23	31778	1.1554586744353019e-18	9.900990099009901e-06	0.0012772277227722773
C71	H91	14	108	108	31778	1.2288728143357561e-18	9.900990099009901e-06	0.0012871287128712872
F20	F23	14	86	138	31778	1.500648677016111e-18	9.900990099009901e-06	0.001297029702970297
E78	E79	10	63	46	31778	1.706853518945063e-18	9.900990099009901e-06	0.001306930693069307
K02	K04	13	151	61	31778	2.006123408960894e-18	9.900990099009901e-06	0.001316831683168317
G40	G81	20	920	50	31778	2.9005685929839314e-18	9.900990099009901e-06	0.0013267326732673268
F90	F92	36	549	335	31778	2.933326061106039e-18	9.900990099009901e-06	0.0013366336633663367
F32	F40	20	521	82	31778	3.325704967900587e-18	9.900990099009901e-06	0.0013465346534653466
M08	M13	10	42	74	31778	3.4494129935183357e-18	9.900990099009901e-06	0.0013564356435643566
C71	G40	27	108	920	31778	4.542616930885434e-18	9.900990099009901e-06	0.0013663366336633665
F13	F19	13	48	209	31778	4.6554825174032966e-18	9.900990099009901e-06	0.0013762376237623764
F41	F45	22	237	233	31778	5.679047719155068e-18	9.900990099009901e-06	0.0013861386138613863
N18	D64	10	47	75	31778	1.3863542070487159e-17	9.900990099009901e-06	0.001396039603960396
F70	F83	15	108	164	31778	1.4784242211959736e-17	9.900990099009901e-06	0.0014059405940594059
F32	F33	21	521	101	31778	1.658054068257541e-17	9.900990099009901e-06	0.0014158415841584158
C40	D48	10	30	127	31778	2.0330956302726602e-17	9.900990099009901e-06	0.0014257425742574257
E23	E89	7	54	12	31778	2.1476528638649706e-17	9.900990099009901e-06	0.0014356435643564356
F90	F98	25	549	153	31778	2.165059121658573e-17	9.900990099009901e-06	0.0014455445544554455
D50	E30	10	91	41	31778	2.3201209546556577e-17	9.900990099009901e-06	0.0014554455445544554
D50	J96	16	91	252	31778	2.322544072209619e-17	9.900990099009901e-06	0.0014653465346534653
C62	D40	7	25	24	31778	2.5424408441070345e-17	9.900990099009901e-06	0.0014752475247524753
C71	E23	11	108	54	31778	3.5073320226202607e-17	9.900990099009901e-06	0.0014851485148514852
K50	K51	15	197	97	31778	4.4349784690155106e-17	9.900990099009901e-06	0.001495049504950495
F15	F19	11	31	209	31778	5.763618206174976e-17	9.900990099009901e-06	0.001504950495049505
F70	F92	18	108	335	31778	9.66383843585965e-17	9.900990099009901e-06	0.001514851485148515
C41	D48	11	52	127	31778	1.403030661934949e-16	9.900990099009901e-06	0.0015247524752475248
F11	F12	11	27	268	31778	1.4455081330410846e-16	9.900990099009901e-06	0.0015346534653465347
K02	K05	9	151	20	31778	1.5579602351358905e-16	9.900990099009901e-06	0.0015445544554455446
F43	F70	29	1268	108	31778	1.5836887144451555e-16	9.900990099009901e-06	0.0015544554455445545
M23	M25	30	558	251	31778	1.6582101615722006e-16	9.900990099009901e-06	0.0015643564356435644
F43	F61	21	1268	53	31778	3.336863269018324e-16	9.900990099009901e-06	0.0015742574257425744
M22	M23	22	126	558	31778	5.979997992342612e-16	9.900990099009901e-06	0.0015841584158415843
F12	F20	15	268	86	31778	6.687641755316747e-16	9.900990099009901e-06	0.0015940594059405942
F19	F43	39	209	1268	31778	7.626037779736234e-16	9.900990099009901e-06	0.001603960396039604
K50	K60	12	197	55	31778	7.981835788414018e-16	9.900990099009901e-06	0.001613861386138614
K75	K83	6	22	18	31778	9.63859974706917e-16	9.900990099009901e-06	0.001623762376237624
F80	F98	12	71	153	31778	1.0035692147909002e-15	9.900990099009901e-06	0.0016336633663366338
E84	K74	7	53	19	31778	1.178897184383008e-15	9.900990099009901e-06	0.0016435643564356437
H65	H66	19	326	148	31778	1.2289854616204243e-15	9.900990099009901e-06	0.0016534653465346534
C40	C78	6	30	15	31778	2.0666761841666945e-15	9.900990099009901e-06	0.0016633663366336633
F41	F43	41	237	1268	31778	2.164465617318394e-15	9.900990099009901e-06	0.0016732673267326732
F91	F93	21	306	213	31778	2.4003530654372852e-15	9.900990099009901e-06	0.0016831683168316831
N04	J96	10	25	252	31778	2.4206432871112486e-15	9.900990099009901e-06	0.001693069306930693
F12	F17	19	268	186	31778	2.469060509470442e-15	9.900990099009901e-06	0.001702970297029703
C71	H49	8	108	21	31778	2.6803419393157998e-15	9.900990099009901e-06	0.0017128712871287129
F83	F98	15	164	153	31778	3.069962593615172e-15	9.900990099009901e-06	0.0017227722772277228
E10	E13	11	461	22	31778	3.250075987540604e-15	9.900990099009901e-06	0.0017326732673267327
F84	K02	15	168	151	31778	3.614477308358827e-15	9.900990099009901e-06	0.0017425742574257426
F10	F60	42	1456	221	31778	3.663213878938908e-15	9.900990099009901e-06	0.0017524752475247525
N31	N39	10	41	150	31778	4.0062223525164925e-15	9.900990099009901e-06	0.0017623762376237624
F43	F63	21	1268	59	31778	4.332465249755003e-15	9.900990099009901e-06	0.0017722772277227723
F43	F94	22	1268	66	31778	4.739283450385709e-15	9.900990099009901e-06	0.0017821782178217822
K51	K52	19	97	549	31778	4.7855365647277695e-15	9.900990099009901e-06	0.0017920792079207922
C41	C49	7	52	23	31778	4.955234884891443e-15	9.900990099009901e-06	0.001801980198019802
M23	M65	19	558	98	31778	7.82776104122353e-15	9.900990099009901e-06	0.001811881188118812
C91	C95	6	72	9	31778	9.131134431732935e-15	9.900990099009901e-06	0.0018217821782178219
J18	J90	12	366	38	31778	9.415967395634147e-15	9.900990099009901e-06	0.0018316831683168318
E84	J96	12	53	252	31778	9.511534570761292e-15	9.900990099009901e-06	0.0018415841584158417
M23	M67	27	558	231	31778	9.576437854409334e-15	9.900990099009901e-06	0.0018514851485148516
F12	F14	8	268	12	31778	1.1080729498451725e-14	9.900990099009901e-06	0.0018613861386138615
K42	K43	8	75	34	31778	1.1320606528360437e-14	9.900990099009901e-06	0.0018712871287128714
F71	F84	9	28	168	31778	1.6462648779544234e-14	9.900990099009901e-06	0.0018811881188118813
N18	I10	11	47	222	31778	2.1058429952035013e-14	9.900990099009901e-06	0.0018910891089108913
F84	F90	23	168	549	31778	2.179563483346803e-14	9.900990099009901e-06	0.001900990099009901
K01	K09	12	320	46	31778	2.5344819607714087e-14	9.900990099009901e-06	0.0019108910891089109
K02	K12	12	151	93	31778	2.5442909619728635e-14	9.900990099009901e-06	0.0019207920792079208
E87	J96	15	116	252	31778	2.740670673689399e-14	9.900990099009901e-06	0.0019306930693069307
C71	G51	14	108	220	31778	3.01576642599142e-14	9.900990099009901e-06	0.0019405940594059406
C41	D69	10	52	143	31778	3.330959699002647e-14	9.900990099009901e-06	0.0019504950495049505
D50	E63	6	91	9	31778	3.8896289363119114e-14	9.900990099009901e-06	0.0019603960396039604
F70	F71	8	108	28	31778	4.0144502715519444e-14	9.900990099009901e-06	0.0019702970297029703
E66	E88	14	653	41	31778	4.408182815973609e-14	9.900990099009901e-06	0.0019801980198019802
G93	H47	7	73	23	31778	5.979266359540539e-14	9.900990099009901e-06	0.00199009900990099
K21	K22	10	166	49	31778	7.931875818973925e-14	9.900990099009901e-06	0.002
F11	F19	9	27	209	31778	8.19029388730175e-14	9.900990099009901e-06	0.00200990099009901
N18	J96	11	47	252	31778	8.482878103519038e-14	9.900990099009901e-06	0.00201980198019802
F10	F43	119	1456	1268	31778	9.019349833474619e-14	9.900990099009901e-06	0.0020297029702970298
E06	E10	11	28	461	31778	9.148010576355757e-14	9.900990099009901e-06	0.0020396039603960397
F80	F83	11	71	164	31778	9.656627111414342e-14	9.900990099009901e-06	0.0020495049504950496
N44	N50	18	385	139	31778	1.0397673599370867e-13	9.900990099009901e-06	0.0020594059405940595
J45	J46	10	522	19	31778	1.0623923451119269e-13	9.900990099009901e-06	0.0020693069306930694
C40	D70	7	30	60	31778	1.171642516445398e-13	9.900990099009901e-06	0.0020792079207920793
F33	F40	10	101	82	31778	1.1787196513607424e-13	9.900990099009901e-06	0.0020891089108910892
F33	F43	25	101	1268	31778	1.475526972789541e-13	9.900990099009901e-06	0.002099009900990099
F11	F15	6	27	31	31778	1.503052400641602e-13	9.900990099009901e-06	0.002108910891089109
F83	G80	13	164	129	31778	1.5970012898438678e-13	9.900990099009901e-06	0.002118811881188119
K04	K12	9	61	93	31778	1.6199410731920788e-13	9.900990099009901e-06	0.002128712871287129
J96	K86	10	252	36	31778	1.7439029519173304e-13	9.900990099009901e-06	0.0021386138613861388
C83	A41	6	16	57	31778	2.0048820409351678e-13	9.900990099009901e-06	0.0021485148514851487
H66	H71	10	148	60	31778	2.1798250591189798e-13	9.900990099009901e-06	0.0021584158415841586
F82	F94	8	56	66	31778	2.928531387881392e-13	9.900990099009901e-06	0.0021683168316831685
F82	F83	10	56	164	31778	2.948289463967081e-13	9.900990099009901e-06	0.0021782178217821784
F33	F60	13	101	221	31778	2.971301814718298e-13	9.900990099009901e-06	0.0021881188118811883
K29	K92	19	486	137	31778	3.775345781636393e-13	9.900990099009901e-06	0.0021980198019801982
E84	J15	10	53	182	31778	4.662933138346389e-13	9.900990099009901e-06	0.002207920792079208
F90	F93	24	549	213	31778	4.689917170411151e-13	9.900990099009901e-06	0.002217821782178218
J15	J20	15	182	194	31778	4.875875368175659e-13	9.900990099009901e-06	0.002227722772277228
F90	F95	15	549	68	31778	5.767854477129825e-13	9.900990099009901e-06	0.002237623762376238
H71	H90	8	60	67	31778	5.942703546948985e-13	9.900990099009901e-06	0.002247524752475248
K74	K76	7	19	126	31778	6.303128873976542e-13	9.900990099009901e-06	0.0022574257425742577
C91	A41	8	72	57	31778	7.029463633723631e-13	9.900990099009901e-06	0.0022673267326732676
H66	H72	9	148	46	31778	7.667768875300483e-13	9.900990099009901e-06	0.0022772277227722775
J15	J90	9	182	38	31778	7.67505317059501e-13	9.900990099009901e-06	0.002287128712871287
N13	N39	12	124	150	31778	7.922849848934471e-13	9.900990099009901e-06	0.002297029702970297
H53	H55	6	101	12	31778	8.065972965385709e-13	9.900990099009901e-06	0.002306930693069307
G82	J69	6	92	13	31778	8.421037206016251e-13	9.900990099009901e-06	0.0023168316831683167
A15	A16	6	43	26	31778	9.623706363481494e-13	9.900990099009901e-06	0.0023267326732673266
J18	J20	19	366	194	31778	1.432402341434136e-12	9.900990099009901e-06	0.0023366336633663365
K50	K63	10	197	55	31778	1.529166566428885e-12	9.900990099009901e-06	0.0023465346534653465
F91	F94	12	306	66	31778	1.5859896129276166e-12	9.900990099009901e-06	0.0023564356435643564
F12	F90	26	268	549	31778	1.6479723211847054e-12	9.900990099009901e-06	0.0023663366336633663
F83	G82	11	164	92	31778	1.847321553696564e-12	9.900990099009901e-06	0.002376237623762376
F17	F19	15	186	209	31778	1.9771120531214034e-12	9.900990099009901e-06	0.002386138613861386
G40	G93	18	920	73	31778	2.1331800354243236e-12	9.900990099009901e-06	0.002396039603960396
F11	F17	8	27	186	31778	2.3899135738340343e-12	9.900990099009901e-06	0.002405940594059406
F32	F61	13	521	53	31778	2.46667186654907e-12	9.900990099009901e-06	0.002415841584158416
F70	F80	9	108	71	31778	2.6904687987209943e-12	9.900990099009901e-06	0.0024257425742574257
G80	M24	12	129	160	31778	2.7530678935059493e-12	9.900990099009901e-06	0.0024356435643564356
N18	I15	6	47	28	31778	2.7615410366326694e-12	9.900990099009901e-06	0.0024455445544554455
F81	F94	9	118	66	31778	3.050062449431777e-12	9.900990099009901e-06	0.0024554455445544555
E86	A09	28	151	1206	31778	3.2137375622374612e-12	9.900990099009901e-06	0.0024653465346534654
F89	G80	9	61	129	31778	3.2727341003734033e-12	9.900990099009901e-06	0.0024752475247524753
K02	K08	9	151	53	31778	3.5988385090806914e-12	9.900990099009901e-06	0.002485148514851485
E03	E23	8	93	54	31778	3.6853403954223736e-12	9.900990099009901e-06	0.002495049504950495
H65	H90	12	326	67	31778	4.019390662445916e-12	9.900990099009901e-06	0.002504950495049505
M21	M96	9	480	20	31778	5.5058753519651744e-12	9.900990099009901e-06	0.002514851485148515
M21	M84	16	480	106	31778	6.078761665968338e-12	9.900990099009901e-06	0.002524752475247525
J01	J32	15	176	239	31778	6.1163315795673385e-12	9.900990099009901e-06	0.0025346534653465347
F19	F32	22	209	521	31778	6.263741850400429e-12	9.900990099009901e-06	0.0025445544554455446
C71	G81	8	108	50	31778	6.51992316477439e-12	9.900990099009901e-06	0.0025544554455445546
C71	G62	6	108	15	31778	6.535124026152456e-12	9.900990099009901e-06	0.0025643564356435645
F10	F19	36	1456	209	31778	6.91228437695596e-12	9.900990099009901e-06	0.0025742574257425744
D16	D48	12	176	127	31778	7.061533397602587e-12	9.900990099009901e-06	0.0025841584158415843
M16	M87	6	18	89	31778	7.345552301122027e-12	9.900990099009901e-06	0.002594059405940594
D50	K92	10	91	137	31778	7.59310551877143e-12	9.900990099009901e-06	0.002603960396039604
E86	E87	11	151	116	31778	9.885149129376149e-12	9.900990099009901e-06	0.002613861386138614
F60	F63	10	221	59	31778	1.0066747026390485e-11	9.900990099009901e-06	0.002623762376237624
J03	J36	24	605	224	31778	1.0800827992209173e-11	9.900990099009901e-06	0.002633663366336634
I10	I15	8	222	28	31778	1.3776759185377841e-11	9.900990099009901e-06	0.0026435643564356437
F32	F92	27	521	335	31778	1.4167958228997749e-11	9.900990099009901e-06	0.0026534653465346537
K51	K92	10	97	137	31778	1.4537550301208026e-11	9.900990099009901e-06	0.0026633663366336636
F70	F82	8	108	56	31778	1.6963179019950503e-11	9.900990099009901e-06	0.0026732673267326735
D50	E61	6	91	20	31778	1.7500363484358465e-11	9.900990099009901e-06	0.0026831683168316834
E63	J96	6	9	252	31778	1.9293572774235363e-11	9.900990099009901e-06	0.0026930693069306933
E86	J96	14	151	252	31778	2.038408315592368e-11	9.900990099009901e-06	0.002702970297029703
H65	H70	8	326	21	31778	2.0400073093263272e-11	9.900990099009901e-06	0.002712871287128713
E78	I10	10	63	222	31778	2.089921793605543e-11	9.900990099009901e-06	0.002722772277227723
G47	M41	10	125	111	31778	2.2674761740110744e-11	9.900990099009901e-06	0.002732673267326733
A41	J96	10	57	252	31778	2.5607846259180637e-11	9.900990099009901e-06	0.002742574257425743
C71	D70	8	108	60	31778	3.021400216537689e-11	9.900990099009901e-06	0.0027524752475247528
F31	F60	9	47	221	31778	3.501422821913995e-11	9.900990099009901e-06	0.0027623762376237627
G71	J96	10	59	252	31778	3.6744176271666354e-11	9.900990099009901e-06	0.0027722772277227726
K60	K62	6	55	36	31778	3.7960300776051606e-11	9.900990099009901e-06	0.0027821782178217825
M23	M94	10	558	29	31778	3.818103135478476e-11	9.900990099009901e-06	0.002792079207920792
K51	K85	8	97	69	31778	4.027698893995302e-11	9.900990099009901e-06	0.002801980198019802
F70	F91	13	108	306	31778	4.311730261148709e-11	9.900990099009901e-06	0.0028118811881188118
G44	J01	14	229	176	31778	4.502665071534746e-11	9.900990099009901e-06	0.0028217821782178217
D64	I15	6	75	28	31778	5.09321756209932e-11	9.900990099009901e-06	0.0028316831683168316
N20	E72	6	123	18	31778	5.3125794750434127e-11	9.900990099009901e-06	0.0028415841584158415
D64	D69	9	75	143	31778	5.7253942676640614e-11	9.900990099009901e-06	0.0028514851485148514
F83	J96	14	164	252	31778	6.220790446705506e-11	9.900990099009901e-06	0.0028613861386138613
F83	G41	8	164	44	31778	6.412135301136998e-11	9.900990099009901e-06	0.0028712871287128712
M23	M24	19	558	160	31778	6.746607898213467e-11	9.900990099009901e-06	0.002881188118811881
G40	G91	14	920	49	31778	6.939778739083578e-11	9.900990099009901e-06	0.002891089108910891
F43	F45	34	1268	233	31778	6.969969723186332e-11	9.900990099009901e-06	0.002900990099009901
F23	F25	6	138	17	31778	7.151813966834477e-11	9.900990099009901e-06	0.002910891089108911
M00	M13	6	30	74	31778	7.362475040047712e-11	9.900990099009901e-06	0.002920792079207921
F92	F98	15	335	153	31778	9.6526978880634e-11	9.900990099009901e-06	0.0029306930693069307
I10	K76	12	222	126	31778	9.697979531594546e-11	9.900990099009901e-06	0.0029405940594059406
D64	D70	7	75	60	31778	1.0696211277286486e-10	9.900990099009901e-06	0.0029504950495049505
E78	F17	9	63	186	31778	1.196572543536063e-10	9.900990099009901e-06	0.0029603960396039604
K85	K86	6	69	36	31778	1.5520228804786857e-10	9.900990099009901e-06	0.0029702970297029703
F12	F91	18	268	306	31778	1.5658087889248034e-10	9.900990099009901e-06	0.0029801980198019802
E78	K76	8	63	126	31778	1.573710026161413e-10	9.900990099009901e-06	0.00299009900990099
N44	N45	18	385	214	31778	1.6290355309169685e-10	9.900990099009901e-06	0.003
G91	J96	9	49	252	31778	1.6749455117577733e-10	9.900990099009901e-06	0.00300990099009901
J35	J36	39	1756	224	31778	1.791420562287167e-10	9.900990099009901e-06	0.00301980198019802
M00	M86	6	30	87	31778	1.990117276330732e-10	9.900990099009901e-06	0.00302970297029703
M89	M93	10	83	210	31778	2.0475229378288666e-10	9.900990099009901e-06	0.0030396039603960397
J96	K72	6	252	12	31778	2.0803372375615215e-10	9.900990099009901e-06	0.0030495049504950496
N13	N31	7	124	41	31778	2.337107805005056e-10	9.900990099009901e-06	0.0030594059405940595
F63	F91	10	59	306	31778	2.4510314204550137e-10	9.900990099009901e-06	0.0030693069306930694
F60	F92	17	221	335	31778	2.5120609168929255e-10	9.900990099009901e-06	0.0030792079207920793
K50	K52	20	197	549	31778	2.760792105618155e-10	9.900990099009901e-06	0.0030891089108910893
F81	F98	10	118	153	31778	3.1069750175097804e-10	9.900990099009901e-06	0.003099009900990099
F32	F42	13	521	76	31778	3.176664902039278e-10	9.900990099009901e-06	0.003108910891089109
F32	F91	24	521	306	31778	3.394815716277837e-10	9.900990099009901e-06	0.003118811881188119
F82	F92	10	56	335	31778	3.4354483013224513e-10	9.900990099009901e-06	0.003128712871287129
F42	F50	7	76	70	31778	3.5827609675584885e-10	9.900990099009901e-06	0.003138613861386139
M13	M25	10	74	251	31778	3.642715312250583e-10	9.900990099009901e-06	0.0031485148514851487
M87	M93	10	89	210	31778	4.135856850246066e-10	9.900990099009901e-06	0.0031584158415841586
K61	L02	13	132	299	31778	4.138045057607895e-10	9.900990099009901e-06	0.0031683168316831685
F43	F98	26	1268	153	31778	4.192566962481058e-10	9.900990099009901e-06	0.0031782178217821784
F32	F41	21	521	237	31778	4.7816287786044e-10	9.900990099009901e-06	0.0031881188118811883
M24	M25	13	160	251	31778	5.349265491353213e-10	9.900990099009901e-06	0.0031980198019801983
J90	J96	8	38	252	31778	5.571841986778983e-10	9.900990099009901e-06	0.003207920792079208
E79	K76	7	46	126	31778	6.127928403977147e-10	9.900990099009901e-06	0.003217821782178218
F17	F60	13	186	221	31778	7.231307136019057e-10	9.900990099009901e-06	0.003227722772277228
E03	E66	15	93	653	31778	7.462582994200315e-10	9.900990099009901e-06	0.003237623762376238
E66	G47	17	653	125	31778	8.624494897045474e-10	9.900990099009901e-06	0.003247524752475248
F83	F89	8	164	61	31778	9.891516087314935e-10	9.900990099009901e-06	0.0032574257425742577
F32	F81	15	521	118	31778	1.0476255272986864e-09	9.900990099009901e-06	0.0032673267326732676
C71	E03	8	108	93	31778	1.0964590876203034e-09	9.900990099009901e-06	0.0032772277227722775
F84	F89	8	168	61	31778	1.1973609193631866e-09	9.900990099009901e-06	0.0032871287128712874
F23	F43	24	138	1268	31778	1.2043305952126435e-09	9.900990099009901e-06	0.003297029702970297
G82	M41	8	92	111	31778	1.2515918631003052e-09	9.900990099009901e-06	0.003306930693069307
I31	I40	6	42	83	31778	1.2851164103595818e-09	9.900990099009901e-06	0.0033168316831683167
E14	E16	6	74	48	31778	1.4721469127896151e-09	9.900990099009901e-06	0.0033267326732673267
G91	G93	6	49	73	31778	1.5405049521276886e-09	9.900990099009901e-06	0.0033366336633663366
F84	G82	9	168	92	31778	1.5514842175056307e-09	9.900990099009901e-06	0.0033465346534653465
E10	E87	14	461	116	31778	1.5822672534092101e-09	9.900990099009901e-06	0.0033564356435643564
F80	F91	10	71	306	31778	1.6269177068717993e-09	9.900990099009901e-06	0.0033663366336633663
F12	F63	9	268	59	31778	1.6408102770930769e-09	9.900990099009901e-06	0.003376237623762376
E84	K76	7	53	126	31778	1.7247032452227593e-09	9.900990099009901e-06	0.003386138613861386
H65	H74	8	326	35	31778	2.0824302703728123e-09	9.900990099009901e-06	0.003396039603960396
J30	L20	8	127	88	31778	2.560686661824209e-09	9.900990099009901e-06	0.003405940594059406
J06	J45	28	453	522	31778	2.7391018490746036e-09	9.900990099009901e-06	0.003415841584158416
K01	K08	9	320	53	31778	2.858204937809857e-09	9.900990099009901e-06	0.0034257425742574257
H90	H91	7	67	108	31778	3.162063192808116e-09	9.900990099009901e-06	0.0034356435643564357
F89	F94	6	61	66	31778	3.2281068816585117e-09	9.900990099009901e-06	0.0034455445544554456
N13	N28	6	124	34	31778	3.842246101972426e-09	9.900990099009901e-06	0.0034554455445544555
N43	K40	14	139	410	31778	3.858717822506733e-09	9.900990099009901e-06	0.0034653465346534654
H81	H91	7	69	108	31778	3.90112687800127e-09	9.900990099009901e-06	0.0034752475247524753
F15	F23	6	31	138	31778	4.047688218347584e-09	9.900990099009901e-06	0.003485148514851485
C40	D69	6	30	143	31778	4.058453009804244e-09	9.900990099009901e-06	0.003495049504950495
J33	J34	12	60	677	31778	4.36433931644086e-09	9.900990099009901e-06	0.003504950495049505
F60	F70	10	221	108	31778	4.613612007673937e-09	9.900990099009901e-06	0.003514851485148515
E30	E34	7	41	190	31778	4.628172556915417e-09	9.900990099009901e-06	0.003524752475247525
F41	F42	9	237	76	31778	5.658682996421892e-09	9.900990099009901e-06	0.0035346534653465348
F19	F20	9	209	86	31778	5.749891408724898e-09	9.900990099009901e-06	0.0035445544554455447
C71	G93	7	108	73	31778	5.826266809290518e-09	9.900990099009901e-06	0.0035544554455445546
J96	K74	6	252	19	31778	5.830708251562328e-09	9.900990099009901e-06	0.0035643564356435645
D16	M85	8	176	72	31778	6.677441646484309e-09	9.900990099009901e-06	0.0035742574257425744
D69	A41	7	143	57	31778	7.059985330882808e-09	9.900990099009901e-06	0.0035841584158415843
F45	F93	13	233	213	31778	7.133779949749012e-09	9.900990099009901e-06	0.003594059405940594
K56	K65	7	188	44	31778	7.22156782102837e-09	9.900990099009901e-06	0.003603960396039604
F93	F98	11	213	153	31778	7.690717105601197e-09	9.900990099009901e-06	0.003613861386138614
F80	F94	6	71	66	31778	8.19264866368068e-09	9.900990099009901e-06	0.003623762376237624
C71	G41	6	108	44	31778	8.509727621508028e-09	9.900990099009901e-06	0.003633663366336634
D22	D23	7	128	66	31778	9.318267416193518e-09	9.900990099009901e-06	0.0036435643564356438
F92	F93	15	335	213	31778	9.593657805358552e-09	9.900990099009901e-06	0.0036534653465346537
E14	E87	7	74	116	31778	1.057359643219356e-08	9.900990099009901e-06	0.0036633663366336636
G91	H53	6	49	101	31778	1.1101989268181605e-08	9.900990099009901e-06	0.0036732673267326735
F63	F92	9	59	335	31778	1.1421735715909593e-08	9.900990099009901e-06	0.0036831683168316834
H18	H52	6	62	80	31778	1.1554104701965097e-08	9.900990099009901e-06	0.0036930693069306933
K56	K59	18	188	582	31778	1.3502154793073175e-08	9.900990099009901e-06	0.0037029702970297032
F32	F93	18	521	213	31778	1.7513195698519377e-08	9.900990099009901e-06	0.003712871287128713
K51	K63	6	97	55	31778	1.7765486451572246e-08	9.900990099009901e-06	0.003722772277227723
F33	F61	6	101	53	31778	1.804042173457917e-08	9.900990099009901e-06	0.003732673267326733
N35	N47	18	63	1908	31778	1.8288373371238713e-08	9.900990099009901e-06	0.003742574257425743
H65	H92	6	326	18	31778	1.862855250550565e-08	9.900990099009901e-06	0.0037524752475247528
N18	E87	6	47	116	31778	1.9731025282871686e-08	9.900990099009901e-06	0.0037623762376237627
I50	J96	6	23	252	31778	2.1124410639768355e-08	9.900990099009901e-06	0.0037722772277227726
D64	K50	8	75	197	31778	2.2368726794372077e-08	9.900990099009901e-06	0.0037821782178217825
G82	M24	8	92	160	31778	2.252512140972811e-08	9.900990099009901e-06	0.0037920792079207924
L05	L68	6	708	10	31778	2.3304684597453294e-08	9.900990099009901e-06	0.003801980198019802
F89	G82	6	61	92	31778	2.4375304883040257e-08	9.900990099009901e-06	0.003811881188118812
D70	J96	8	60	252	31778	2.5082641973539374e-08	9.900990099009901e-06	0.0038217821782178217
K26	K29	7	22	486	31778	2.6208647526776718e-08	9.900990099009901e-06	0.0038316831683168316
J20	J45	17	194	522	31778	2.624390753879407e-08	9.900990099009901e-06	0.0038415841584158415
H66	H90	7	148	67	31778	2.836288183356138e-08	9.900990099009901e-06	0.0038514851485148514
E10	K90	11	461	83	31778	3.358116607021755e-08	9.900990099009901e-06	0.0038613861386138613
K20	K29	6	14	486	31778	3.358291147466102e-08	9.900990099009901e-06	0.0038712871287128713
M41	M43	6	111	54	31778	3.570167010123292e-08	9.900990099009901e-06	0.003881188118811881
F79	G40	10	35	920	31778	3.749306497320394e-08	9.900990099009901e-06	0.003891089108910891
E34	K90	8	190	83	31778	3.7883880886382576e-08	9.900990099009901e-06	0.003900990099009901
D70	H53	6	60	101	31778	3.8641669391555194e-08	9.900990099009901e-06	0.003910891089108911
F13	F60	7	48	221	31778	4.1343358871896815e-08	9.900990099009901e-06	0.003920792079207921
K02	K10	6	151	42	31778	4.744849267866831e-08	9.900990099009901e-06	0.003930693069306931
M85	M86	6	72	87	31778	4.777232955775507e-08	9.900990099009901e-06	0.003940594059405941
G80	G91	6	129	49	31778	4.823492754502097e-08	9.900990099009901e-06	0.0039504950495049505
F31	F32	9	47	521	31778	6.25943305173875e-08	9.900990099009901e-06	0.0039603960396039604
F33	F41	9	101	237	31778	7.057738106157828e-08	9.900990099009901e-06	0.00397029702970297
C91	K12	6	72	93	31778	7.134377714233902e-08	9.900990099009901e-06	0.00398019801980198
E03	G40	15	93	920	31778	7.164983677169672e-08	9.900990099009901e-06	0.00399009900990099
J18	J44	8	366	48	31778	7.243920974842395e-08	9.900990099009901e-06	0.004
G82	G93	6	92	73	31778	7.267857699330369e-08	9.900990099009901e-06	0.00400990099009901
F41	F93	12	237	213	31778	7.955714670070173e-08	9.900990099009901e-06	0.00401980198019802
F60	F61	7	221	53	31778	8.40392962960965e-08	9.900990099009901e-06	0.00402970297029703
F17	F32	16	186	521	31778	8.48751634058016e-08	9.900990099009901e-06	0.00403960396039604
F17	J45	16	186	522	31778	8.711583747445518e-08	9.900990099009901e-06	0.00404950495049505
K44	K92	6	51	137	31778	8.829815027031708e-08	9.900990099009901e-06	0.0040594059405940595
F32	F44	11	521	81	31778	8.92513142937108e-08	9.900990099009901e-06	0.0040693069306930695
F82	F93	7	56	213	31778	9.665899459978604e-08	9.900990099009901e-06	0.004079207920792079
F80	F84	7	71	168	31778	1.0186725570487761e-07	9.900990099009901e-06	0.004089108910891089
F70	F94	6	108	66	31778	1.0309741893017905e-07	9.900990099009901e-06	0.004099009900990099
F81	F93	9	118	213	31778	1.0961181554706787e-07	9.900990099009901e-06	0.004108910891089109
F80	G40	13	71	920	31778	1.1359161782975958e-07	9.900990099009901e-06	0.004118811881188119
F17	F43	25	186	1268	31778	1.1610718411940305e-07	9.900990099009901e-06	0.004128712871287129
H53	J96	9	101	252	31778	1.1900142504974568e-07	9.900990099009901e-06	0.004138613861386139
G93	J96	8	73	252	31778	1.2058592227069217e-07	9.900990099009901e-06	0.004148514851485149
G93	H53	6	73	101	31778	1.270878334470073e-07	9.900990099009901e-06	0.004158415841584159
F40	F43	16	82	1268	31778	1.3102013177482743e-07	9.900990099009901e-06	0.0041683168316831685
N20	N39	8	123	150	31778	1.3300531455144772e-07	9.900990099009901e-06	0.0041782178217821785
M84	M85	6	106	72	31778	1.5601420387718706e-07	9.900990099009901e-06	0.004188118811881188
K00	K07	6	47	165	31778	1.6102077272130376e-07	9.900990099009901e-06	0.004198019801980198
J36	J39	6	224	36	31778	1.8724511128583567e-07	9.900990099009901e-06	0.004207920792079208
F40	F41	8	82	237	31778	1.8849161348304364e-07	9.900990099009901e-06	0.004217821782178218
F83	F92	12	164	335	31778	1.9368169750298263e-07	9.900990099009901e-06	0.004227722772277228
F12	F92	15	268	335	31778	1.9866191657834835e-07	9.900990099009901e-06	0.004237623762376238
F12	F33	9	268	101	31778	2.0035983389504204e-07	9.900990099009901e-06	0.004247524752475248
K50	K85	7	197	69	31778	2.46496444325249e-07	9.900990099009901e-06	0.004257425742574258
M22	M24	8	126	160	31778	2.630323772656455e-07	9.900990099009901e-06	0.004267326732673268
F60	F91	13	221	306	31778	2.670408579134864e-07	9.900990099009901e-06	0.0042772277227722776
J96	M41	9	252	111	31778	2.6880612427756005e-07	9.900990099009901e-06	0.0042871287128712875
K61	L05	15	132	708	31778	2.7671813123719787e-07	9.900990099009901e-06	0.004297029702970297
K52	K85	10	549	69	31778	2.9767265017443534e-07	9.900990099009901e-06	0.004306930693069307
F82	F98	6	56	153	31778	3.004634013351499e-07	9.900990099009901e-06	0.004316831683168317
E87	F10	20	116	1456	31778	3.068528620892176e-07	9.900990099009901e-06	0.004326732673267327
I45	I47	6	86	100	31778	3.2002746059026506e-07	9.900990099009901e-06	0.004336633663366337
D64	E87	6	75	116	31778	3.405226393289661e-07	9.900990099009901e-06	0.004346534653465347
F13	F17	6	48	186	31778	3.7101685752757715e-07	9.900990099009901e-06	0.004356435643564357
D68	J96	7	58	252	31778	3.8649739211478e-07	9.900990099009901e-06	0.004366336633663367
H60	H66	6	62	148	31778	4.5701470513494967e-07	9.900990099009901e-06	0.004376237623762377
F43	L70	15	1268	79	31778	4.6672547983207695e-07	9.900990099009901e-06	0.0043861386138613866
G80	G93	6	129	73	31778	5.42263977373211e-07	9.900990099009901e-06	0.0043960396039603965
M25	M87	8	251	89	31778	5.512841563693241e-07	9.900990099009901e-06	0.004405940594059406
J03	J35	64	605	1756	31778	5.55603629153545e-07	9.900990099009901e-06	0.004415841584158416
F23	F60	9	138	221	31778	5.700908260069203e-07	9.900990099009901e-06	0.004425742574257426
J30	J34	14	127	677	31778	5.876990183224435e-07	9.900990099009901e-06	0.004435643564356436
C71	D69	7	108	143	31778	6.15179319583236e-07	9.900990099009901e-06	0.004445544554455446
N31	K59	8	41	582	31778	6.770778690003285e-07	9.900990099009901e-06	0.004455445544554456
F17	F61	6	186	53	31778	6.774620981120387e-07	9.900990099009901e-06	0.004465346534653466
F43	F83	22	1268	164	31778	6.781934792022497e-07	9.900990099009901e-06	0.004475247524752476
F43	F80	14	1268	71	31778	6.920649425274219e-07	9.900990099009901e-06	0.004485148514851486
J34	J39	8	677	36	31778	7.274996129753715e-07	9.900990099009901e-06	0.004495049504950496
G82	J96	8	92	252	31778	7.335374100879348e-07	9.900990099009901e-06	0.0045049504950495055
B27	L27	6	283	36	31778	7.361998034056471e-07	9.900990099009901e-06	0.004514851485148515
F63	F90	9	59	549	31778	7.488919207326751e-07	9.900990099009901e-06	0.004524752475247525
E79	I10	6	46	222	31778	8.058090702445311e-07	9.900990099009901e-06	0.004534653465346535
F42	F93	7	76	213	31778	8.135194802030162e-07	9.900990099009901e-06	0.004544554455445545
G40	J69	6	920	13	31778	8.352374407250699e-07	9.900990099009901e-06	0.004554455445544555
F80	F92	8	71	335	31778	8.381035945846336e-07	9.900990099009901e-06	0.004564356435643564
K56	K63	6	188	55	31778	9.017623735197976e-07	9.900990099009901e-06	0.004574257425742574
J03	L04	10	605	71	31778	9.452807954680001e-07	9.900990099009901e-06	0.004584158415841584
E74	J45	9	64	522	31778	1.0040715222551819e-06	9.900990099009901e-06	0.004594059405940594
M25	M93	11	251	210	31778	1.0129713895112707e-06	9.900990099009901e-06	0.004603960396039604
F42	F60	7	76	221	31778	1.0409614926202362e-06	9.900990099009901e-06	0.004613861386138614
G51	G81	6	220	50	31778	1.2672164922005058e-06	9.900990099009901e-06	0.0046237623762376235
J96	K85	7	252	69	31778	1.2877730569573394e-06	9.900990099009901e-06	0.0046336633663366334
M24	M93	9	160	210	31778	1.2885283636654224e-06	9.900990099009901e-06	0.004643564356435643
H53	H91	6	101	108	31778	1.306141825837007e-06	9.900990099009901e-06	0.004653465346534653
C71	H50	7	108	160	31778	1.3090473561480094e-06	9.900990099009901e-06	0.004663366336633663
F60	L70	7	221	79	31778	1.3561085930275976e-06	9.900990099009901e-06	0.004673267326732673
F10	F17	25	1456	186	31778	1.475946999314366e-06	9.900990099009901e-06	0.004683168316831683
J18	J96	14	366	252	31778	1.5797470779395851e-06	9.900990099009901e-06	0.004693069306930693
F44	F60	7	81	221	31778	1.6077062296495808e-06	9.900990099009901e-06	0.004702970297029703
E66	F50	10	653	70	31778	1.6401956316067967e-06	9.900990099009901e-06	0.004712871287128713
F84	F95	6	168	68	31778	1.6658027874345803e-06	9.900990099009901e-06	0.004722772277227723
F43	F82	12	1268	56	31778	1.6978507100444119e-06	9.900990099009901e-06	0.0047326732673267325
F32	F45	16	521	233	31778	1.770014630791656e-06	9.900990099009901e-06	0.0047425742574257424
J15	J96	10	182	252	31778	2.1322177156898055e-06	9.900990099009901e-06	0.004752475247524752
F41	L70	7	237	79	31778	2.157000001302341e-06	9.900990099009901e-06	0.004762376237623762
F34	F43	7	17	1268	31778	2.1666425507324714e-06	9.900990099009901e-06	0.004772277227722772
J02	J03	15	181	605	31778	2.2295046661039875e-06	9.900990099009901e-06	0.004782178217821782
N62	E66	14	147	653	31778	2.258323278340367e-06	9.900990099009901e-06	0.004792079207920792
F17	F33	7	186	101	31778	2.2732358394900155e-06	9.900990099009901e-06	0.004801980198019802
D69	J96	9	143	252	31778	2.275655098600777e-06	9.900990099009901e-06	0.004811881188118812
E10	E86	12	461	151	31778	2.2905233315898657e-06	9.900990099009901e-06	0.004821782178217822
G40	I63	6	920	15	31778	2.317898154127378e-06	9.900990099009901e-06	0.004831683168316832
K50	K92	8	197	137	31778	2.388536604013478e-06	9.900990099009901e-06	0.0048415841584158415
J00	J20	7	98	194	31778	2.45407485399019e-06	9.900990099009901e-06	0.0048514851485148515
F43	F95	13	1268	68	31778	2.485241456545569e-06	9.900990099009901e-06	0.004861386138613861
F91	F98	10	306	153	31778	2.524596750887558e-06	9.900990099009901e-06	0.004871287128712871
K01	K04	7	320	61	31778	2.6920893965926263e-06	9.900990099009901e-06	0.004881188118811881
F45	F81	8	233	118	31778	2.7095126493905916e-06	9.900990099009901e-06	0.004891089108910891
F12	F31	6	268	47	31778	2.7333441630934366e-06	9.900990099009901e-06	0.004900990099009901
F81	F83	7	118	164	31778	2.7960583419415845e-06	9.900990099009901e-06	0.004910891089108911
M24	M67	9	160	231	31778	2.8224805799846403e-06	9.900990099009901e-06	0.004920792079207921
L03	L60	13	189	445	31778	2.9779602229718225e-06	9.900990099009901e-06	0.004930693069306931
F42	F84	6	76	168	31778	3.2131525238975507e-06	9.900990099009901e-06	0.004940594059405941
B27	L04	7	283	71	31778	3.3714393526119195e-06	9.900990099009901e-06	0.0049504950495049506
J18	J45	20	366	522	31778	3.4074471459897076e-06	9.900990099009901e-06	0.0049603960396039605
J32	J35	32	239	1756	31778	3.464774806368435e-06	9.900990099009901e-06	0.00497029702970297
N50	I86	9	139	274	31778	3.564180568288263e-06	9.900990099009901e-06	0.00498019801980198
J33	J35	14	60	1756	31778	3.6937678603291972e-06	9.900990099009901e-06	0.00499009900990099
D50	K52	10	91	549	31778	4.007505283821089e-06	9.900990099009901e-06	0.005
E11	E66	6	22	653	31778	4.146664314061847e-06	9.900990099009901e-06	0.00500990099009901
I88	K56	10	268	188	31778	4.92058933777172e-06	9.900990099009901e-06	0.00501980198019802
G80	M67	8	129	231	31778	4.946083163207587e-06	9.900990099009901e-06	0.00502970297029703
D50	E86	6	91	151	31778	4.978849286839504e-06	9.900990099009901e-06	0.00503960396039604
D33	G40	7	25	920	31778	5.075124368773184e-06	9.900990099009901e-06	0.00504950495049505
M62	M67	7	92	231	31778	5.077284261746019e-06	9.900990099009901e-06	0.0050594059405940596
F32	F63	8	521	59	31778	5.267027156859262e-06	9.900990099009901e-06	0.0050693069306930695
F93	F94	6	213	66	31778	5.491767269832e-06	9.900990099009901e-06	0.005079207920792079
F32	L70	9	521	79	31778	5.942756435149762e-06	9.900990099009901e-06	0.005089108910891089
G44	J06	14	229	453	31778	6.0584617940408784e-06	9.900990099009901e-06	0.005099009900990099
G80	M41	6	129	111	31778	6.359900716944911e-06	9.900990099009901e-06	0.005108910891089109
E03	F41	7	93	237	31778	6.452923400632303e-06	9.900990099009901e-06	0.005118811881188119
F93	F95	6	213	68	31778	6.542410390025925e-06	9.900990099009901e-06	0.005128712871287129
F10	F15	9	1456	31	31778	7.005374696823801e-06	9.900990099009901e-06	0.005138613861386139
F23	F70	6	138	108	31778	7.999734979963562e-06	9.900990099009901e-06	0.005148514851485149
K21	K92	7	166	137	31778	8.135610860059419e-06	9.900990099009901e-06	0.005158415841584159
J15	K90	6	182	83	31778	8.508705344409933e-06	9.900990099009901e-06	0.005168316831683169
K22	K29	7	49	486	31778	9.24119334432855e-06	9.900990099009901e-06	0.0051782178217821785
G80	J96	8	129	252	31778	9.33788500630776e-06	9.900990099009901e-06	0.005188118811881188
E03	J96	7	93	252	31778	9.621672373414656e-06	9.900990099009901e-06	0.005198019801980198
G56	M21	7	51	480	31778	1.1196376491775931e-05	9.900990099009901e-06	0.005207920792079208
F71	G40	7	28	920	31778	1.1588144762664156e-05	9.900990099009901e-06	0.005217821782178218
I88	A08	19	268	716	31778	1.2519200153660537e-05	9.900990099009901e-06	0.005227722772277228
J44	J45	7	48	522	31778	1.2744003002359382e-05	9.900990099009901e-06	0.005237623762376238
J93	J98	6	166	100	31778	1.4745118416153534e-05	9.900990099009901e-06	0.005247524752475248
F13	F43	10	48	1268	31778	1.6184832407867576e-05	9.900990099009901e-06	0.005257425742574258
K29	K62	6	486	36	31778	1.637415952443471e-05	9.900990099009901e-06	0.005267326732673268
F19	F90	14	209	549	31778	1.8455781955967044e-05	9.900990099009901e-06	0.005277227722772278
E66	I15	6	653	28	31778	1.8851447901071527e-05	9.900990099009901e-06	0.0052871287128712875
E10	E55	6	461	39	31778	1.961999982432989e-05	9.900990099009901e-06	0.005297029702970297
F92	L70	7	335	79	31778	2.055959340895453e-05	9.900990099009901e-06	0.005306930693069307
F44	G40	11	81	920	31778	2.155444877959547e-05	9.900990099009901e-06	0.005316831683168317
F10	F61	11	1456	53	31778	2.321618692651473e-05	9.900990099009901e-06	0.005326732673267327
F40	F60	6	82	221	31778	2.3825745627757155e-05	9.900990099009901e-06	0.005336633663366337
J03	J06	23	605	453	31778	2.3948889412161025e-05	9.900990099009901e-06	0.005346534653465347
F32	L98	6	521	36	31778	2.4205163355588818e-05	9.900990099009901e-06	0.005356435643564357
K50	K56	8	197	188	31778	2.4313604007813267e-05	9.900990099009901e-06	0.005366336633663367
F07	G40	6	22	920	31778	2.904541876548891e-05	9.900990099009901e-06	0.005376237623762377
F41	F81	7	237	118	31778	3.067474313059777e-05	9.900990099009901e-06	0.005386138613861387
F82	G40	9	56	920	31778	3.071227858645414e-05	9.900990099009901e-06	0.0053960396039603965
F20	F60	6	86	221	31778	3.126020774153042e-05	9.900990099009901e-06	0.005405940594059406
F40	F45	6	82	233	31778	3.2041801667430925e-05	9.900990099009901e-06	0.005415841584158416
M21	M25	14	480	251	31778	3.223488801990454e-05	9.900990099009901e-06	0.005425742574257426
F17	K29	12	186	486	31778	3.233967558306808e-05	9.900990099009901e-06	0.005435643564356436
N43	N50	6	139	139	31778	3.5023705197506435e-05	9.900990099009901e-06	0.005445544554455446
J00	J45	9	98	522	31778	3.504413536169211e-05	9.900990099009901e-06	0.005455445544554456
E66	J45	26	653	522	31778	3.678491175829331e-05	9.900990099009901e-06	0.005465346534653466
F12	F70	7	268	108	31778	3.787976553356224e-05	9.900990099009901e-06	0.005475247524752476
M22	M67	7	126	231	31778	3.971385567935496e-05	9.900990099009901e-06	0.005485148514851486
I88	K59	16	268	582	31778	4.03196162021357e-05	9.900990099009901e-06	0.005495049504950496
F81	F84	6	118	168	31778	4.0338309683450994e-05	9.900990099009901e-06	0.0055049504950495055
E87	J06	9	116	453	31778	4.455494683981897e-05	9.900990099009901e-06	0.005514851485148515
J18	M41	8	366	111	31778	4.5170146320727523e-05	9.900990099009901e-06	0.005524752475247525
N43	N45	7	139	214	31778	4.5809724526544854e-05	9.900990099009901e-06	0.005534653465346535
F41	F60	9	237	221	31778	4.5863957216988824e-05	9.900990099009901e-06	0.005544554455445545
E86	K50	7	151	197	31778	4.5948784869090484e-05	9.900990099009901e-06	0.005554455445544555
L02	L05	19	299	708	31778	4.848406696168012e-05	9.900990099009901e-06	0.005564356435643565
K40	K42	7	410	75	31778	5.277183234654456e-05	9.900990099009901e-06	0.005574257425742575
A04	E86	7	206	151	31778	6.09169663473159e-05	9.900990099009901e-06	0.005584158415841584
D43	G40	6	25	920	31778	6.400941562831061e-05	9.900990099009901e-06	0.005594059405940594
F12	F44	6	268	81	31778	6.502580249462462e-05	9.900990099009901e-06	0.005603960396039604
M25	M86	6	251	87	31778	6.767415426274834e-05	9.900990099009901e-06	0.005613861386138614
F70	G40	12	108	920	31778	7.050787594242829e-05	9.900990099009901e-06	0.0056237623762376236
I10	J96	9	222	252	31778	7.612005456792221e-05	9.900990099009901e-06	0.0056336633663366335
F10	F32	44	1456	521	31778	8.11216449914779e-05	9.900990099009901e-06	0.005643564356435643
F19	F92	10	209	335	31778	8.216984227553649e-05	9.900990099009901e-06	0.005653465346534653
F17	F41	8	186	237	31778	8.307576956074372e-05	9.900990099009901e-06	0.005663366336633663
F40	F90	8	82	549	31778	8.76310162784516e-05	9.900990099009901e-06	0.005673267326732673
D50	J18	7	91	366	31778	8.963509097909304e-05	9.900990099009901e-06	0.005683168316831683
F43	F50	11	1268	70	31778	9.741821037995912e-05	9.900990099009901e-06	0.005693069306930693
F23	F32	10	138	521	31778	9.789358264792559e-05	9.900990099009901e-06	0.005702970297029703
A49	K29	6	49	486	31778	9.93903077493383e-05	9.900990099009901e-06	0.005712871287128713
N39	K59	11	150	582	31778	0.00010645026902434565	9.900990099009901e-06	0.005722772277227723
J01	J20	7	176	194	31778	0.00010941272688615382	9.900990099009901e-06	0.0057326732673267326
J40	J45	6	47	522	31778	0.00011577976872255468	9.900990099009901e-06	0.0057425742574257425
F83	F93	7	164	213	31778	0.0001259042812104681	9.900990099009901e-06	0.005752475247524752
M21	M22	9	480	126	31778	0.00013139518877028366	9.900990099009901e-06	0.005762376237623762
K35	K38	14	2516	58	31778	0.00013331467257851105	9.900990099009901e-06	0.005772277227722772
E66	F17	13	653	186	31778	0.00013471694125667108	9.900990099009901e-06	0.005782178217821782
E87	G40	12	116	920	31778	0.0001409106982687635	9.900990099009901e-06	0.005792079207920792
E66	F93	14	653	213	31778	0.00014455289414212522	9.900990099009901e-06	0.005801980198019802
I47	J96	6	100	252	31778	0.00014988693248197435	9.900990099009901e-06	0.005811881188118812
J04	J06	7	81	453	31778	0.00016014975888322224	9.900990099009901e-06	0.005821782178217822
E66	F81	10	653	118	31778	0.00016706640710199705	9.900990099009901e-06	0.005831683168316832
D10	J35	8	30	1756	31778	0.00016759851845587817	9.900990099009901e-06	0.005841584158415842
F84	F98	6	168	153	31778	0.00016966195966540778	9.900990099009901e-06	0.0058514851485148515
F15	F43	7	31	1268	31778	0.00017945622571875186	9.900990099009901e-06	0.005861386138613861
J06	L50	10	453	172	31778	0.000193009781513131	9.900990099009901e-06	0.005871287128712871
E73	J45	7	73	522	31778	0.0001981383939952038	9.900990099009901e-06	0.005881188118811881
E66	G71	7	653	59	31778	0.00020239329007251672	9.900990099009901e-06	0.005891089108910891
E66	I31	6	653	42	31778	0.00020566510538369163	9.900990099009901e-06	0.005900990099009901
E66	F90	25	653	549	31778	0.00020865252734016246	9.900990099009901e-06	0.005910891089108911
J31	J35	8	31	1756	31778	0.0002150096617575524	9.900990099009901e-06	0.005920792079207921
I88	J03	15	268	605	31778	0.00021625744841733823	9.900990099009901e-06	0.005930693069306931
E66	F91	17	653	306	31778	0.00022716995902738132	9.900990099009901e-06	0.005940594059405941
H91	J96	6	108	252	31778	0.0002282700942018198	9.900990099009901e-06	0.005950495049504951
K29	K50	11	486	197	31778	0.00024486552367261534	9.900990099009901e-06	0.0059603960396039605
F45	I10	8	233	222	31778	0.00024891670961502626	9.900990099009901e-06	0.00597029702970297
E73	K52	7	73	549	31778	0.0002690686486812239	9.900990099009901e-06	0.00598019801980198
J15	J18	9	182	366	31778	0.00027869133285222535	9.900990099009901e-06	0.00599009900990099
E66	F40	8	653	82	31778	0.0002853641081646649	9.900990099009901e-06	0.006
K51	A09	12	97	1206	31778	0.0003084176787958202	9.900990099009901e-06	0.00600990099009901
D70	G40	8	60	920	31778	0.0003232788161275085	9.900990099009901e-06	0.00601980198019802
E10	J96	12	461	252	31778	0.00034624109133654803	9.900990099009901e-06	0.00602970297029703
H65	J30	7	326	127	31778	0.00035024034090373946	9.900990099009901e-06	0.00603960396039604
F90	G40	31	549	920	31778	0.0003622575070392632	9.900990099009901e-06	0.00604950495049505
M21	M93	11	480	210	31778	0.0003804499363341571	9.900990099009901e-06	0.00605940594059406
F84	J96	7	168	252	31778	0.0004058555443915789	9.900990099009901e-06	0.0060693069306930695
J30	J32	6	127	239	31778	0.00041177672463582724	9.900990099009901e-06	0.006079207920792079
J06	K58	6	453	68	31778	0.0004212535135455542	9.900990099009901e-06	0.006089108910891089
E73	A09	10	73	1206	31778	0.0004227417206437314	9.900990099009901e-06	0.006099009900990099
L02	L03	8	299	189	31778	0.00044764030159442523	9.900990099009901e-06	0.006108910891089109
F17	K21	6	186	166	31778	0.00045360910100638197	9.900990099009901e-06	0.006118811881188119
F17	J93	6	186	166	31778	0.00045360910100638197	9.900990099009901e-06	0.006128712871287129
F90	H52	7	549	80	31778	0.00047299617462092937	9.900990099009901e-06	0.006138613861386139
F43	L98	7	1268	36	31778	0.0004787231914237871	9.900990099009901e-06	0.006148514851485149
G43	G93	6	432	73	31778	0.0004813181141718018	9.900990099009901e-06	0.006158415841584159
A46	E66	8	89	653	31778	0.0004989218509358532	9.900990099009901e-06	0.006168316831683169
F12	F81	6	268	118	31778	0.000509455829054461	9.900990099009901e-06	0.0061782178217821785
L02	L72	6	299	110	31778	0.0006232209632676086	9.900990099009901e-06	0.006188118811881188
J06	A09	32	453	1206	31778	0.0006303173843582138	9.900990099009901e-06	0.006198019801980198
K52	K92	9	549	137	31778	0.0006517299535615515	9.900990099009901e-06	0.006207920792079208
J01	L03	6	176	189	31778	0.0006712628262912929	9.900990099009901e-06	0.006217821782178218
E66	G51	13	653	220	31778	0.0006804512362250083	9.900990099009901e-06	0.006227722772277228
G40	H53	10	920	101	31778	0.0007034901187374298	9.900990099009901e-06	0.006237623762376238
F43	F71	6	1268	28	31778	0.0007058549551628596	9.900990099009901e-06	0.006247524752475248
G43	H52	6	432	80	31778	0.0007846575770274251	9.900990099009901e-06	0.006257425742574258
E03	F32	7	93	521	31778	0.0008603331397434404	9.900990099009901e-06	0.006267326732673268
F42	F43	10	76	1268	31778	0.00086129593964092	9.900990099009901e-06	0.006277227722772278
K01	K02	7	320	151	31778	0.0008813784837383501	9.900990099009901e-06	0.0062871287128712875
A04	A09	18	206	1206	31778	0.0009246605435898673	9.900990099009901e-06	0.006297029702970297
F19	F91	8	209	306	31778	0.0010032542671454738	9.900990099009901e-06	0.006306930693069307
E88	G40	6	41	920	31778	0.0010961903812937463	9.900990099009901e-06	0.006316831683168317
F83	F91	7	164	306	31778	0.001101115340967159	9.900990099009901e-06	0.006326732673267327
E66	K59	24	653	582	31778	0.001110462854768613	9.900990099009901e-06	0.006336633663366337
A08	K56	12	716	188	31778	0.0012148804539175878	9.900990099009901e-06	0.006346534653465347
N39	J96	6	150	252	31778	0.001294934571328785	9.900990099009901e-06	0.006356435643564357
M23	M93	11	558	210	31778	0.001299534743271546	9.900990099009901e-06	0.006366336633663367
E66	F98	10	653	153	31778	0.0013004841110436135	9.900990099009901e-06	0.006376237623762377
F45	K59	12	233	582	31778	0.0013202173661105772	9.900990099009901e-06	0.006386138613861387
J45	J98	7	522	100	31778	0.0013328468148713394	9.900990099009901e-06	0.0063960396039603965
E66	F41	13	653	237	31778	0.0013429400121112438	9.900990099009901e-06	0.006405940594059406
F10	F63	9	1456	59	31778	0.0013791153519887064	9.900990099009901e-06	0.006415841584158416
G40	M62	9	920	92	31778	0.0013976792644830403	9.900990099009901e-06	0.006425742574257426
F10	F13	8	1456	48	31778	0.001401001544294955	9.900990099009901e-06	0.006435643564356436
N39	J06	8	150	453	31778	0.0014497720019425646	9.900990099009901e-06	0.006445544554455446
D64	G40	8	75	920	31778	0.001458112478391024	9.900990099009901e-06	0.006455445544554456
G40	M41	10	920	111	31778	0.0014584872860370231	9.900990099009901e-06	0.006465346534653466
N43	N44	7	139	385	31778	0.0015775204032030627	9.900990099009901e-06	0.006475247524752476
F82	A08	6	56	716	31778	0.0015977268858822715	9.900990099009901e-06	0.006485148514851486
M21	M89	6	480	83	31778	0.0016293983846370696	9.900990099009901e-06	0.006495049504950496
N39	M54	6	150	265	31778	0.0016710143687457487	9.900990099009901e-06	0.0065049504950495055
K29	K90	6	486	83	31778	0.0017346147871834488	9.900990099009901e-06	0.006514851485148515
K35	K56	27	2516	188	31778	0.001889298050082885	9.900990099009901e-06	0.006524752475247525
F32	F84	9	521	168	31778	0.0018984337879550733	9.900990099009901e-06	0.006534653465346535
F17	I10	6	186	222	31778	0.002031145369241634	9.900990099009901e-06	0.006544554455445545
F32	F70	7	521	108	31778	0.0020540654029947967	9.900990099009901e-06	0.006554455445544555
D16	L05	11	176	708	31778	0.0020688733167210007	9.900990099009901e-06	0.006564356435643565
K92	A09	13	137	1206	31778	0.0021997434618309217	9.900990099009901e-06	0.006574257425742575
M21	M87	6	480	89	31778	0.0023260442724055115	9.900990099009901e-06	0.006584158415841585
J06	J18	13	453	366	31778	0.002503456178094055	9.900990099009901e-06	0.006594059405940594
G40	J18	21	920	366	31778	0.0025048210144570215	9.900990099009901e-06	0.006603960396039604
G40	J44	6	920	48	31778	0.0025212838733485385	9.900990099009901e-06	0.006613861386138614
F45	F90	11	233	549	31778	0.0025890329713704214	9.900990099009901e-06	0.006623762376237624
H74	J35	7	35	1756	31778	0.002667998860882523	9.900990099009901e-06	0.0066336633663366335
E66	K58	6	653	68	31778	0.0027377565774207514	9.900990099009901e-06	0.006643564356435643
G82	M21	6	92	480	31778	0.0027485993665801985	9.900990099009901e-06	0.006653465346534653
D16	M25	6	176	251	31778	0.0028389061780176835	9.900990099009901e-06	0.006663366336633663
B27	I88	8	283	268	31778	0.0029181693001216883	9.900990099009901e-06	0.006673267326732673
F20	F32	6	86	521	31778	0.00293518690750666	9.900990099009901e-06	0.006683168316831683
F43	F84	15	1268	168	31778	0.0030956413125629856	9.900990099009901e-06	0.006693069306930693
F45	K29	10	233	486	31778	0.0033226687534701487	9.900990099009901e-06	0.006702970297029703
A08	K59	24	716	582	31778	0.0036451225621378838	9.900990099009901e-06	0.006712871287128713
J11	A09	6	40	1206	31778	0.003751347100636582	9.900990099009901e-06	0.006722772277227723
F12	F45	7	268	233	31778	0.0037800055470777064	9.900990099009901e-06	0.006732673267326733
K29	K51	6	486	97	31778	0.003799923466133868	9.900990099009901e-06	0.0067425742574257425
F32	F98	8	521	153	31778	0.003864692576463705	9.900990099009901e-06	0.006752475247524752
I10	J45	10	222	522	31778	0.0038974283476552745	9.900990099009901e-06	0.006762376237623762
K29	K59	18	486	582	31778	0.00408334066364616	9.900990099009901e-06	0.006772277227722772
E66	J00	7	653	98	31778	0.004136209939462011	9.900990099009901e-06	0.006782178217821782
F12	F41	7	268	237	31778	0.0041465440195916315	9.900990099009901e-06	0.006792079207920792
L90	M21	6	100	480	31778	0.004155923678533298	9.900990099009901e-06	0.006801980198019802
E66	F92	15	653	335	31778	0.004271111020939534	9.900990099009901e-06	0.006811881188118812
G43	G44	9	432	229	31778	0.004329404628712389	9.900990099009901e-06	0.006821782178217822
I95	J06	7	143	453	31778	0.004544652538063854	9.900990099009901e-06	0.006831683168316832
K36	K56	6	259	188	31778	0.00456571104372673	9.900990099009901e-06	0.006841584158415842
J02	J06	8	181	453	31778	0.00461199538062572	9.900990099009901e-06	0.0068514851485148515
J01	J34	10	176	677	31778	0.004655091653436953	9.900990099009901e-06	0.006861386138613861
E66	J30	8	653	127	31778	0.00481959880487577	9.900990099009901e-06	0.006871287128712871
I40	J03	6	83	605	31778	0.005086195679952462	9.900990099009901e-06	0.006881188118811881
F60	F90	10	221	549	31778	0.005348923488092203	9.900990099009901e-06	0.006891089108910891
G44	I10	6	229	222	31778	0.00561913300673095	9.900990099009901e-06	0.006900990099009901
E34	F90	9	190	549	31778	0.00601859454500268	9.900990099009901e-06	0.006910891089108911
B80	K35	6	22	2516	31778	0.006035433888041849	9.900990099009901e-06	0.006920792079207921
F33	J45	6	101	522	31778	0.006508683782971628	9.900990099009901e-06	0.006930693069306931
F98	J06	7	153	453	31778	0.006533681705602974	9.900990099009901e-06	0.006940594059405941
F41	I10	6	237	222	31778	0.006612075529026629	9.900990099009901e-06	0.006950495049504951
