ICD1	ICD2	val11	occ1	occ2	NN	pval	bonf_thresh	fdr_thresh
F32	F43	283	928	1846	37006	1.428584511141043e-144	8.090614886731391e-06	8.090614886731391e-06
J34	M95	91	555	151	37006	1.6988089598901286e-127	8.090614886731391e-06	1.6181229773462782e-05
F32	F60	151	928	518	37006	5.9206342578308266e-117	8.090614886731391e-06	2.4271844660194173e-05
F43	F60	191	1846	518	37006	1.6707614314038233e-113	8.090614886731391e-06	3.2362459546925564e-05
K01	K07	115	663	423	37006	5.884265968581799e-102	8.090614886731391e-06	4.045307443365695e-05
J32	J34	79	268	555	37006	4.5516566550288e-79	8.090614886731391e-06	4.8543689320388346e-05
K21	K29	78	186	1082	37006	3.7609860565762465e-69	8.090614886731391e-06	5.663430420711974e-05
E10	E16	41	408	56	37006	9.8122587215237e-69	8.090614886731391e-06	6.472491909385113e-05
F32	F50	111	928	563	37006	1.0989419861663668e-65	8.090614886731391e-06	7.281553398058252e-05
F33	F60	61	207	518	37006	6.984062761998142e-63	8.090614886731391e-06	8.09061488673139e-05
H65	J35	113	212	3405	37006	3.4978812334902605e-60	8.090614886731391e-06	8.89967637540453e-05
F32	F33	67	928	207	37006	4.73588056228931e-55	8.090614886731391e-06	9.708737864077669e-05
F43	F92	98	1846	291	37006	5.228305920094841e-54	8.090614886731391e-06	0.00010517799352750808
N13	N20	39	220	160	37006	7.046578717409565e-52	8.090614886731391e-06	0.00011326860841423948
F11	F19	28	49	197	37006	1.0330054119914729e-51	8.090614886731391e-06	0.00012135922330097087
E10	E14	34	408	64	37006	8.212360394472103e-50	8.090614886731391e-06	0.00012944983818770226
E66	I10	49	763	127	37006	5.2601810965176785e-49	8.090614886731391e-06	0.00013754045307443364
F12	F60	42	112	518	37006	1.2214765163092272e-48	8.090614886731391e-06	0.00014563106796116503
E73	E74	29	147	93	37006	1.0445250745822048e-47	8.090614886731391e-06	0.00015372168284789642
F19	F60	48	197	518	37006	3.6402811881843103e-45	8.090614886731391e-06	0.0001618122977346278
F11	F13	20	49	71	37006	6.466827481949258e-43	8.090614886731391e-06	0.00016990291262135922
H50	H52	27	145	108	37006	1.285840047382856e-41	8.090614886731391e-06	0.0001779935275080906
G40	G41	31	840	46	37006	2.3322943081799037e-40	8.090614886731391e-06	0.000186084142394822
K29	K44	41	1082	84	37006	2.9825426747371167e-40	8.090614886731391e-06	0.00019417475728155338
E06	E10	33	107	408	37006	1.3795013227618022e-38	8.090614886731391e-06	0.00020226537216828477
G80	G82	20	80	71	37006	7.76190639373803e-38	8.090614886731391e-06	0.00021035598705501616
N20	N23	23	160	71	37006	1.799565809969935e-37	8.090614886731391e-06	0.00021844660194174755
F50	M81	27	563	48	37006	7.406079337265748e-37	8.090614886731391e-06	0.00022653721682847896
N10	N39	88	499	1328	37006	1.4485739037949919e-35	8.090614886731391e-06	0.00023462783171521035
F43	F93	71	1846	238	37006	1.6218197951142312e-35	8.090614886731391e-06	0.00024271844660194174
F32	L98	31	928	59	37006	4.136430823518864e-34	8.090614886731391e-06	0.0002508090614886731
F43	F91	58	1846	169	37006	5.886531413157085e-33	8.090614886731391e-06	0.0002588996763754045
M51	M54	29	85	504	37006	7.693514783775494e-33	8.090614886731391e-06	0.00026699029126213593
D50	K50	33	336	191	37006	2.6810422679441124e-32	8.090614886731391e-06	0.0002750809061488673
N92	D50	31	164	336	37006	1.124295367056359e-31	8.090614886731391e-06	0.0002831715210355987
C71	H53	20	89	122	37006	1.4716357098543349e-31	8.090614886731391e-06	0.00029126213592233006
F83	G40	29	64	840	37006	8.581255747149853e-31	8.090614886731391e-06	0.0002993527508090615
K21	K44	21	186	84	37006	4.140862570829771e-30	8.090614886731391e-06	0.00030744336569579284
F43	F44	53	1846	156	37006	5.543928356888645e-30	8.090614886731391e-06	0.00031553398058252425
F91	F92	28	169	291	37006	8.798373494158313e-29	8.090614886731391e-06	0.0003236245954692556
C71	E23	14	89	34	37006	9.897299842374537e-29	8.090614886731391e-06	0.00033171521035598703
F12	F13	17	112	71	37006	3.8073563177913723e-28	8.090614886731391e-06	0.00033980582524271844
H52	H53	19	108	122	37006	8.326198177631218e-28	8.090614886731391e-06	0.0003478964401294498
F33	F43	58	207	1846	37006	1.15775807771772e-27	8.090614886731391e-06	0.0003559870550161812
E84	K86	11	33	30	37006	2.3468243651140247e-27	8.090614886731391e-06	0.0003640776699029126
E86	A09	49	159	1695	37006	2.7862673514198905e-27	8.090614886731391e-06	0.000372168284789644
D69	D70	15	149	36	37006	2.9724853841555503e-27	8.090614886731391e-06	0.00038025889967637535
H50	H53	20	145	122	37006	5.626504769256442e-27	8.090614886731391e-06	0.00038834951456310677
F43	F70	37	1846	82	37006	1.5178373547423907e-26	8.090614886731391e-06	0.0003964401294498382
J34	J35	135	555	3405	37006	3.0931023609941087e-26	8.090614886731391e-06	0.00040453074433656954
N77	B37	11	17	84	37006	5.100112313445723e-26	8.090614886731391e-06	0.00041262135922330096
H83	H93	14	38	123	37006	8.450355650196171e-26	8.090614886731391e-06	0.0004207119741100323
E66	E78	30	763	107	37006	1.0890038110041474e-25	8.090614886731391e-06	0.00042880258899676373
H91	H93	19	139	123	37006	1.6196583121392756e-25	8.090614886731391e-06	0.0004368932038834951
F60	F92	38	518	291	37006	2.313447508969123e-25	8.090614886731391e-06	0.0004449838187702265
J30	J45	25	119	391	37006	2.4511081549248965e-25	8.090614886731391e-06	0.0004530744336569579
E66	K76	27	763	86	37006	9.897583710403938e-25	8.090614886731391e-06	0.0004611650485436893
F19	F32	40	197	928	37006	1.0252970311029452e-24	8.090614886731391e-06	0.0004692556634304207
F32	F41	51	928	342	37006	1.3366355202020585e-24	8.090614886731391e-06	0.00047734627831715206
F41	F43	70	342	1846	37006	3.6783956323124425e-24	8.090614886731391e-06	0.0004854368932038835
F13	F19	17	71	197	37006	8.821675306655405e-24	8.090614886731391e-06	0.0004935275080906148
F12	F19	19	112	197	37006	2.3563951435892052e-23	8.090614886731391e-06	0.0005016181229773462
K85	K86	11	70	30	37006	2.5785146575951875e-23	8.090614886731391e-06	0.0005097087378640777
N13	N23	17	220	71	37006	6.026725534035262e-23	8.090614886731391e-06	0.000517799352750809
N13	N31	16	220	58	37006	8.976275461209482e-23	8.090614886731391e-06	0.0005258899676375404
L93	M32	8	12	34	37006	1.0285294601254994e-22	8.090614886731391e-06	0.0005339805825242719
F50	F60	47	563	518	37006	1.3095715673066079e-22	8.090614886731391e-06	0.0005420711974110032
F11	F12	13	49	112	37006	2.0855125568462408e-22	8.090614886731391e-06	0.0005501618122977346
F10	F60	62	1015	518	37006	2.441841188089978e-22	8.090614886731391e-06	0.0005582524271844659
N13	N39	46	220	1328	37006	2.480426777480117e-22	8.090614886731391e-06	0.0005663430420711974
N08	M32	7	7	34	37006	2.854455438517441e-22	8.090614886731391e-06	0.0005744336569579288
F41	F45	36	342	471	37006	2.9730277013801347e-22	8.090614886731391e-06	0.0005825242718446601
D61	D69	12	28	149	37006	3.3236250762256856e-22	8.090614886731391e-06	0.0005906148867313916
N80	N94	23	108	454	37006	4.4052819690266035e-22	8.090614886731391e-06	0.000598705501618123
K02	K04	16	155	88	37006	4.530849004158223e-22	8.090614886731391e-06	0.0006067961165048543
F43	F45	80	1846	471	37006	5.8571078666718905e-22	8.090614886731391e-06	0.0006148867313915857
G80	M62	13	80	73	37006	6.28258225009437e-22	8.090614886731391e-06	0.0006229773462783171
F72	K02	10	14	155	37006	1.2207141199321361e-21	8.090614886731391e-06	0.0006310679611650485
D61	D70	9	28	36	37006	1.792199535679077e-21	8.090614886731391e-06	0.0006391585760517799
F84	G40	20	45	840	37006	1.9623367217092232e-21	8.090614886731391e-06	0.0006472491909385112
A69	M01	7	44	7	37006	2.033311554852195e-21	8.090614886731391e-06	0.0006553398058252427
B18	F19	11	18	197	37006	2.259587770533774e-21	8.090614886731391e-06	0.0006634304207119741
F60	F61	17	518	41	37006	2.604996381064124e-21	8.090614886731391e-06	0.0006715210355987054
F43	F50	87	1846	563	37006	5.971995924616488e-21	8.090614886731391e-06	0.0006796116504854369
G40	G82	23	840	71	37006	1.087607692589193e-20	8.090614886731391e-06	0.0006877022653721682
C40	C41	8	18	36	37006	1.50896973185326e-20	8.090614886731391e-06	0.0006957928802588996
J45	L20	23	391	145	37006	1.8068390639870938e-20	8.090614886731391e-06	0.000703883495145631
M22	M23	25	184	404	37006	4.27184682383906e-20	8.090614886731391e-06	0.0007119741100323624
K80	K81	13	314	29	37006	5.534323248260404e-20	8.090614886731391e-06	0.0007200647249190938
N31	N39	24	58	1328	37006	6.772560626595937e-20	8.090614886731391e-06	0.0007281553398058252
N70	N73	16	223	84	37006	7.797160781349318e-20	8.090614886731391e-06	0.0007362459546925566
F81	F93	14	50	238	37006	1.0753984959940062e-19	8.090614886731391e-06	0.000744336569579288
F70	F92	17	82	291	37006	1.075601556260616e-19	8.090614886731391e-06	0.0007524271844660193
F17	F60	32	282	518	37006	1.1317770341734474e-19	8.090614886731391e-06	0.0007605177993527507
N83	D27	32	1053	148	37006	2.6406487895501117e-19	8.090614886731391e-06	0.0007686084142394822
J18	J90	12	266	28	37006	4.0714837003254925e-19	8.090614886731391e-06	0.0007766990291262135
G40	J96	30	840	160	37006	4.863089634055501e-19	8.090614886731391e-06	0.0007847896440129449
E86	A08	30	159	856	37006	6.795870784413494e-19	8.090614886731391e-06	0.0007928802588996764
L90	L91	13	126	78	37006	8.001581302568424e-19	8.090614886731391e-06	0.0008009708737864077
F19	F43	46	197	1846	37006	9.85446767547014e-19	8.090614886731391e-06	0.0008090614886731391
E84	J96	11	33	160	37006	1.24088050324181e-18	8.090614886731391e-06	0.0008171521035598704
F70	F83	11	82	64	37006	2.127205755906454e-18	8.090614886731391e-06	0.0008252427184466019
F32	F45	51	928	471	37006	2.3600756328478703e-18	8.090614886731391e-06	0.0008333333333333333
I26	I80	10	53	65	37006	2.4843217197382492e-18	8.090614886731391e-06	0.0008414239482200646
K29	K92	33	1082	166	37006	2.506570251655984e-18	8.090614886731391e-06	0.0008495145631067961
N18	I10	10	29	127	37006	2.991552912774397e-18	8.090614886731391e-06	0.0008576051779935275
G91	G93	9	28	77	37006	3.0133707736008e-18	8.090614886731391e-06	0.0008656957928802588
J20	J45	24	204	391	37006	3.483131265473349e-18	8.090614886731391e-06	0.0008737864077669902
M23	M65	21	404	139	37006	4.654210533762005e-18	8.090614886731391e-06	0.0008818770226537217
J45	J46	12	391	25	37006	7.515978988941968e-18	8.090614886731391e-06	0.000889967637540453
J32	J33	12	268	34	37006	7.734858841339496e-18	8.090614886731391e-06	0.0008980582524271844
E28	L68	8	63	21	37006	8.887612565176587e-18	8.090614886731391e-06	0.0009061488673139158
N73	N80	12	84	108	37006	1.92871161299846e-17	8.090614886731391e-06	0.0009142394822006472
E23	E89	7	34	20	37006	2.1944745305042147e-17	8.090614886731391e-06	0.0009223300970873786
N83	K36	60	1053	591	37006	2.2180666338992198e-17	8.090614886731391e-06	0.0009304207119741099
F40	F41	14	51	342	37006	2.412737502446548e-17	8.090614886731391e-06	0.0009385113268608414
F90	F98	13	114	112	37006	2.9272764599537375e-17	8.090614886731391e-06	0.0009466019417475728
F92	F93	22	291	238	37006	3.1342954657616235e-17	8.090614886731391e-06	0.0009546925566343041
D44	E23	7	21	34	37006	3.289609557398235e-17	8.090614886731391e-06	0.0009627831715210355
C71	C79	7	89	10	37006	4.361745742647628e-17	8.090614886731391e-06	0.000970873786407767
F12	F43	33	112	1846	37006	4.439897521147599e-17	8.090614886731391e-06	0.0009789644012944984
K02	K08	12	155	65	37006	6.289230233078864e-17	8.090614886731391e-06	0.0009870550161812297
E84	K74	6	33	10	37006	6.506964500968045e-17	8.090614886731391e-06	0.0009951456310679611
C71	E89	8	89	20	37006	9.971198205469639e-17	8.090614886731391e-06	0.0010032362459546924
B96	K29	15	27	1082	37006	1.1106242257357837e-16	8.090614886731391e-06	0.0010113268608414239
F32	F92	38	928	291	37006	1.117330442645752e-16	8.090614886731391e-06	0.0010194174757281553
F12	F91	14	112	169	37006	1.6187611149028463e-16	8.090614886731391e-06	0.0010275080906148866
F32	F40	18	928	51	37006	1.6771026190925914e-16	8.090614886731391e-06	0.001035598705501618
K01	K05	14	663	33	37006	1.8341633476248022e-16	8.090614886731391e-06	0.0010436893203883495
F43	L98	24	1846	59	37006	1.9426575902968193e-16	8.090614886731391e-06	0.0010517799352750808
G82	M62	10	71	73	37006	1.9689117116285904e-16	8.090614886731391e-06	0.0010598705501618122
C73	E89	6	19	20	37006	2.9370388398106496e-16	8.090614886731391e-06	0.0010679611650485437
H66	H71	9	118	30	37006	3.3763908499988903e-16	8.090614886731391e-06	0.001076051779935275
H66	H70	8	118	18	37006	3.5765534588149273e-16	8.090614886731391e-06	0.0010841423948220064
K50	K51	14	191	106	37006	4.1020429141262753e-16	8.090614886731391e-06	0.0010922330097087377
F81	F91	11	50	169	37006	4.1490053911211215e-16	8.090614886731391e-06	0.0011003236245954692
F12	F17	16	112	282	37006	4.1693183058306353e-16	8.090614886731391e-06	0.0011084142394822006
G81	M62	9	49	73	37006	5.229983282678421e-16	8.090614886731391e-06	0.0011165048543689319
F10	F43	114	1015	1846	37006	5.305116041173081e-16	8.090614886731391e-06	0.0011245954692556633
E73	K90	14	147	141	37006	6.076874907146079e-16	8.090614886731391e-06	0.0011326860841423948
N92	D62	9	164	24	37006	6.521986293111922e-16	8.090614886731391e-06	0.001140776699029126
E66	K80	35	763	314	37006	6.919494145505975e-16	8.090614886731391e-06	0.0011488673139158575
M21	M96	11	293	32	37006	7.069990890338227e-16	8.090614886731391e-06	0.001156957928802589
F93	F98	15	238	112	37006	7.712828747882116e-16	8.090614886731391e-06	0.0011650485436893203
M23	M24	18	404	117	37006	8.244677736783882e-16	8.090614886731391e-06	0.0011731391585760517
E66	E79	11	763	16	37006	1.0602788603106822e-15	8.090614886731391e-06	0.0011812297734627832
F17	F19	19	282	197	37006	1.2198980942940246e-15	8.090614886731391e-06	0.0011893203883495144
H66	H74	9	118	34	37006	1.2247384959732046e-15	8.090614886731391e-06	0.001197411003236246
E89	H53	8	20	122	37006	1.346551951851871e-15	8.090614886731391e-06	0.0012055016181229772
F70	F98	11	82	112	37006	1.3794614717205765e-15	8.090614886731391e-06	0.0012135922330097086
C41	C78	6	36	15	37006	2.71709519326387e-15	8.090614886731391e-06	0.00122168284789644
E66	F60	44	763	518	37006	3.244629333566872e-15	8.090614886731391e-06	0.0012297734627831714
K35	K65	22	3189	36	37006	4.072671593643123e-15	8.090614886731391e-06	0.0012378640776699028
N91	F50	14	46	563	37006	4.65445650545051e-15	8.090614886731391e-06	0.0012459546925566343
M23	M25	23	404	244	37006	4.8070303668138195e-15	8.090614886731391e-06	0.0012540453074433655
K01	K09	16	663	59	37006	5.0645338503659135e-15	8.090614886731391e-06	0.001262135922330097
F32	F34	16	928	45	37006	7.055814597706038e-15	8.090614886731391e-06	0.0012702265372168285
N18	N19	6	29	21	37006	7.171783032235761e-15	8.090614886731391e-06	0.0012783171521035597
F44	F60	21	156	518	37006	7.407359594755677e-15	8.090614886731391e-06	0.0012864077669902912
F17	F32	35	282	928	37006	8.652648354078781e-15	8.090614886731391e-06	0.0012944983818770225
J03	J36	34	843	292	37006	8.825324476105908e-15	8.090614886731391e-06	0.001302588996763754
J03	B00	23	843	126	37006	1.2649700305017345e-14	8.090614886731391e-06	0.0013106796116504854
F44	F45	20	156	471	37006	1.4243136470893034e-14	8.090614886731391e-06	0.0013187702265372166
M21	M87	14	293	90	37006	1.4702769279041086e-14	8.090614886731391e-06	0.0013268608414239481
F12	F92	15	112	291	37006	1.5007950739060644e-14	8.090614886731391e-06	0.0013349514563106796
G40	G80	19	840	80	37006	1.503531195361921e-14	8.090614886731391e-06	0.0013430420711974108
D24	D48	17	224	209	37006	1.5261849486078067e-14	8.090614886731391e-06	0.0013511326860841423
F42	F50	16	73	563	37006	1.581262633307317e-14	8.090614886731391e-06	0.0013592233009708738
E66	F92	32	763	291	37006	1.7879026604485126e-14	8.090614886731391e-06	0.001367313915857605
F91	F93	16	169	238	37006	2.193631217193769e-14	8.090614886731391e-06	0.0013754045307443365
F17	F43	49	282	1846	37006	2.216555777316585e-14	8.090614886731391e-06	0.001383495145631068
M24	M65	12	117	139	37006	2.6620935912990712e-14	8.090614886731391e-06	0.0013915857605177992
F19	F33	16	197	207	37006	2.7677753784229956e-14	8.090614886731391e-06	0.0013996763754045307
K80	K85	13	314	70	37006	2.836832046005093e-14	8.090614886731391e-06	0.001407766990291262
F43	F90	30	1846	114	37006	3.3749860965248646e-14	8.090614886731391e-06	0.0014158576051779934
F10	F12	23	1015	112	37006	4.286444904826492e-14	8.090614886731391e-06	0.0014239482200647249
N10	N13	23	499	220	37006	4.458031076465988e-14	8.090614886731391e-06	0.0014320388349514561
N12	N39	28	135	1328	37006	4.697140201215948e-14	8.090614886731391e-06	0.0014401294498381876
M41	M54	26	291	504	37006	5.246609449986204e-14	8.090614886731391e-06	0.001448220064724919
F34	F50	13	45	563	37006	9.542704464487344e-14	8.090614886731391e-06	0.0014563106796116503
N87	A63	16	118	381	37006	1.0450691884823617e-13	8.090614886731391e-06	0.0014644012944983818
F34	F43	19	45	1846	37006	1.1694314541950077e-13	8.090614886731391e-06	0.0014724919093851133
E78	I10	11	107	127	37006	1.1725189822814534e-13	8.090614886731391e-06	0.0014805825242718445
C41	C49	6	36	26	37006	1.2403407648276962e-13	8.090614886731391e-06	0.001488673139158576
F33	F50	23	207	563	37006	1.4936308166280815e-13	8.090614886731391e-06	0.0014967637540453074
C71	J96	11	89	160	37006	1.90345963854721e-13	8.090614886731391e-06	0.0015048543689320387
N17	N18	6	35	29	37006	2.1292925356351473e-13	8.090614886731391e-06	0.0015129449838187702
E03	E06	12	181	107	37006	2.1464483915179002e-13	8.090614886731391e-06	0.0015210355987055014
C79	H53	6	10	122	37006	2.355208982346068e-13	8.090614886731391e-06	0.0015291262135922329
K00	K01	13	42	663	37006	2.7636908667688874e-13	8.090614886731391e-06	0.0015372168284789644
C71	G81	8	89	49	37006	3.373667366662125e-13	8.090614886731391e-06	0.0015453074433656956
E66	F32	57	763	928	37006	3.521387773376443e-13	8.090614886731391e-06	0.001553398058252427
N80	N83	22	108	1053	37006	3.7765662564070576e-13	8.090614886731391e-06	0.0015614886731391585
F60	F91	20	518	169	37006	3.8961228395106574e-13	8.090614886731391e-06	0.0015695792880258898
G43	G44	35	739	401	37006	4.181676448116003e-13	8.090614886731391e-06	0.0015776699029126213
J00	J20	14	164	204	37006	4.879129953166511e-13	8.090614886731391e-06	0.0015857605177993527
J96	M81	9	160	48	37006	6.10667295558722e-13	8.090614886731391e-06	0.001593851132686084
E30	E34	8	36	136	37006	7.495259654388285e-13	8.090614886731391e-06	0.0016019417475728155
F70	F71	6	82	16	37006	7.727089965567713e-13	8.090614886731391e-06	0.0016100323624595467
N77	A60	6	17	78	37006	8.753138964245353e-13	8.090614886731391e-06	0.0016181229773462782
K04	K12	9	88	90	37006	9.636434223384766e-13	8.090614886731391e-06	0.0016262135922330096
C91	A41	6	29	45	37006	1.0628028214598933e-12	8.090614886731391e-06	0.001634304207119741
F13	F60	14	71	518	37006	1.081221541177414e-12	8.090614886731391e-06	0.0016423948220064724
F44	G40	23	156	840	37006	1.2968140856010328e-12	8.090614886731391e-06	0.0016504854368932038
F32	F44	24	928	156	37006	1.3423259529674714e-12	8.090614886731391e-06	0.001658576051779935
J33	J34	11	34	555	37006	1.6391837629123395e-12	8.090614886731391e-06	0.0016666666666666666
J30	L20	11	119	145	37006	1.6703098071080232e-12	8.090614886731391e-06	0.001674757281553398
M22	M25	15	184	244	37006	1.8671461933005794e-12	8.090614886731391e-06	0.0016828478964401293
N73	N83	19	84	1053	37006	2.0906963697443172e-12	8.090614886731391e-06	0.0016909385113268607
K60	K61	7	62	49	37006	2.1223194559841463e-12	8.090614886731391e-06	0.0016990291262135922
B27	J03	37	420	843	37006	3.3580728984002094e-12	8.090614886731391e-06	0.0017071197411003235
N18	D64	7	29	115	37006	3.430000971174933e-12	8.090614886731391e-06	0.001715210355987055
E78	E79	6	107	16	37006	3.9650136687546636e-12	8.090614886731391e-06	0.0017233009708737862
F43	F98	27	1846	112	37006	6.084575886221797e-12	8.090614886731391e-06	0.0017313915857605177
N35	N39	14	35	1328	37006	6.28888886718795e-12	8.090614886731391e-06	0.0017394822006472491
H66	H72	7	118	31	37006	6.906538263821501e-12	8.090614886731391e-06	0.0017475728155339804
G82	M41	11	71	291	37006	9.918315314879263e-12	8.090614886731391e-06	0.0017556634304207118
K10	K12	7	42	90	37006	9.9844801513416e-12	8.090614886731391e-06	0.0017637540453074433
E11	E66	11	30	763	37006	1.019371638177093e-11	8.090614886731391e-06	0.0017718446601941746
E41	F50	6	6	563	37006	1.2077715189284172e-11	8.090614886731391e-06	0.001779935275080906
J35	J36	65	3405	292	37006	1.580615661312459e-11	8.090614886731391e-06	0.0017880258899676375
B27	K75	9	420	28	37006	1.637436051782001e-11	8.090614886731391e-06	0.0017961165048543688
M87	M93	9	90	120	37006	1.6557015283874377e-11	8.090614886731391e-06	0.0018042071197411002
D50	K51	13	336	106	37006	1.686292759296107e-11	8.090614886731391e-06	0.0018122977346278317
F45	K29	44	471	1082	37006	1.7469180524919495e-11	8.090614886731391e-06	0.001820388349514563
E23	H53	7	34	122	37006	1.776503040290362e-11	8.090614886731391e-06	0.0018284789644012944
F83	F98	8	64	112	37006	2.0989888410249165e-11	8.090614886731391e-06	0.0018365695792880257
N80	D27	10	108	148	37006	2.1324597448350337e-11	8.090614886731391e-06	0.0018446601941747571
M24	M25	12	117	244	37006	2.1413402532665407e-11	8.090614886731391e-06	0.0018527508090614886
F60	L98	12	518	59	37006	3.0739650284292154e-11	8.090614886731391e-06	0.0018608414239482199
E03	E66	22	181	763	37006	3.086089038744548e-11	8.090614886731391e-06	0.0018689320388349513
F17	J45	20	282	391	37006	3.1075538990272796e-11	8.090614886731391e-06	0.0018770226537216828
F12	F15	6	112	21	37006	3.509209946021358e-11	8.090614886731391e-06	0.001885113268608414
G51	A69	8	178	44	37006	3.7394052812404575e-11	8.090614886731391e-06	0.0018932038834951455
M23	M67	26	404	486	37006	4.0544414068870617e-11	8.090614886731391e-06	0.001901294498381877
G80	M21	11	80	293	37006	4.1020979330596956e-11	8.090614886731391e-06	0.0019093851132686082
F10	F19	26	1015	197	37006	4.19129485881379e-11	8.090614886731391e-06	0.0019174757281553397
N23	N39	18	71	1328	37006	4.452787421468196e-11	8.090614886731391e-06	0.001925566343042071
G40	G81	13	840	49	37006	4.7896226827731524e-11	8.090614886731391e-06	0.0019336569579288024
F12	F32	19	112	928	37006	5.038930724844858e-11	8.090614886731391e-06	0.001941747572815534
K01	K04	15	663	88	37006	5.103704031934853e-11	8.090614886731391e-06	0.0019498381877022652
F32	F91	23	928	169	37006	5.155561849607059e-11	8.090614886731391e-06	0.001957928802588997
G44	H81	13	401	98	37006	5.473881124546296e-11	8.090614886731391e-06	0.001966019417475728
E73	K29	23	147	1082	37006	5.872533002225711e-11	8.090614886731391e-06	0.0019741100323624593
F79	G40	11	32	840	37006	6.453419926635222e-11	8.090614886731391e-06	0.001982200647249191
F11	F60	11	49	518	37006	6.559978536371975e-11	8.090614886731391e-06	0.0019902912621359223
F10	F13	16	1015	71	37006	7.119208391073273e-11	8.090614886731391e-06	0.0019983818770226537
J03	J35	136	843	3405	37006	7.234435738933842e-11	8.090614886731391e-06	0.0020064724919093848
F60	F90	15	518	114	37006	7.435260967381862e-11	8.090614886731391e-06	0.0020145631067961163
F17	F33	15	282	207	37006	7.90214708229371e-11	8.090614886731391e-06	0.0020226537216828477
F92	F94	9	291	46	37006	8.675637373656017e-11	8.090614886731391e-06	0.002030744336569579
I45	I47	7	47	109	37006	9.027964192318377e-11	8.090614886731391e-06	0.0020388349514563107
F83	G80	7	64	80	37006	9.489077722488462e-11	8.090614886731391e-06	0.002046925566343042
D50	K29	35	336	1082	37006	1.0838128232428619e-10	8.090614886731391e-06	0.002055016181229773
F41	F93	17	342	238	37006	1.0987448247187466e-10	8.090614886731391e-06	0.0020631067961165046
F90	F92	12	114	291	37006	1.2061431834007733e-10	8.090614886731391e-06	0.002071197411003236
F19	F91	12	197	169	37006	1.3552242347018672e-10	8.090614886731391e-06	0.0020792880258899676
G82	G93	7	71	77	37006	1.5262333316076957e-10	8.090614886731391e-06	0.002087378640776699
E66	F98	17	763	112	37006	1.6002882308269716e-10	8.090614886731391e-06	0.00209546925566343
F13	F43	20	71	1846	37006	1.604489283100427e-10	8.090614886731391e-06	0.0021035598705501615
I88	A09	39	267	1695	37006	1.701913815163737e-10	8.090614886731391e-06	0.002111650485436893
N83	D39	14	1053	53	37006	1.7923450478822844e-10	8.090614886731391e-06	0.0021197411003236245
G40	G93	15	840	77	37006	1.846663756708668e-10	8.090614886731391e-06	0.002127831715210356
F70	F90	8	82	114	37006	1.8635146171124444e-10	8.090614886731391e-06	0.0021359223300970874
G44	H52	13	401	108	37006	1.9025318236840839e-10	8.090614886731391e-06	0.0021440129449838185
M23	M94	10	404	52	37006	2.2637355019525661e-10	8.090614886731391e-06	0.00215210355987055
E66	F17	26	763	282	37006	2.621894771206735e-10	8.090614886731391e-06	0.0021601941747572814
N70	N83	27	223	1053	37006	2.950947506942131e-10	8.090614886731391e-06	0.002168284789644013
C71	D70	6	89	36	37006	2.996434019409536e-10	8.090614886731391e-06	0.0021763754045307443
F43	F94	16	1846	46	37006	3.2878358079997423e-10	8.090614886731391e-06	0.0021844660194174754
F17	K29	31	282	1082	37006	3.307404584982785e-10	8.090614886731391e-06	0.002192556634304207
F83	J96	8	64	160	37006	3.6897605682930833e-10	8.090614886731391e-06	0.0022006472491909383
K61	L05	9	49	328	37006	4.552671475394731e-10	8.090614886731391e-06	0.0022087378640776698
F43	F61	15	1846	41	37006	5.16209486443257e-10	8.090614886731391e-06	0.0022168284789644012
J96	M41	13	160	291	37006	5.260764797323518e-10	8.090614886731391e-06	0.0022249190938511327
N10	N30	16	499	158	37006	5.349997574890512e-10	8.090614886731391e-06	0.0022330097087378637
K25	K92	6	23	166	37006	7.050119077812143e-10	8.090614886731391e-06	0.002241100323624595
E87	F10	19	120	1015	37006	7.690559461193441e-10	8.090614886731391e-06	0.0022491909385113267
F12	F33	10	112	207	37006	8.310254920496375e-10	8.090614886731391e-06	0.002257281553398058
E10	E11	8	408	30	37006	9.652700173392265e-10	8.090614886731391e-06	0.0022653721682847896
H66	H90	7	118	61	37006	1.0590304740802194e-09	8.090614886731391e-06	0.002273462783171521
G80	G81	6	80	49	37006	1.0947457537084486e-09	8.090614886731391e-06	0.002281553398058252
F42	F93	9	73	238	37006	1.0982699898304213e-09	8.090614886731391e-06	0.0022896440129449836
E03	G40	21	181	840	37006	1.164886302360195e-09	8.090614886731391e-06	0.002297734627831715
E66	F70	14	763	82	37006	1.3442104648462192e-09	8.090614886731391e-06	0.0023058252427184465
F43	F81	16	1846	50	37006	1.3505198333872067e-09	8.090614886731391e-06	0.002313915857605178
F41	F42	10	342	73	37006	1.478759453662365e-09	8.090614886731391e-06	0.002322006472491909
F92	F98	11	291	112	37006	1.528885378558746e-09	8.090614886731391e-06	0.0023300970873786405
F31	F60	11	65	518	37006	1.6472382337758028e-09	8.090614886731391e-06	0.002338187702265372
G81	J96	7	49	160	37006	1.8252203557947167e-09	8.090614886731391e-06	0.0023462783171521034
F83	M41	9	64	291	37006	1.9164997010918578e-09	8.090614886731391e-06	0.002354368932038835
D64	J96	9	115	160	37006	2.00149427705876e-09	8.090614886731391e-06	0.0023624595469255664
E10	E84	8	408	33	37006	2.2245530701142477e-09	8.090614886731391e-06	0.0023705501618122974
K80	K83	6	314	16	37006	2.652745576972492e-09	8.090614886731391e-06	0.002378640776699029
I84	K92	7	50	166	37006	2.732901831526713e-09	8.090614886731391e-06	0.0023867313915857604
F83	G82	6	64	71	37006	2.7595590202424228e-09	8.090614886731391e-06	0.002394822006472492
E66	I15	8	763	20	37006	3.1866560455967148e-09	8.090614886731391e-06	0.0024029126213592233
J96	K86	6	160	30	37006	3.239409071143242e-09	8.090614886731391e-06	0.0024110032362459543
D16	L05	13	165	328	37006	3.266780007425477e-09	8.090614886731391e-06	0.002419093851132686
H53	J96	9	122	160	37006	3.3832731088453477e-09	8.090614886731391e-06	0.0024271844660194173
J00	J02	10	164	164	37006	3.617682950018115e-09	8.090614886731391e-06	0.0024352750809061487
F32	F61	11	928	41	37006	3.6951478007539157e-09	8.090614886731391e-06	0.00244336569579288
F70	F91	8	82	169	37006	4.2827210394463514e-09	8.090614886731391e-06	0.0024514563106796117
M65	M67	14	139	486	37006	4.952190432386403e-09	8.090614886731391e-06	0.0024595469255663427
F45	F50	27	471	563	37006	5.4572173907409475e-09	8.090614886731391e-06	0.002467637540453074
F94	F98	6	46	112	37006	5.696601052946804e-09	8.090614886731391e-06	0.0024757281553398056
H83	H91	6	38	139	37006	6.29931850841736e-09	8.090614886731391e-06	0.002483818770226537
C49	D48	6	26	209	37006	6.327354925162709e-09	8.090614886731391e-06	0.0024919093851132686
E10	K90	13	408	141	37006	6.502255588549847e-09	8.090614886731391e-06	0.0024999999999999996
F19	F92	13	197	291	37006	6.683875060381308e-09	8.090614886731391e-06	0.002508090614886731
A41	E87	6	45	120	37006	7.527083954499697e-09	8.090614886731391e-06	0.0025161812297734626
D16	M85	7	165	58	37006	7.655426677036472e-09	8.090614886731391e-06	0.002524271844660194
E10	E13	6	408	15	37006	7.967534188153918e-09	8.090614886731391e-06	0.0025323624595469255
F32	F93	24	928	238	37006	9.48485441505225e-09	8.090614886731391e-06	0.002540453074433657
K56	K59	25	210	1149	37006	1.0761924116586812e-08	8.090614886731391e-06	0.002548543689320388
C71	G40	14	89	840	37006	1.3692648307352502e-08	8.090614886731391e-06	0.0025566343042071195
G81	H53	6	49	122	37006	1.4121921415698257e-08	8.090614886731391e-06	0.002564724919093851
F60	F63	7	518	22	37006	1.4377939825913595e-08	8.090614886731391e-06	0.0025728155339805824
F43	H52	22	1846	108	37006	1.554863030674962e-08	8.090614886731391e-06	0.002580906148867314
F43	F71	9	1846	16	37006	1.5603214424870445e-08	8.090614886731391e-06	0.002588996763754045
F17	F50	20	282	563	37006	1.6517490873803436e-08	8.090614886731391e-06	0.0025970873786407764
J18	J98	9	266	90	37006	1.9019486841291396e-08	8.090614886731391e-06	0.002605177993527508
K01	K08	11	663	65	37006	2.0938040322396008e-08	8.090614886731391e-06	0.0026132686084142393
M21	M40	6	293	23	37006	2.1099085075681917e-08	8.090614886731391e-06	0.002621359223300971
F41	F60	21	342	518	37006	2.122667071753283e-08	8.090614886731391e-06	0.0026294498381877023
K01	K02	16	663	155	37006	2.245331106232632e-08	8.090614886731391e-06	0.0026375404530744333
D64	D69	8	115	149	37006	2.3498677224682858e-08	8.090614886731391e-06	0.0026456310679611648
D48	M96	6	209	32	37006	2.421132020100248e-08	8.090614886731391e-06	0.0026537216828478962
K20	K29	7	13	1082	37006	2.6361331604644914e-08	8.090614886731391e-06	0.0026618122977346277
J15	J96	9	156	160	37006	2.9182645328786407e-08	8.090614886731391e-06	0.002669902912621359
F84	K02	6	45	155	37006	3.486446981808248e-08	8.090614886731391e-06	0.0026779935275080906
F45	J30	12	471	119	37006	4.361940669889767e-08	8.090614886731391e-06	0.0026860841423948217
D64	K51	7	115	106	37006	4.3992405422124806e-08	8.090614886731391e-06	0.002694174757281553
N60	D24	6	33	224	37006	4.444003689163008e-08	8.090614886731391e-06	0.0027022653721682846
G44	M54	22	401	504	37006	4.485154099893814e-08	8.090614886731391e-06	0.002710355987055016
G93	J96	7	77	160	37006	4.617482812351141e-08	8.090614886731391e-06	0.0027184466019417475
F83	F90	6	64	114	37006	4.850111313579959e-08	8.090614886731391e-06	0.0027265372168284786
C41	D48	6	36	209	37006	5.1070405179951395e-08	8.090614886731391e-06	0.00273462783171521
E79	F60	6	16	518	37006	5.195876752551577e-08	8.090614886731391e-06	0.0027427184466019415
K07	K08	9	423	65	37006	5.557780943924959e-08	8.090614886731391e-06	0.002750809061488673
N28	N39	11	38	1328	37006	6.015579139569206e-08	8.090614886731391e-06	0.0027588996763754045
N76	N83	22	198	1053	37006	6.142607389183846e-08	8.090614886731391e-06	0.002766990291262136
J31	J35	18	47	3405	37006	7.123557217243558e-08	8.090614886731391e-06	0.002775080906148867
L03	L60	10	124	300	37006	7.629928199658956e-08	8.090614886731391e-06	0.0027831715210355984
D64	E87	7	115	120	37006	1.0361608627637621e-07	8.090614886731391e-06	0.00279126213592233
G44	J06	21	401	485	37006	1.0417985418182175e-07	8.090614886731391e-06	0.0027993527508090614
F33	F61	6	207	41	37006	1.0879850555887684e-07	8.090614886731391e-06	0.002807443365695793
D64	D68	6	115	73	37006	1.1342273020650311e-07	8.090614886731391e-06	0.002815533980582524
M24	M93	7	117	120	37006	1.1666284459452134e-07	8.090614886731391e-06	0.0028236245954692553
B27	A48	7	420	35	37006	1.1797337514187358e-07	8.090614886731391e-06	0.002831715210355987
H90	H91	6	61	139	37006	1.1803218520536162e-07	8.090614886731391e-06	0.0028398058252427183
F40	F43	14	51	1846	37006	1.2733914090829342e-07	8.090614886731391e-06	0.0028478964401294497
M22	M24	8	184	117	37006	1.3777314930890938e-07	8.090614886731391e-06	0.002855987055016181
J01	J32	10	149	268	37006	1.5146220792099017e-07	8.090614886731391e-06	0.0028640776699029123
E87	H53	7	120	122	37006	1.5547767825483958e-07	8.090614886731391e-06	0.0028721682847896437
K25	K29	8	23	1082	37006	1.7268627235719398e-07	8.090614886731391e-06	0.002880258899676375
G44	I95	19	401	414	37006	1.7445923050833044e-07	8.090614886731391e-06	0.0028883495145631067
I95	J06	21	414	485	37006	1.77123402405996e-07	8.090614886731391e-06	0.002896440129449838
E74	K59	15	93	1149	37006	1.7819239225732483e-07	8.090614886731391e-06	0.002904530744336569
F13	F32	12	71	928	37006	1.8969412404599188e-07	8.090614886731391e-06	0.0029126213592233006
E78	K76	6	107	86	37006	1.976197053491251e-07	8.090614886731391e-06	0.002920711974110032
L91	M21	8	78	293	37006	2.0365998921553494e-07	8.090614886731391e-06	0.0029288025889967636
E10	E86	12	408	159	37006	2.2802623524294756e-07	8.090614886731391e-06	0.002936893203883495
F32	F42	12	928	73	37006	2.601950365585313e-07	8.090614886731391e-06	0.0029449838187702265
K62	K92	6	59	166	37006	2.7537339291541326e-07	8.090614886731391e-06	0.0029530744336569575
N20	N39	21	160	1328	37006	3.2055778181037585e-07	8.090614886731391e-06	0.002961165048543689
E87	F50	12	120	563	37006	3.252334700051369e-07	8.090614886731391e-06	0.0029692556634304205
F11	F33	6	49	207	37006	3.2599918786110883e-07	8.090614886731391e-06	0.002977346278317152
E66	F33	18	763	207	37006	3.509112796142226e-07	8.090614886731391e-06	0.0029854368932038834
E61	F50	9	61	563	37006	3.5175808618531425e-07	8.090614886731391e-06	0.002993527508090615
J00	J01	8	164	149	37006	3.672848753077134e-07	8.090614886731391e-06	0.003001618122977346
C71	D64	6	89	115	37006	3.7186919436651417e-07	8.090614886731391e-06	0.0030097087378640774
F41	F81	7	342	50	37006	3.8456938337387393e-07	8.090614886731391e-06	0.003017799352750809
N70	N76	10	223	198	37006	3.898640458444274e-07	8.090614886731391e-06	0.0030258899676375403
M24	M67	11	117	486	37006	4.4491535712621234e-07	8.090614886731391e-06	0.003033980582524272
I47	J96	7	109	160	37006	5.09647969956873e-07	8.090614886731391e-06	0.003042071197411003
F43	F63	9	1846	22	37006	5.163217112451963e-07	8.090614886731391e-06	0.0030501618122977343
K51	K92	7	106	166	37006	5.402605051406622e-07	8.090614886731391e-06	0.0030582524271844658
F17	J20	11	282	204	37006	5.481494564778693e-07	8.090614886731391e-06	0.0030663430420711972
M41	M43	7	291	62	37006	5.877659739311702e-07	8.090614886731391e-06	0.0030744336569579287
F31	F32	11	65	928	37006	6.050797911845722e-07	8.090614886731391e-06	0.00308252427184466
F91	L70	6	169	67	37006	6.575809499698268e-07	8.090614886731391e-06	0.003090614886731391
N10	N28	7	499	38	37006	6.832586758996154e-07	8.090614886731391e-06	0.0030987055016181227
J44	J45	7	48	391	37006	7.065421138697621e-07	8.090614886731391e-06	0.003106796116504854
K76	K80	8	86	314	37006	7.345972666668029e-07	8.090614886731391e-06	0.0031148867313915856
F89	G40	7	24	840	37006	7.4830511456436e-07	8.090614886731391e-06	0.003122977346278317
E73	K59	18	147	1149	37006	7.856444313104512e-07	8.090614886731391e-06	0.003131067961165048
E66	F43	70	763	1846	37006	8.166355057807601e-07	8.090614886731391e-06	0.0031391585760517796
D50	E30	6	336	36	37006	8.295524943368889e-07	8.090614886731391e-06	0.003147249190938511
F32	L70	11	928	67	37006	8.300131168204204e-07	8.090614886731391e-06	0.0031553398058252425
K50	K60	6	191	62	37006	8.447714003212485e-07	8.090614886731391e-06	0.003163430420711974
K29	K90	17	1082	141	37006	8.696282867928478e-07	8.090614886731391e-06	0.0031715210355987055
F83	K21	6	64	186	37006	8.751852412501931e-07	8.090614886731391e-06	0.0031796116504854365
F44	F50	13	156	563	37006	8.758284326194308e-07	8.090614886731391e-06	0.003187702265372168
K52	K92	18	1024	166	37006	9.18060616909898e-07	8.090614886731391e-06	0.0031957928802588994
F23	F60	9	74	518	37006	9.49619469432403e-07	8.090614886731391e-06	0.003203883495145631
F41	F70	8	342	82	37006	9.645626411056576e-07	8.090614886731391e-06	0.0032119741100323624
E87	J96	7	120	160	37006	9.778606342373205e-07	8.090614886731391e-06	0.0032200647249190934
N92	N94	12	164	454	37006	9.8125853065418e-07	8.090614886731391e-06	0.003228155339805825
F90	F91	7	114	169	37006	9.981725321480105e-07	8.090614886731391e-06	0.0032362459546925564
F33	L98	6	207	59	37006	1.002678038406768e-06	8.090614886731391e-06	0.003244336569579288
F70	F93	7	82	238	37006	1.0512245379985514e-06	8.090614886731391e-06	0.0032524271844660193
F43	F80	10	1846	30	37006	1.1163758218345401e-06	8.090614886731391e-06	0.0032605177993527508
E66	L70	10	763	67	37006	1.12532206447827e-06	8.090614886731391e-06	0.003268608414239482
C71	H91	6	89	139	37006	1.1333116629932844e-06	8.090614886731391e-06	0.0032766990291262133
F10	F17	24	1015	282	37006	1.164476960779131e-06	8.090614886731391e-06	0.0032847896440129447
N83	C56	6	1053	14	37006	1.2921519858151514e-06	8.090614886731391e-06	0.003292880258899676
D43	G40	7	26	840	37006	1.3670271172703772e-06	8.090614886731391e-06	0.0033009708737864077
F41	F50	19	342	563	37006	1.594119711890909e-06	8.090614886731391e-06	0.003309061488673139
F17	J44	6	282	48	37006	1.741625599662151e-06	8.090614886731391e-06	0.00331715210355987
F17	K21	10	282	186	37006	1.8519944972169237e-06	8.090614886731391e-06	0.0033252427184466016
E03	F60	13	181	518	37006	1.8644608785624956e-06	8.090614886731391e-06	0.003333333333333333
M21	M84	6	293	47	37006	1.9132928637114645e-06	8.090614886731391e-06	0.0033414239482200646
F32	F51	8	928	35	37006	1.958649396817519e-06	8.090614886731391e-06	0.003349514563106796
J96	K50	8	160	191	37006	1.986008273472839e-06	8.090614886731391e-06	0.003357605177993527
M43	M54	8	62	504	37006	1.9872387099864e-06	8.090614886731391e-06	0.0033656957928802586
F41	F44	10	342	156	37006	2.120246307519601e-06	8.090614886731391e-06	0.00337378640776699
J15	J18	9	156	266	37006	2.1262897677081277e-06	8.090614886731391e-06	0.0033818770226537215
I26	J18	6	53	266	37006	2.2546514403413194e-06	8.090614886731391e-06	0.003389967637540453
F60	F70	9	518	82	37006	2.2807630712538158e-06	8.090614886731391e-06	0.0033980582524271844
K02	K12	6	155	90	37006	2.282131894560449e-06	8.090614886731391e-06	0.0034061488673139155
K29	K80	26	1082	314	37006	2.3070877929358673e-06	8.090614886731391e-06	0.003414239482200647
M25	M87	7	244	90	37006	2.3319534202832837e-06	8.090614886731391e-06	0.0034223300970873784
N10	N12	11	499	135	37006	2.392961067755574e-06	8.090614886731391e-06	0.00343042071197411
F81	F92	6	50	291	37006	2.6684221663395974e-06	8.090614886731391e-06	0.0034385113268608413
J15	J20	8	156	204	37006	2.682473536259785e-06	8.090614886731391e-06	0.0034466019417475724
J96	J98	6	160	90	37006	2.7428201103384304e-06	8.090614886731391e-06	0.003454692556634304
E78	F60	10	107	518	37006	2.7667411003216787e-06	8.090614886731391e-06	0.0034627831715210353
F19	F90	7	197	114	37006	2.7695460456147024e-06	8.090614886731391e-06	0.003470873786407767
G82	J20	6	71	204	37006	2.7709497077414194e-06	8.090614886731391e-06	0.0034789644012944983
F34	F60	7	45	518	37006	2.8962286960542925e-06	8.090614886731391e-06	0.0034870550161812297
D64	I10	6	115	127	37006	3.0059220192431427e-06	8.090614886731391e-06	0.0034951456310679608
F13	F33	6	71	207	37006	3.0142626540908747e-06	8.090614886731391e-06	0.0035032362459546922
B27	L27	7	420	56	37006	3.314453455246703e-06	8.090614886731391e-06	0.0035113268608414237
E87	I10	6	120	127	37006	3.848083432765444e-06	8.090614886731391e-06	0.003519417475728155
J02	J20	8	164	204	37006	3.8896691944132225e-06	8.090614886731391e-06	0.0035275080906148866
E03	K76	6	181	86	37006	4.282608396749492e-06	8.090614886731391e-06	0.0035355987055016177
F43	L70	14	1846	67	37006	4.55534669577242e-06	8.090614886731391e-06	0.003543689320388349
J01	J06	11	149	485	37006	4.764124643816372e-06	8.090614886731391e-06	0.0035517799352750806
D16	D48	8	165	209	37006	4.862806267432117e-06	8.090614886731391e-06	0.003559870550161812
E66	E88	7	763	34	37006	5.104948230779964e-06	8.090614886731391e-06	0.0035679611650485435
F45	J06	20	471	485	37006	5.2509518827516095e-06	8.090614886731391e-06	0.003576051779935275
I40	J03	6	21	843	37006	5.560031408210945e-06	8.090614886731391e-06	0.003584142394822006
F32	G47	11	928	81	37006	5.6942463907100774e-06	8.090614886731391e-06	0.0035922330097087375
G44	J01	10	401	149	37006	5.726315198312254e-06	8.090614886731391e-06	0.003600323624595469
F32	F90	13	928	114	37006	5.998264940037287e-06	8.090614886731391e-06	0.0036084142394822005
K29	K31	9	1082	46	37006	6.289412527468701e-06	8.090614886731391e-06	0.003616504854368932
J40	J45	7	66	391	37006	6.348129716352466e-06	8.090614886731391e-06	0.0036245954692556634
K51	K52	13	106	1024	37006	7.647669906526195e-06	8.090614886731391e-06	0.0036326860841423944
G44	A69	6	401	44	37006	7.773464688009895e-06	8.090614886731391e-06	0.003640776699029126
L90	M21	8	126	293	37006	7.860548340745087e-06	8.090614886731391e-06	0.0036488673139158574
F42	F60	8	73	518	37006	8.456425629910855e-06	8.090614886731391e-06	0.003656957928802589
K01	K10	7	663	42	37006	8.983352235041492e-06	8.090614886731391e-06	0.0036650485436893203
G80	M67	8	80	486	37006	1.0587034513670581e-05	8.090614886731391e-06	0.0036731391585760513
F90	G40	12	114	840	37006	1.1515611200284288e-05	8.090614886731391e-06	0.003681229773462783
F40	F50	7	51	563	37006	1.1786626910486668e-05	8.090614886731391e-06	0.0036893203883495143
E66	F91	14	763	169	37006	1.2051008436802974e-05	8.090614886731391e-06	0.0036974110032362457
F31	F92	6	65	291	37006	1.2565997986291896e-05	8.090614886731391e-06	0.003705501618122977
A49	K29	9	50	1082	37006	1.2881239307930212e-05	8.090614886731391e-06	0.0037135922330097087
N92	D64	6	164	115	37006	1.3051071067393773e-05	8.090614886731391e-06	0.0037216828478964397
F91	F98	6	169	112	37006	1.330741171744608e-05	8.090614886731391e-06	0.003729773462783171
E86	E87	6	159	120	37006	1.3958017382158192e-05	8.090614886731391e-06	0.0037378640776699027
F92	L70	6	291	67	37006	1.4983811151612711e-05	8.090614886731391e-06	0.003745954692556634
J32	M95	8	268	151	37006	1.5498550332724768e-05	8.090614886731391e-06	0.0037540453074433656
M25	M93	7	244	120	37006	1.5704305298555507e-05	8.090614886731391e-06	0.0037621359223300966
D50	J96	9	336	160	37006	1.7085320550501395e-05	8.090614886731391e-06	0.003770226537216828
F17	F45	14	282	471	37006	1.818880309448406e-05	8.090614886731391e-06	0.0037783171521035596
K59	K60	10	1149	62	37006	1.9870646038904743e-05	8.090614886731391e-06	0.003786407766990291
K36	K66	6	591	36	37006	2.0964195273186047e-05	8.090614886731391e-06	0.0037944983818770225
G82	M21	6	71	293	37006	2.176646957947492e-05	8.090614886731391e-06	0.003802588996763754
F60	H52	9	518	108	37006	2.2087865702705865e-05	8.090614886731391e-06	0.003810679611650485
J18	J96	8	266	160	37006	2.2316614922777833e-05	8.090614886731391e-06	0.0038187702265372165
E66	F90	11	763	114	37006	2.5023243876197127e-05	8.090614886731391e-06	0.003826860841423948
K22	K29	7	31	1082	37006	2.5481454430882256e-05	8.090614886731391e-06	0.0038349514563106794
E10	E78	8	408	107	37006	2.5676131737392292e-05	8.090614886731391e-06	0.003843042071197411
K50	K52	17	191	1024	37006	2.5691225560137197e-05	8.090614886731391e-06	0.003851132686084142
K29	K52	54	1082	1024	37006	2.700776572700654e-05	8.090614886731391e-06	0.0038592233009708734
F11	F32	8	49	928	37006	2.752686639267672e-05	8.090614886731391e-06	0.003867313915857605
N10	A41	6	499	45	37006	3.0424007758397456e-05	8.090614886731391e-06	0.0038754045307443363
D64	K50	6	115	191	37006	3.083418640843677e-05	8.090614886731391e-06	0.003883495145631068
J06	A09	43	485	1695	37006	3.236191369048113e-05	8.090614886731391e-06	0.0038915857605177993
F50	F61	6	563	41	37006	3.453836155417404e-05	8.090614886731391e-06	0.0038996763754045303
M25	M65	7	244	139	37006	4.051655769501637e-05	8.090614886731391e-06	0.003907766990291262
E66	G47	9	763	81	37006	4.460670716296603e-05	8.090614886731391e-06	0.003915857605177994
F45	F60	19	471	518	37006	4.471365784878232e-05	8.090614886731391e-06	0.003923948220064724
E28	E66	8	63	763	37006	4.484961397126555e-05	8.090614886731391e-06	0.003932038834951456
N39	B37	12	1328	84	37006	4.516221160805574e-05	8.090614886731391e-06	0.003940129449838187
J15	J45	9	156	391	37006	4.559452260649842e-05	8.090614886731391e-06	0.003948220064724919
F40	F45	6	51	471	37006	4.566705360769506e-05	8.090614886731391e-06	0.00395631067961165
F43	F95	7	1846	21	37006	4.7584350833662554e-05	8.090614886731391e-06	0.003964401294498382
F15	F43	7	21	1846	37006	4.7584350833662554e-05	8.090614886731391e-06	0.003972491909385113
J45	J98	7	391	90	37006	4.902495467802177e-05	8.090614886731391e-06	0.0039805825242718446
D69	J96	6	149	160	37006	4.903217225075903e-05	8.090614886731391e-06	0.003988673139158576
N10	N23	7	499	71	37006	4.908734019616172e-05	8.090614886731391e-06	0.0039967637540453075
F10	F11	8	1015	49	37006	5.1833410599854725e-05	8.090614886731391e-06	0.004004854368932039
E66	F50	27	763	563	37006	5.442564399729422e-05	8.090614886731391e-06	0.0040129449838187696
N30	N39	17	158	1328	37006	5.7463487478145376e-05	8.090614886731391e-06	0.004021035598705501
E10	E87	8	408	120	37006	5.846508460685025e-05	8.090614886731391e-06	0.0040291262135922325
N83	K66	7	1053	36	37006	6.005143207105128e-05	8.090614886731391e-06	0.004037216828478964
F44	J96	6	156	160	37006	6.329134189240164e-05	8.090614886731391e-06	0.0040453074433656954
H65	H66	6	212	118	37006	6.364893230430105e-05	8.090614886731391e-06	0.004053398058252427
F10	F33	17	1015	207	37006	6.369527376967865e-05	8.090614886731391e-06	0.004061488673139158
K29	K51	12	1082	106	37006	6.481487205335095e-05	8.090614886731391e-06	0.00406957928802589
J00	J06	10	164	485	37006	6.631244695036555e-05	8.090614886731391e-06	0.004077669902912621
E10	J96	9	408	160	37006	7.68263874417033e-05	8.090614886731391e-06	0.004085760517799353
F31	F43	12	65	1846	37006	7.87026646647901e-05	8.090614886731391e-06	0.004093851132686084
F60	I10	9	518	127	37006	7.922047368761359e-05	8.090614886731391e-06	0.004101941747572815
E79	F43	6	16	1846	37006	7.93502462294236e-05	8.090614886731391e-06	0.004110032362459546
K21	K90	6	186	141	37006	8.308615024192647e-05	8.090614886731391e-06	0.004118122977346278
E10	I10	8	408	127	37006	8.723949375485414e-05	8.090614886731391e-06	0.004126213592233009
D50	D64	7	336	115	37006	9.05207700245047e-05	8.090614886731391e-06	0.004134304207119741
F17	I95	12	282	414	37006	9.120742077407576e-05	8.090614886731391e-06	0.004142394822006472
F23	F32	9	74	928	37006	9.701831962278099e-05	8.090614886731391e-06	0.004150485436893204
F70	G40	9	82	840	37006	0.00010233449213095333	8.090614886731391e-06	0.004158576051779935
M20	M21	7	135	293	37006	0.00010597211453038925	8.090614886731391e-06	0.004166666666666667
K29	K30	6	1082	27	37006	0.00010769381793348211	8.090614886731391e-06	0.004174757281553398
G40	H53	11	840	122	37006	0.00011027609250224856	8.090614886731391e-06	0.0041828478964401295
D50	E87	7	336	120	37006	0.000118252422604125	8.090614886731391e-06	0.00419093851132686
E73	F45	9	147	471	37006	0.00011876571032477204	8.090614886731391e-06	0.004199029126213592
K58	K59	14	140	1149	37006	0.00012350148941481446	8.090614886731391e-06	0.004207119741100323
J18	J20	8	266	204	37006	0.00012360444822729868	8.090614886731391e-06	0.0042152103559870546
F33	F41	9	207	342	37006	0.0001440861889786349	8.090614886731391e-06	0.004223300970873786
F60	F93	12	518	238	37006	0.00014979535624968688	8.090614886731391e-06	0.0042313915857605175
K35	K66	11	3189	36	37006	0.00015051360739891213	8.090614886731391e-06	0.004239482200647249
I88	J03	17	267	843	37006	0.0001531117245099145	8.090614886731391e-06	0.00424757281553398
E86	J18	7	159	266	37006	0.0001614377372859283	8.090614886731391e-06	0.004255663430420712
E66	J00	12	763	164	37006	0.00016368250363714068	8.090614886731391e-06	0.004263754045307443
K29	K50	16	1082	191	37006	0.0001699898825310964	8.090614886731391e-06	0.004271844660194175
N39	N70	20	1328	223	37006	0.00017346495185437068	8.090614886731391e-06	0.0042799352750809054
M22	M67	10	184	486	37006	0.00017437614920849754	8.090614886731391e-06	0.004288025889967637
F41	F91	8	342	169	37006	0.00018861039387391953	8.090614886731391e-06	0.004296116504854368
E74	F45	7	93	471	37006	0.00019111896519926835	8.090614886731391e-06	0.0043042071197411
E03	E10	9	181	408	37006	0.0001956963721749246	8.090614886731391e-06	0.004312297734627831
D10	J35	11	35	3405	37006	0.00020329978829184079	8.090614886731391e-06	0.004320388349514563
F32	J30	11	928	119	37006	0.00020940163880768352	8.090614886731391e-06	0.004328478964401294
E66	J45	20	763	391	37006	0.00021192499178545799	8.090614886731391e-06	0.004336569579288026
F32	F70	9	928	82	37006	0.0002153150440634488	8.090614886731391e-06	0.004344660194174757
D50	F50	15	336	563	37006	0.00022752514157555173	8.090614886731391e-06	0.004352750809061489
K50	K92	6	191	166	37006	0.00023397546393150344	8.090614886731391e-06	0.00436084142394822
E06	F50	8	107	563	37006	0.00023823778910483047	8.090614886731391e-06	0.004368932038834951
K29	K59	55	1082	1149	37006	0.0002781539814628571	8.090614886731391e-06	0.004377022653721682
M20	M25	6	135	244	37006	0.00028570949100876797	8.090614886731391e-06	0.004385113268608414
F45	M54	17	471	504	37006	0.00029709353607269064	8.090614886731391e-06	0.004393203883495145
N83	N94	27	1053	454	37006	0.00029924017545045363	8.090614886731391e-06	0.004401294498381877
D64	M41	6	115	291	37006	0.0003084219935508347	8.090614886731391e-06	0.004409385113268608
B99	J20	6	164	204	37006	0.00031196716432677996	8.090614886731391e-06	0.0044174757281553395
J45	J96	8	391	160	37006	0.00031985420085318186	8.090614886731391e-06	0.004425566343042071
F17	F41	10	282	342	37006	0.0003252822345046385	8.090614886731391e-06	0.0044336569579288025
G44	M51	6	401	85	37006	0.0003316865926301835	8.090614886731391e-06	0.004441747572815534
D22	B07	7	178	269	37006	0.0003441174416050018	8.090614886731391e-06	0.004449838187702265
G82	M67	6	71	486	37006	0.0003463395534382037	8.090614886731391e-06	0.004457928802588996
M21	M24	6	293	117	37006	0.00035090332755454903	8.090614886731391e-06	0.0044660194174757275
F60	L70	6	518	67	37006	0.0003541496343178779	8.090614886731391e-06	0.004474110032362459
E10	K76	6	408	86	37006	0.00038724037418253615	8.090614886731391e-06	0.00448220064724919
E61	K29	8	61	1082	37006	0.0003884299775088158	8.090614886731391e-06	0.004490291262135922
G40	J00	12	840	164	37006	0.0003906843841891507	8.090614886731391e-06	0.004498381877022653
J06	J20	10	485	204	37006	0.00039168772804667144	8.090614886731391e-06	0.004506472491909385
E74	K29	10	93	1082	37006	0.00039458479431071515	8.090614886731391e-06	0.004514563106796116
J02	J03	12	164	843	37006	0.00040326779080136315	8.090614886731391e-06	0.004522653721682848
E66	H52	9	763	108	37006	0.0004090103218586499	8.090614886731391e-06	0.004530744336569579
F33	F93	7	207	238	37006	0.00040929440975098996	8.090614886731391e-06	0.004538834951456311
E87	G40	10	120	840	37006	0.00042338707655546943	8.090614886731391e-06	0.004546925566343042
F17	F92	9	282	291	37006	0.00042952987914587573	8.090614886731391e-06	0.004555016181229773
E73	F50	9	147	563	37006	0.0004408120702788238	8.090614886731391e-06	0.004563106796116504
G40	G47	8	840	81	37006	0.000509296745135421	8.090614886731391e-06	0.004571197411003236
E87	K52	11	120	1024	37006	0.0005161160990768834	8.090614886731391e-06	0.004579288025889967
E66	K21	12	763	186	37006	0.0005180140576083174	8.090614886731391e-06	0.004587378640776699
F45	J45	14	471	391	37006	0.0005562692109565833	8.090614886731391e-06	0.00459546925566343
D22	L50	6	178	211	37006	0.00057569875768111	8.090614886731391e-06	0.004603559870550162
M54	M79	9	504	171	37006	0.0005974445624276922	8.090614886731391e-06	0.004611650485436893
B27	B00	7	420	126	37006	0.000612128143650011	8.090614886731391e-06	0.0046197411003236245
F43	G47	12	1846	81	37006	0.00066288791430439	8.090614886731391e-06	0.004627831715210356
F10	F32	43	1015	928	37006	0.0006700762483459153	8.090614886731391e-06	0.0046359223300970875
F45	J01	8	471	149	37006	0.0006769953155474233	8.090614886731391e-06	0.004644012944983818
J06	K59	29	485	1149	37006	0.0006800354186756137	8.090614886731391e-06	0.0046521035598705495
F17	K50	7	282	191	37006	0.0006931365230123628	8.090614886731391e-06	0.004660194174757281
B85	F43	6	23	1846	37006	0.0007402303384030322	8.090614886731391e-06	0.0046682847896440125
F41	J96	7	342	160	37006	0.0007556709177715043	8.090614886731391e-06	0.004676375404530744
K36	K37	17	591	437	37006	0.000763416452045098	8.090614886731391e-06	0.004684466019417475
D69	I88	6	149	267	37006	0.0007742652675271299	8.090614886731391e-06	0.004692556634304207
K59	K66	6	1149	36	37006	0.0007755761864435362	8.090614886731391e-06	0.004700647249190938
N11	N39	6	32	1328	37006	0.0008586076273390109	8.090614886731391e-06	0.00470873786407767
J03	J20	13	843	204	37006	0.0008734224222593825	8.090614886731391e-06	0.004716828478964401
F42	F43	11	73	1846	37006	0.0009493211091106043	8.090614886731391e-06	0.004724919093851133
E78	J45	6	107	391	37006	0.0009871209550826614	8.090614886731391e-06	0.004733009708737863
M25	M79	6	244	171	37006	0.0009934985025730955	8.090614886731391e-06	0.004741100323624595
E86	J06	8	159	485	37006	0.0012436722454291374	8.090614886731391e-06	0.004749190938511326
N83	K38	9	1053	92	37006	0.001244342951230453	8.090614886731391e-06	0.004757281553398058
E78	F50	7	107	563	37006	0.0012791262295990186	8.090614886731391e-06	0.004765372168284789
F33	F92	7	207	291	37006	0.0013272032571692131	8.090614886731391e-06	0.004773462783171521
I88	K36	12	267	591	37006	0.0013341152140209313	8.090614886731391e-06	0.004781553398058252
I88	K52	17	267	1024	37006	0.0013538392604302753	8.090614886731391e-06	0.004789644012944984
F45	G43	20	471	739	37006	0.0014434235347757247	8.090614886731391e-06	0.004797734627831715
G43	H52	8	739	108	37006	0.0014873646608233588	8.090614886731391e-06	0.004805825242718447
F43	F51	7	1846	35	37006	0.0014912994059766225	8.090614886731391e-06	0.004813915857605178
J02	J06	8	164	485	37006	0.0015143104347760655	8.090614886731391e-06	0.004822006472491909
E78	F32	9	107	928	37006	0.0015148176778762021	8.090614886731391e-06	0.00483009708737864
F44	F92	6	156	291	37006	0.0015241081536369776	8.090614886731391e-06	0.004838187702265372
E86	K52	12	159	1024	37006	0.0016402329155162216	8.090614886731391e-06	0.004846278317152103
J00	J45	7	164	391	37006	0.0018784107901683327	8.090614886731391e-06	0.0048543689320388345
D50	K90	6	336	141	37006	0.0018828204365529417	8.090614886731391e-06	0.004862459546925566
K36	K59	32	591	1149	37006	0.0018831848704016722	8.090614886731391e-06	0.0048705501618122975
D50	G40	17	336	840	37006	0.0019365302344195316	8.090614886731391e-06	0.004878640776699029
F17	F91	6	282	169	37006	0.001950605131154788	8.090614886731391e-06	0.00488673139158576
J06	L50	9	485	211	37006	0.00198843150555872	8.090614886731391e-06	0.004894822006472492
F32	F98	9	928	112	37006	0.002079251242126047	8.090614886731391e-06	0.004902912621359223
E66	F45	20	763	471	37006	0.0020907192587852072	8.090614886731391e-06	0.004911003236245954
F43	F48	7	1846	37	37006	0.0020931834407794296	8.090614886731391e-06	0.004919093851132685
E66	K29	37	763	1082	37006	0.0020979381362344358	8.090614886731391e-06	0.004927184466019417
K59	K92	13	1149	166	37006	0.002121650383943033	8.090614886731391e-06	0.004935275080906148
N39	N76	16	1328	198	37006	0.002207980165512446	8.090614886731391e-06	0.00494336569579288
J18	J45	9	266	391	37006	0.0022347985165537083	8.090614886731391e-06	0.004951456310679611
N73	K36	6	84	591	37006	0.002295631836163461	8.090614886731391e-06	0.004959546925566343
F50	K21	9	563	186	37006	0.002303474294713667	8.090614886731391e-06	0.004967637540453074
F10	F91	12	1015	169	37006	0.002540281183613766	8.090614886731391e-06	0.004975728155339806
N39	K59	60	1328	1149	37006	0.0026097412946775975	8.090614886731391e-06	0.004983818770226537
N83	N92	12	1053	164	37006	0.002671297518408794	8.090614886731391e-06	0.004991909385113269
F45	I95	13	471	414	37006	0.002754710563386941	8.090614886731391e-06	0.004999999999999999
G44	J32	9	401	268	37006	0.00277908214760436	8.090614886731391e-06	0.005008090614886731
G40	K02	10	840	155	37006	0.002958989824241285	8.090614886731391e-06	0.005016181229773462
K35	K37	55	3189	437	37006	0.003010962183008389	8.090614886731391e-06	0.005024271844660194
B37	G40	7	84	840	37006	0.0030227726288766764	8.090614886731391e-06	0.005032362459546925
F10	F92	17	1015	291	37006	0.0030400379036457973	8.090614886731391e-06	0.005040453074433657
E78	G40	8	107	840	37006	0.0030909551209597273	8.090614886731391e-06	0.005048543689320388
G43	H53	8	739	122	37006	0.003194833715609153	8.090614886731391e-06	0.0050566343042071195
E66	K85	6	763	70	37006	0.003227804112545375	8.090614886731391e-06	0.005064724919093851
G40	J18	14	840	266	37006	0.0032890025472097927	8.090614886731391e-06	0.0050728155339805825
E66	J30	8	763	119	37006	0.003325475953453485	8.090614886731391e-06	0.005080906148867314
F50	I10	7	563	127	37006	0.0033852424481916627	8.090614886731391e-06	0.0050889967637540445
G40	G43	29	840	739	37006	0.0034292308821728358	8.090614886731391e-06	0.005097087378640776
M21	M25	7	293	244	37006	0.0034676110614249244	8.090614886731391e-06	0.0051051779935275075
M21	M22	6	293	184	37006	0.003592044078327484	8.090614886731391e-06	0.005113268608414239
F45	F93	9	471	238	37006	0.003652226272661483	8.090614886731391e-06	0.00512135922330097
A08	K56	12	856	210	37006	0.0037870552110102953	8.090614886731391e-06	0.005129449838187702
A04	K52	12	176	1024	37006	0.0037930702133724906	8.090614886731391e-06	0.005137540453074433
K29	K63	6	1082	52	37006	0.003986950891900812	8.090614886731391e-06	0.005145631067961165
I88	A08	14	267	856	37006	0.0040113112949250376	8.090614886731391e-06	0.005153721682847896
D50	K92	6	336	166	37006	0.004225458565041027	8.090614886731391e-06	0.005161812297734628
F10	F90	9	1015	114	37006	0.004230710182875005	8.090614886731391e-06	0.005169902912621359
F43	F83	9	1846	64	37006	0.004335395749311695	8.090614886731391e-06	0.00517799352750809
E66	G44	17	763	401	37006	0.004418138129748831	8.090614886731391e-06	0.005186084142394821
J00	J03	10	164	843	37006	0.00452887491197781	8.090614886731391e-06	0.005194174757281553
F32	I10	9	928	127	37006	0.004824247626215407	8.090614886731391e-06	0.005202265372168284
N39	M54	30	1328	504	37006	0.0051588145587577365	8.090614886731391e-06	0.005210355987055016
N39	A41	6	1328	45	37006	0.005198187560746787	8.090614886731391e-06	0.005218446601941747
