ICD1	ICD2	val11	occ1	occ2	NN	pval	bonf_thresh	fdr_thresh
N13	N20	252	371	871	43654	0.0	7.651109410864576e-06	7.651109410864576e-06
J32	J34	394	728	2503	43654	4.853397222344608e-294	7.651109410864576e-06	1.5302218821729152e-05
J34	M95	287	2503	360	43654	3.672878811989798e-288	7.651109410864576e-06	2.295332823259373e-05
N20	N23	197	871	316	43654	4.0557895312470614e-257	7.651109410864576e-06	3.0604437643458305e-05
F11	F13	158	496	290	43654	4.660485798423957e-235	7.651109410864576e-06	3.825554705432288e-05
K21	K44	156	545	400	43654	1.9143477430853422e-194	7.651109410864576e-06	4.590665646518746e-05
N13	N23	115	371	316	43654	2.9030966879702363e-159	7.651109410864576e-06	5.3557765876052033e-05
K29	K44	162	1253	400	43654	6.849019083565795e-142	7.651109410864576e-06	6.120887528691661e-05
H91	H93	112	351	449	43654	1.4423288818698255e-136	7.651109410864576e-06	6.885998469778119e-05
K21	K29	176	545	1253	43654	3.847232030847163e-134	7.651109410864576e-06	7.651109410864576e-05
B18	F11	108	354	496	43654	7.192635160743178e-124	7.651109410864576e-06	8.416220351951034e-05
E66	I10	135	536	690	43654	3.748070029455886e-122	7.651109410864576e-06	9.181331293037491e-05
M51	M54	166	731	949	43654	4.1381362559719633e-119	7.651109410864576e-06	9.946442234123949e-05
F11	F19	133	496	1020	43654	6.45313853865916e-101	7.651109410864576e-06	0.00010711553175210407
B18	F19	116	354	1020	43654	4.086437004425946e-99	7.651109410864576e-06	0.00011476664116296864
F10	F60	169	1929	522	43654	8.003682910136274e-98	7.651109410864576e-06	0.00012241775057383322
M23	M94	102	1797	171	43654	1.4545365496497322e-95	7.651109410864576e-06	0.0001300688599846978
F11	F14	61	496	104	43654	1.1780753459702029e-91	7.651109410864576e-06	0.00013771996939556237
F32	F60	117	849	522	43654	3.188774311868036e-88	7.651109410864576e-06	0.00014537107880642695
F10	F32	197	1929	849	43654	3.384104317923308e-85	7.651109410864576e-06	0.00015302218821729152
C62	C77	42	221	58	43654	4.548604299337852e-85	7.651109410864576e-06	0.0001606732976281561
H83	H93	64	177	449	43654	2.6098612605852476e-81	7.651109410864576e-06	0.00016832440703902068
F12	F20	89	396	632	43654	1.501988948935205e-78	7.651109410864576e-06	0.00017597551644988525
F11	F12	82	496	396	43654	4.1787395959519055e-78	7.651109410864576e-06	0.00018362662586074983
E78	I10	100	515	690	43654	8.875837350533043e-78	7.651109410864576e-06	0.0001912777352716144
F10	F43	195	1929	927	43654	1.750604968004861e-76	7.651109410864576e-06	0.00019892884468247898
B18	F13	65	354	290	43654	3.1914955230002184e-74	7.651109410864576e-06	0.00020657995409334356
E66	E78	87	536	515	43654	8.450002679046693e-72	7.651109410864576e-06	0.00021423106350420813
F43	F60	106	927	522	43654	4.226019524860281e-71	7.651109410864576e-06	0.0002218821729150727
F13	F19	86	290	1020	43654	3.1943369146997734e-69	7.651109410864576e-06	0.00022953328232593729
K60	K61	64	274	421	43654	3.286348286799934e-69	7.651109410864576e-06	0.00023718439173680186
F10	K70	57	1929	68	43654	2.6010434924375136e-66	7.651109410864576e-06	0.00024483550114766644
F12	F13	60	396	290	43654	4.365143745469736e-63	7.651109410864576e-06	0.00025248661055853104
C62	D40	35	221	68	43654	6.389228543254926e-63	7.651109410864576e-06	0.0002601377199693956
E78	E79	59	515	225	43654	1.0198526408148924e-61	7.651109410864576e-06	0.00026778882938026014
F32	F43	117	849	927	43654	3.068539043825876e-59	7.651109410864576e-06	0.00027543993879112474
B35	A46	32	57	242	43654	6.620593556526683e-58	7.651109410864576e-06	0.00028309104820198935
F33	F60	54	210	522	43654	1.1033682325114177e-55	7.651109410864576e-06	0.0002907421576128539
F19	F60	95	1020	522	43654	2.2058274876299975e-55	7.651109410864576e-06	0.00029839326702371844
F19	B17	61	1020	172	43654	1.0666898917640906e-54	7.651109410864576e-06	0.00030604437643458305
J32	J33	54	728	163	43654	1.538568968649187e-54	7.651109410864576e-06	0.00031369548584544765
F13	F14	37	290	104	43654	3.4641319414142727e-54	7.651109410864576e-06	0.0003213465952563122
J33	J34	78	163	2503	43654	2.3566280602929513e-52	7.651109410864576e-06	0.00032899770466717675
F12	F60	63	396	522	43654	6.289098791722204e-51	7.651109410864576e-06	0.00033664881407804135
F20	F23	64	632	345	43654	7.895695683817842e-51	7.651109410864576e-06	0.00034429992348890596
N47	N48	72	1014	324	43654	1.4294638526811467e-48	7.651109410864576e-06	0.0003519510328997705
F32	F33	57	849	210	43654	3.655684777034951e-48	7.651109410864576e-06	0.00035960214231063505
B18	F14	35	354	104	43654	4.1362001789719983e-47	7.651109410864576e-06	0.00036725325172149966
E66	K76	58	536	353	43654	4.466192197340994e-47	7.651109410864576e-06	0.00037490436113236426
F19	F32	107	1020	849	43654	2.8033691448997467e-46	7.651109410864576e-06	0.0003825554705432288
E66	G47	55	536	318	43654	6.289770592711565e-46	7.651109410864576e-06	0.00039020657995409336
F12	F19	75	396	1020	43654	4.09952584575854e-45	7.651109410864576e-06	0.00039785768936495796
F10	F12	97	1929	396	43654	2.827040554571237e-44	7.651109410864576e-06	0.00040550879877582257
K02	K04	32	175	182	43654	2.6613268903432646e-43	7.651109410864576e-06	0.0004131599081866871
K01	K07	46	343	349	43654	6.591092615300453e-42	7.651109410864576e-06	0.00042081101759755166
E78	K76	53	515	353	43654	7.302642002349704e-42	7.651109410864576e-06	0.00042846212700841627
F12	F14	33	396	104	43654	8.073626273768441e-42	7.651109410864576e-06	0.00043611323641928087
N18	I10	38	103	690	43654	1.1433626212725006e-41	7.651109410864576e-06	0.0004437643458301454
M22	M23	58	146	1797	43654	1.4324324899500266e-41	7.651109410864576e-06	0.00045141545524100997
E78	F17	75	515	897	43654	1.0620415495287041e-40	7.651109410864576e-06	0.00045906656465187457
F10	F19	152	1929	1020	43654	6.716382121735814e-40	7.651109410864576e-06	0.0004667176740627392
F10	F13	79	1929	290	43654	7.170820454435073e-40	7.651109410864576e-06	0.0004743687834736037
J34	J35	244	2503	1736	43654	3.000312965274901e-39	7.651109410864576e-06	0.0004820198928844683
B18	B24	30	354	98	43654	4.6524465460901664e-39	7.651109410864576e-06	0.0004896710022953329
M23	M65	69	1797	245	43654	6.426768204540642e-38	7.651109410864576e-06	0.0004973221117061975
B18	B17	34	354	172	43654	6.164328866003458e-37	7.651109410864576e-06	0.0005049732211170621
D16	L05	72	298	1716	43654	5.457176637703607e-36	7.651109410864576e-06	0.0005126243305279266
F12	F32	60	396	849	43654	4.892841685079642e-35	7.651109410864576e-06	0.0005202754399387912
K02	K08	23	175	94	43654	6.400770179823036e-35	7.651109410864576e-06	0.0005279265493496558
C77	C78	14	58	29	43654	7.4240003562005635e-34	7.651109410864576e-06	0.0005355776587605203
E66	E79	39	536	225	43654	7.424661565699203e-33	7.651109410864576e-06	0.0005432287681713849
F10	F33	61	1929	210	43654	8.211343049996695e-33	7.651109410864576e-06	0.0005508798775822495
J43	J93	18	28	313	43654	1.8821648645415412e-32	7.651109410864576e-06	0.0005585309869931141
H90	H93	28	101	449	43654	3.2781856018889714e-32	7.651109410864576e-06	0.0005661820964039787
F41	F45	34	366	226	43654	3.3904080045646247e-32	7.651109410864576e-06	0.0005738332058148432
F13	F32	50	290	849	43654	4.095048363625488e-32	7.651109410864576e-06	0.0005814843152257078
F13	F60	41	290	522	43654	2.9009478902285275e-31	7.651109410864576e-06	0.0005891354246365724
I26	I80	19	90	119	43654	5.0978542844858245e-31	7.651109410864576e-06	0.0005967865340474369
E10	E14	20	252	57	43654	7.842939159343593e-31	7.651109410864576e-06	0.0006044376434583015
K26	K29	43	151	1253	43654	1.3367004254405854e-30	7.651109410864576e-06	0.0006120887528691661
N18	N19	15	103	39	43654	3.226979607560736e-30	7.651109410864576e-06	0.0006197398622800307
F10	F17	125	1929	897	43654	4.5420540263125996e-30	7.651109410864576e-06	0.0006273909716908953
K50	K63	24	328	97	43654	9.460207818391945e-30	7.651109410864576e-06	0.0006350420811017598
M17	M23	37	81	1797	43654	1.0375883106955038e-29	7.651109410864576e-06	0.0006426931905126244
H33	H52	23	131	207	43654	1.5900237228696664e-29	7.651109410864576e-06	0.000650344299923489
C62	C78	15	221	29	43654	1.652818895677475e-27	7.651109410864576e-06	0.0006579954093343535
H50	H52	21	115	207	43654	1.9766357269140064e-27	7.651109410864576e-06	0.0006656465187452181
H35	H53	15	81	72	43654	2.855191539213549e-27	7.651109410864576e-06	0.0006732976281560827
E66	F17	61	536	897	43654	2.9958878702554313e-27	7.651109410864576e-06	0.0006809487375669473
H33	H35	17	131	81	43654	4.825032603154761e-27	7.651109410864576e-06	0.0006885998469778119
F19	F20	70	1020	632	43654	4.906117613161115e-27	7.651109410864576e-06	0.0006962509563886764
I84	K60	36	505	274	43654	6.0786810535857696e-27	7.651109410864576e-06	0.000703902065799541
K80	K81	17	305	41	43654	1.8718872524501331e-26	7.651109410864576e-06	0.0007115531752104056
M24	M25	31	349	272	43654	2.734210786446712e-26	7.651109410864576e-06	0.0007192042846212701
F11	F32	56	496	849	43654	4.1931650915621833e-26	7.651109410864576e-06	0.0007268553940321347
I10	K76	44	690	353	43654	4.4631090886339806e-26	7.651109410864576e-06	0.0007345065034429993
K01	K09	18	343	48	43654	4.9082576499952807e-26	7.651109410864576e-06	0.0007421576128538639
F20	F60	50	632	522	43654	6.586126181997253e-26	7.651109410864576e-06	0.0007498087222647285
J35	J36	66	1736	353	43654	6.923860405081153e-26	7.651109410864576e-06	0.000757459831675593
F60	F61	26	522	119	43654	2.397361509540788e-25	7.651109410864576e-06	0.0007651109410864576
M65	M94	23	245	171	43654	5.359081142553832e-25	7.651109410864576e-06	0.0007727620504973222
F20	F25	29	632	142	43654	7.178032319811756e-25	7.651109410864576e-06	0.0007804131599081867
F12	F23	34	396	345	43654	8.367126759795865e-25	7.651109410864576e-06	0.0007880642693190513
E79	K76	28	225	353	43654	8.717877753567058e-25	7.651109410864576e-06	0.0007957153787299159
F14	F19	30	104	1020	43654	1.7004090349400938e-24	7.651109410864576e-06	0.0008033664881407805
I84	K62	27	505	149	43654	2.4585049588082706e-24	7.651109410864576e-06	0.0008110175975516451
F17	I10	65	897	690	43654	2.48712507238586e-24	7.651109410864576e-06	0.0008186687069625096
E79	I10	35	225	690	43654	2.9456823432382614e-24	7.651109410864576e-06	0.0008263198163733742
C73	E89	8	27	12	43654	3.356659137705774e-24	7.651109410864576e-06	0.0008339709257842388
D50	K51	17	89	179	43654	7.056746855982735e-24	7.651109410864576e-06	0.0008416220351951033
I20	I25	11	54	41	43654	1.0722405451765599e-23	7.651109410864576e-06	0.0008492731446059679
I42	I50	10	46	29	43654	1.1634084933457976e-23	7.651109410864576e-06	0.0008569242540168325
F32	F41	46	849	366	43654	1.330394062189454e-23	7.651109410864576e-06	0.0008645753634276971
J30	J34	51	169	2503	43654	2.148352142177745e-23	7.651109410864576e-06	0.0008722264728385617
E10	E16	13	252	26	43654	5.626545235765055e-23	7.651109410864576e-06	0.0008798775822494262
M23	M25	55	1797	272	43654	8.416284305770414e-23	7.651109410864576e-06	0.0008875286916602908
F30	F31	13	53	118	43654	1.5969124275338e-22	7.651109410864576e-06	0.0008951798010711554
J03	J35	79	564	1736	43654	2.6701597833382196e-22	7.651109410864576e-06	0.0009028309104820199
B18	F12	32	354	396	43654	2.9728744451258355e-22	7.651109410864576e-06	0.0009104820198928845
B18	F32	43	354	849	43654	1.4645657136988746e-21	7.651109410864576e-06	0.0009181331293037491
F19	F61	29	1020	119	43654	1.8978859086877953e-21	7.651109410864576e-06	0.0009257842387146137
K25	K29	30	108	1253	43654	2.0097737361807834e-21	7.651109410864576e-06	0.0009334353481254784
E10	E11	17	252	89	43654	2.6621575355902734e-21	7.651109410864576e-06	0.0009410864575363428
K35	K37	36	1608	134	43654	2.8581449704199434e-21	7.651109410864576e-06	0.0009487375669472074
K04	K12	20	182	214	43654	2.869374761601332e-21	7.651109410864576e-06	0.000956388676358072
I21	I25	9	30	41	43654	3.1183949134309072e-21	7.651109410864576e-06	0.0009640397857689365
K01	K04	23	343	182	43654	5.219345231343962e-21	7.651109410864576e-06	0.0009716908951798012
I85	K74	6	9	14	43654	2.6240214506968896e-20	7.651109410864576e-06	0.0009793420045906658
H65	H90	13	94	101	43654	6.300973385437855e-20	7.651109410864576e-06	0.0009869931140015302
K29	K92	41	1253	246	43654	1.0363905434915799e-19	7.651109410864576e-06	0.000994644223412395
F32	F45	33	849	226	43654	2.5586597469321217e-19	7.651109410864576e-06	0.0010022953328232595
N39	N41	14	239	61	43654	2.6518237885629774e-19	7.651109410864576e-06	0.0010099464422341242
N18	I12	8	103	12	43654	3.5726475447962397e-19	7.651109410864576e-06	0.0010175975516449887
I10	I11	14	690	26	43654	4.32312713717088e-19	7.651109410864576e-06	0.0010252486610558532
A15	A16	13	84	131	43654	4.535904250531446e-19	7.651109410864576e-06	0.0010328997704667179
K80	K85	20	305	167	43654	5.834214922694274e-19	7.651109410864576e-06	0.0010405508798775824
C73	E04	9	27	79	43654	5.928713579921776e-19	7.651109410864576e-06	0.0010482019892884469
K22	K44	18	95	400	43654	8.259270349879403e-19	7.651109410864576e-06	0.0010558530986993116
K02	K12	18	175	214	43654	9.852455041737522e-19	7.651109410864576e-06	0.001063504208110176
C83	C85	7	15	38	43654	1.3487390728840177e-18	7.651109410864576e-06	0.0010711553175210406
K50	K60	24	328	274	43654	1.5196748726835138e-18	7.651109410864576e-06	0.0010788064269319053
F32	K70	20	849	68	43654	1.6427994444304699e-18	7.651109410864576e-06	0.0010864575363427698
C81	C85	9	61	38	43654	1.7286321267324436e-18	7.651109410864576e-06	0.0010941086457536345
M53	M54	27	135	949	43654	1.7873755684854867e-18	7.651109410864576e-06	0.001101759755164499
K35	K65	21	1608	46	43654	1.9715954547085475e-18	7.651109410864576e-06	0.0011094108645753635
M23	M24	56	1797	349	43654	2.973219965413779e-18	7.651109410864576e-06	0.0011170619739862282
N18	D64	11	103	62	43654	3.3460060131600125e-18	7.651109410864576e-06	0.0011247130833970927
E10	H36	9	252	13	43654	4.320905842526487e-18	7.651109410864576e-06	0.0011323641928079574
B24	F19	24	98	1020	43654	4.792085062413561e-18	7.651109410864576e-06	0.0011400153022188219
F12	F17	42	396	897	43654	5.244779463627769e-18	7.651109410864576e-06	0.0011476664116296864
K21	K25	20	545	108	43654	6.359197821907167e-18	7.651109410864576e-06	0.001155317521040551
M23	M67	69	1797	513	43654	6.703785621065817e-18	7.651109410864576e-06	0.0011629686304514156
D50	K50	16	89	328	43654	7.692240545290354e-18	7.651109410864576e-06	0.00117061973986228
J03	J36	32	564	353	43654	9.862485953343035e-18	7.651109410864576e-06	0.0011782708492731448
I30	I31	8	34	46	43654	1.420421617190009e-17	7.651109410864576e-06	0.0011859219586840093
C62	D70	11	221	35	43654	1.633288370118193e-17	7.651109410864576e-06	0.0011935730680948738
K22	K29	25	95	1253	43654	1.8116066002650588e-17	7.651109410864576e-06	0.0012012241775057385
D43	G40	16	44	767	43654	1.864170919758574e-17	7.651109410864576e-06	0.001208875286916603
H66	H90	13	146	101	43654	2.4072089761794225e-17	7.651109410864576e-06	0.0012165263963274677
F33	F61	15	210	119	43654	2.747322212541501e-17	7.651109410864576e-06	0.0012241775057383322
B20	B24	7	10	98	43654	2.755714056560281e-17	7.651109410864576e-06	0.0012318286151491967
A16	J44	12	131	86	43654	4.032028211645254e-17	7.651109410864576e-06	0.0012394797245600614
F19	F43	69	1020	927	43654	4.35339939408703e-17	7.651109410864576e-06	0.001247130833970926
F12	F33	22	396	210	43654	4.826293591690445e-17	7.651109410864576e-06	0.0012547819433817906
J30	J45	20	169	381	43654	5.635493780055399e-17	7.651109410864576e-06	0.001262433052792655
F11	B17	22	496	172	43654	7.214938960187901e-17	7.651109410864576e-06	0.0012700841622035196
F10	F61	32	1929	119	43654	8.286706388795554e-17	7.651109410864576e-06	0.0012777352716143843
B24	B17	13	98	172	43654	1.398297187988824e-16	7.651109410864576e-06	0.0012853863810252488
F19	G40	61	1020	767	43654	1.452112139270832e-16	7.651109410864576e-06	0.0012930374904361133
I10	I20	16	690	54	43654	1.5450624050019045e-16	7.651109410864576e-06	0.001300688599846978
J18	J90	15	532	57	43654	2.2018701883453574e-16	7.651109410864576e-06	0.0013083397092578425
K01	K02	19	343	175	43654	2.535452625781183e-16	7.651109410864576e-06	0.001315990818668707
F41	F42	12	366	39	43654	3.214822668858111e-16	7.651109410864576e-06	0.0013236419280795717
M42	M51	16	54	731	43654	3.7979252787611477e-16	7.651109410864576e-06	0.0013312930374904362
K21	K26	21	545	151	43654	4.1923363130963793e-16	7.651109410864576e-06	0.001338944146901301
E11	E78	17	89	515	43654	4.4326319535870925e-16	7.651109410864576e-06	0.0013465952563121654
F25	F60	20	142	522	43654	7.262735899075108e-16	7.651109410864576e-06	0.00135424636572303
B23	B24	7	14	98	43654	7.823990049474892e-16	7.651109410864576e-06	0.0013618974751338946
E11	E66	17	89	536	43654	8.550381475671328e-16	7.651109410864576e-06	0.0013695485845447591
E78	I25	13	515	41	43654	9.618898731733564e-16	7.651109410864576e-06	0.0013771996939556238
E73	E74	7	55	24	43654	1.1532170192962512e-15	7.651109410864576e-06	0.0013848508033664883
F12	F25	18	396	142	43654	1.1802486140368938e-15	7.651109410864576e-06	0.0013925019127773528
B18	B16	15	354	94	43654	1.6697681226191835e-15	7.651109410864576e-06	0.0014001530221882175
G04	G35	9	37	134	43654	2.1296642760587346e-15	7.651109410864576e-06	0.001407804131599082
K50	K61	25	328	421	43654	2.73887143382472e-15	7.651109410864576e-06	0.0014154552410099465
B94	F19	10	12	1020	43654	2.9380979838753105e-15	7.651109410864576e-06	0.0014231063504208112
B16	B17	12	94	172	43654	3.4237699539172068e-15	7.651109410864576e-06	0.0014307574598316757
K21	K22	17	545	95	43654	3.5490374756505403e-15	7.651109410864576e-06	0.0014384085692425402
F10	F63	20	1929	48	43654	3.7308699650362314e-15	7.651109410864576e-06	0.001446059678653405
F01	K02	6	6	175	43654	3.807253975244804e-15	7.651109410864576e-06	0.0014537107880642694
N05	N18	8	30	103	43654	4.0796170301188004e-15	7.651109410864576e-06	0.0014613618974751341
G44	H81	15	205	170	43654	4.342069936535749e-15	7.651109410864576e-06	0.0014690130068859986
D69	D70	8	91	35	43654	5.845885069069587e-15	7.651109410864576e-06	0.0014766641162968631
N03	N18	7	17	103	43654	6.30872424675969e-15	7.651109410864576e-06	0.0014843152257077278
B24	A16	11	98	131	43654	1.039633066868147e-14	7.651109410864576e-06	0.0014919663351185923
G82	G93	8	56	61	43654	1.2150357135366544e-14	7.651109410864576e-06	0.001499617444529457
I26	J18	16	90	532	43654	1.7734291601854118e-14	7.651109410864576e-06	0.0015072685539403215
F40	F41	12	53	366	43654	1.9742011574231045e-14	7.651109410864576e-06	0.001514919663351186
M22	M94	13	146	171	43654	2.6008166368349405e-14	7.651109410864576e-06	0.0015225707727620507
E04	E05	9	79	83	43654	3.8347053899358655e-14	7.651109410864576e-06	0.0015302218821729152
B96	K29	11	16	1253	43654	3.9951349405229213e-14	7.651109410864576e-06	0.0015378729915837797
F17	F33	27	897	210	43654	4.350951204617144e-14	7.651109410864576e-06	0.0015455241009946444
C71	G40	11	23	767	43654	5.12122300463228e-14	7.651109410864576e-06	0.001553175210405509
C71	D43	6	23	44	43654	7.322604749150209e-14	7.651109410864576e-06	0.0015608263198163734
F13	F33	17	290	210	43654	8.221591597528862e-14	7.651109410864576e-06	0.0015684774292272381
J31	J35	18	47	1736	43654	8.634350333428717e-14	7.651109410864576e-06	0.0015761285386381026
H90	H91	14	101	351	43654	9.947792387198764e-14	7.651109410864576e-06	0.0015837796480489674
E11	H36	6	89	13	43654	1.0260108402496897e-13	7.651109410864576e-06	0.0015914307574598319
I42	I48	8	46	97	43654	1.0767751544756665e-13	7.651109410864576e-06	0.0015990818668706963
H25	H33	8	35	131	43654	1.1639374342877123e-13	7.651109410864576e-06	0.001606732976281561
F20	F22	15	632	72	43654	1.1788669576585965e-13	7.651109410864576e-06	0.0016143840856924256
M43	M51	14	52	731	43654	1.1855996148686372e-13	7.651109410864576e-06	0.0016220351951032903
N19	D64	7	39	62	43654	1.218727798672644e-13	7.651109410864576e-06	0.0016296863045141548
N18	E21	6	103	12	43654	1.3593425171203926e-13	7.651109410864576e-06	0.0016373374139250193
F20	F61	18	632	119	43654	1.4631440391369692e-13	7.651109410864576e-06	0.001644988523335884
K20	K29	12	22	1253	43654	1.472505054112535e-13	7.651109410864576e-06	0.0016526396327467485
C43	D22	9	54	142	43654	1.4806355488447143e-13	7.651109410864576e-06	0.001660290742157613
K04	K07	17	182	349	43654	1.5691109325701834e-13	7.651109410864576e-06	0.0016679418515684777
I47	I49	9	121	65	43654	2.0013861282134985e-13	7.651109410864576e-06	0.0016755929609793422
F17	K29	69	897	1253	43654	2.0506504753321867e-13	7.651109410864576e-06	0.0016832440703902067
F25	F61	11	142	119	43654	2.2732652008414397e-13	7.651109410864576e-06	0.0016908951798010714
K04	K08	11	182	94	43654	2.4926777772323734e-13	7.651109410864576e-06	0.0016985462892119359
K04	K05	8	182	30	43654	4.230281496775645e-13	7.651109410864576e-06	0.0017061973986228006
F06	F07	7	36	81	43654	4.640574805155056e-13	7.651109410864576e-06	0.001713848508033665
F13	F17	30	290	897	43654	5.69186193078276e-13	7.651109410864576e-06	0.0017214996174445296
F11	F60	30	496	522	43654	6.181277675799543e-13	7.651109410864576e-06	0.0017291507268553943
F60	L70	13	522	64	43654	6.641765112434953e-13	7.651109410864576e-06	0.0017368018362662588
J01	J32	21	165	728	43654	7.040425352343794e-13	7.651109410864576e-06	0.0017444529456771235
F23	F61	14	345	119	43654	7.980072994084978e-13	7.651109410864576e-06	0.001752104055087988
K29	K76	39	1253	353	43654	9.136024987414811e-13	7.651109410864576e-06	0.0017597551644988525
F23	F29	9	345	29	43654	9.442965715836364e-13	7.651109410864576e-06	0.0017674062739097172
H05	J01	7	21	165	43654	1.0780371804934934e-12	7.651109410864576e-06	0.0017750573833205817
N18	D63	6	103	16	43654	1.1691474002293997e-12	7.651109410864576e-06	0.0017827084927314462
K01	K05	9	343	30	43654	1.2716825879729399e-12	7.651109410864576e-06	0.0017903596021423109
E86	A09	17	78	977	43654	1.3500401523014532e-12	7.651109410864576e-06	0.0017980107115531754
D62	K26	7	24	151	43654	1.6961410499696876e-12	7.651109410864576e-06	0.0018056618209640399
N10	N39	9	43	239	43654	1.822085724784613e-12	7.651109410864576e-06	0.0018133129303749046
H52	H53	10	207	72	43654	1.9172817507680427e-12	7.651109410864576e-06	0.001820964039785769
H66	H71	9	146	69	43654	1.9487603268841123e-12	7.651109410864576e-06	0.0018286151491966338
F10	F11	60	1929	496	43654	2.262009761041412e-12	7.651109410864576e-06	0.0018362662586074983
N39	N45	14	239	185	43654	2.468017817562365e-12	7.651109410864576e-06	0.0018439173680183628
J37	J38	6	17	109	43654	2.5507993325506605e-12	7.651109410864576e-06	0.0018515684774292275
F10	K71	19	1929	58	43654	3.036206639154666e-12	7.651109410864576e-06	0.001859219586840092
N20	N39	26	871	239	43654	3.304089896611558e-12	7.651109410864576e-06	0.0018668706962509567
M53	M62	9	135	79	43654	3.3823507489850955e-12	7.651109410864576e-06	0.0018745218056618212
N13	N39	18	371	239	43654	3.382689310068794e-12	7.651109410864576e-06	0.0018821729150726857
K80	K82	8	305	24	43654	3.4570815995798982e-12	7.651109410864576e-06	0.0018898240244835504
K26	K92	13	151	246	43654	4.23041702003521e-12	7.651109410864576e-06	0.001897475133894415
C77	D40	7	58	68	43654	4.570746449053336e-12	7.651109410864576e-06	0.0019051262433052794
H43	H33	6	16	131	43654	5.082125555725539e-12	7.651109410864576e-06	0.001912777352716144
F32	F63	13	849	48	43654	5.35908901578527e-12	7.651109410864576e-06	0.0019204284621270086
M21	M24	12	87	349	43654	5.851802390274853e-12	7.651109410864576e-06	0.001928079571537873
H35	H52	10	81	207	43654	6.472600833043019e-12	7.651109410864576e-06	0.0019357306809487378
F17	F60	39	897	522	43654	6.583582976691997e-12	7.651109410864576e-06	0.0019433817903596023
C77	D70	6	58	35	43654	6.637769498049866e-12	7.651109410864576e-06	0.001951032899770467
F25	F31	10	142	118	43654	6.949703529229849e-12	7.651109410864576e-06	0.0019586840091813315
K22	K92	11	95	246	43654	7.48540378162324e-12	7.651109410864576e-06	0.001966335118592196
F13	F41	19	290	366	43654	7.709724236939683e-12	7.651109410864576e-06	0.0019739862280030605
I47	I48	9	121	97	43654	8.309623906515924e-12	7.651109410864576e-06	0.0019816373374139254
K76	K85	15	353	167	43654	8.880987246921895e-12	7.651109410864576e-06	0.00198928844682479
F43	F61	19	927	119	43654	9.130048337228896e-12	7.651109410864576e-06	0.0019969395562356544
G55	M51	7	9	731	43654	1.254739118414251e-11	7.651109410864576e-06	0.002004590665646519
J86	J93	8	27	313	43654	1.2596660430528202e-11	7.651109410864576e-06	0.0020122417750573834
K29	K52	71	1253	1026	43654	1.3075872652563394e-11	7.651109410864576e-06	0.0020198928844682483
K60	K62	13	274	149	43654	1.3806413597608202e-11	7.651109410864576e-06	0.002027543993879113
F17	K76	31	897	353	43654	1.712802989770263e-11	7.651109410864576e-06	0.0020351951032899773
H80	H90	6	24	101	43654	1.716594513483183e-11	7.651109410864576e-06	0.002042846212700842
M65	M67	20	245	513	43654	1.7191613606346716e-11	7.651109410864576e-06	0.0020504973221117063
F41	F43	32	366	927	43654	2.115117438427314e-11	7.651109410864576e-06	0.002058148431522571
J18	J86	9	532	27	43654	2.1378589592514964e-11	7.651109410864576e-06	0.0020657995409334357
H60	H61	7	72	68	43654	2.201334717087224e-11	7.651109410864576e-06	0.0020734506503443002
F11	F17	37	496	897	43654	2.3902474386220098e-11	7.651109410864576e-06	0.0020811017597551647
F79	G40	11	37	767	43654	2.589314109784071e-11	7.651109410864576e-06	0.0020887528691660292
I10	I25	11	690	41	43654	2.9208967683362836e-11	7.651109410864576e-06	0.0020964039785768937
H74	H90	6	26	101	43654	2.9253384658901746e-11	7.651109410864576e-06	0.0021040550879877586
K80	K83	8	305	31	43654	3.554074308581571e-11	7.651109410864576e-06	0.002111706197398623
F13	F43	28	290	927	43654	3.762048832828717e-11	7.651109410864576e-06	0.0021193573068094876
B18	B19	7	354	17	43654	3.9419561344064674e-11	7.651109410864576e-06	0.002127008416220352
D64	E87	7	62	86	43654	4.042362070024448e-11	7.651109410864576e-06	0.0021346595256312166
N62	D24	7	252	23	43654	4.452297338565526e-11	7.651109410864576e-06	0.002142310635042081
F17	J18	38	897	532	43654	4.582259609985049e-11	7.651109410864576e-06	0.002149961744452946
M22	M65	12	146	245	43654	4.7245952861336284e-11	7.651109410864576e-06	0.0021576128538638105
N02	N13	7	17	371	43654	5.470308985150693e-11	7.651109410864576e-06	0.002165263963274675
N31	N39	8	41	239	43654	5.868554421523456e-11	7.651109410864576e-06	0.0021729150726855395
A63	B07	12	418	89	43654	6.203784935280634e-11	7.651109410864576e-06	0.002180566182096404
F10	G40	76	1929	767	43654	6.273287465377514e-11	7.651109410864576e-06	0.002188217291507269
F12	F61	13	396	119	43654	7.593422718084093e-11	7.651109410864576e-06	0.0021958684009181335
E78	K71	11	515	58	43654	7.653500094162671e-11	7.651109410864576e-06	0.002203519510328998
J30	J32	19	169	728	43654	7.858728040223726e-11	7.651109410864576e-06	0.0022111706197398624
H44	H52	6	16	207	43654	8.136294617161207e-11	7.651109410864576e-06	0.002218821729150727
M93	M94	10	126	171	43654	8.49830373615464e-11	7.651109410864576e-06	0.002226472838561592
M41	M54	12	43	949	43654	8.588978411581414e-11	7.651109410864576e-06	0.0022341239479724564
E78	G45	10	515	45	43654	1.0552694792488116e-10	7.651109410864576e-06	0.002241775057383321
E03	F32	16	100	849	43654	1.0726467376331569e-10	7.651109410864576e-06	0.0022494261667941854
I26	I82	7	90	68	43654	1.0921582820203145e-10	7.651109410864576e-06	0.00225707727620505
D38	D86	6	39	83	43654	1.2192063053151702e-10	7.651109410864576e-06	0.0022647283856159148
N17	D69	7	69	91	43654	1.3129312704955716e-10	7.651109410864576e-06	0.0022723794950267793
E11	I10	14	89	690	43654	1.3675704866419664e-10	7.651109410864576e-06	0.0022800306044376438
F07	I61	6	81	41	43654	1.4423479598592315e-10	7.651109410864576e-06	0.0022876817138485083
F41	F60	23	366	522	43654	1.4927110394848504e-10	7.651109410864576e-06	0.0022953328232593728
K25	K26	9	108	151	43654	1.628180216640745e-10	7.651109410864576e-06	0.0023029839326702372
F32	F61	17	849	119	43654	1.783239680510818e-10	7.651109410864576e-06	0.002310635042081102
E78	K29	44	515	1253	43654	1.8693948082330161e-10	7.651109410864576e-06	0.0023182861514919667
N45	B26	7	185	37	43654	2.025129079818109e-10	7.651109410864576e-06	0.002325937260902831
J18	J47	7	532	15	43654	2.269947572948376e-10	7.651109410864576e-06	0.0023335883703136957
F19	F23	31	1020	345	43654	2.2784515702881937e-10	7.651109410864576e-06	0.00234123947972456
M25	M75	11	272	118	43654	2.38348582349441e-10	7.651109410864576e-06	0.002348890589135425
F60	F63	10	522	48	43654	2.388653143181767e-10	7.651109410864576e-06	0.0023565416985462896
K50	K56	13	328	161	43654	3.379195038920573e-10	7.651109410864576e-06	0.002364192807957154
M16	M87	6	45	85	43654	3.489586078527232e-10	7.651109410864576e-06	0.0023718439173680186
K29	K31	13	1253	46	43654	3.5633543944924923e-10	7.651109410864576e-06	0.002379495026778883
F33	F41	15	210	366	43654	3.808104499999926e-10	7.651109410864576e-06	0.0023871461361897476
F14	F17	16	104	897	43654	4.3586329717321164e-10	7.651109410864576e-06	0.0023947972456006125
F17	F32	48	897	849	43654	4.384319983491149e-10	7.651109410864576e-06	0.002402448355011477
J18	J96	10	532	50	43654	4.4094560213782343e-10	7.651109410864576e-06	0.0024100994644223415
E78	K70	11	515	68	43654	4.63432856284044e-10	7.651109410864576e-06	0.002417750573833206
K85	K86	6	167	25	43654	4.774845951643621e-10	7.651109410864576e-06	0.0024254016832440705
N02	N20	8	17	871	43654	5.043869361388942e-10	7.651109410864576e-06	0.0024330527926549354
F19	B16	16	1020	94	43654	5.874136486509073e-10	7.651109410864576e-06	0.0024407039020658
N46	I86	14	137	495	43654	6.430698227817235e-10	7.651109410864576e-06	0.0024483550114766644
I45	I47	8	107	121	43654	7.142664072488176e-10	7.651109410864576e-06	0.002456006120887529
D68	I80	6	38	119	43654	9.286157712278386e-10	7.651109410864576e-06	0.0024636572302983934
H66	H72	7	146	57	43654	9.306279973444437e-10	7.651109410864576e-06	0.0024713083397092583
H50	H53	7	115	72	43654	9.357507625630085e-10	7.651109410864576e-06	0.002478959449120123
F12	F31	12	396	118	43654	9.458247176365104e-10	7.651109410864576e-06	0.0024866105585309873
N17	A41	6	69	65	43654	9.57931701327031e-10	7.651109410864576e-06	0.002494261667941852
M43	M54	12	52	949	43654	9.65756013294398e-10	7.651109410864576e-06	0.0025019127773527163
K01	K10	8	343	41	43654	1.0207945411462888e-09	7.651109410864576e-06	0.002509563886763581
H65	H66	8	94	146	43654	1.1263151436550596e-09	7.651109410864576e-06	0.0025172149961744457
N35	N39	10	121	239	43654	1.4902000476316598e-09	7.651109410864576e-06	0.00252486610558531
K29	K80	31	1253	305	43654	1.5185434481595927e-09	7.651109410864576e-06	0.0025325172149961747
K56	K66	6	161	31	43654	1.5631187353131358e-09	7.651109410864576e-06	0.002540168324407039
M40	M54	7	12	949	43654	1.6166710688998467e-09	7.651109410864576e-06	0.0025478194338179037
E78	I21	8	515	30	43654	1.6562976482999834e-09	7.651109410864576e-06	0.0025554705432287686
F23	F60	21	345	522	43654	1.6668978895887471e-09	7.651109410864576e-06	0.002563121652639633
M24	M65	15	349	245	43654	1.6712591507734404e-09	7.651109410864576e-06	0.0025707727620504976
K62	K63	8	149	97	43654	1.7037785508080608e-09	7.651109410864576e-06	0.002578423871461362
B18	F17	28	354	897	43654	1.7414416487539647e-09	7.651109410864576e-06	0.0025860749808722266
A46	I89	7	242	39	43654	1.9504377374551884e-09	7.651109410864576e-06	0.0025937260902830915
F17	K71	12	897	58	43654	1.9741442900050064e-09	7.651109410864576e-06	0.002601377199693956
B24	B16	7	98	94	43654	2.016470219446152e-09	7.651109410864576e-06	0.0026090283091048205
J02	J03	13	110	564	43654	2.0619979480811518e-09	7.651109410864576e-06	0.002616679418515685
F13	B17	12	290	172	43654	2.163720300984746e-09	7.651109410864576e-06	0.0026243305279265495
G40	K70	12	767	68	43654	2.3547984918834086e-09	7.651109410864576e-06	0.002631981637337414
F32	F42	10	849	39	43654	2.804287024920797e-09	7.651109410864576e-06	0.002639632746748279
F17	F19	52	897	1020	43654	2.919168905517324e-09	7.651109410864576e-06	0.0026472838561591434
E61	K50	6	18	328	43654	2.957389028832184e-09	7.651109410864576e-06	0.002654934965570008
F17	J43	9	897	28	43654	3.053582386175449e-09	7.651109410864576e-06	0.0026625860749808724
M19	M75	7	86	118	43654	3.965641979989948e-09	7.651109410864576e-06	0.002670237184391737
N03	I10	7	17	690	43654	4.053022646461405e-09	7.651109410864576e-06	0.002677888293802602
L02	L03	24	751	330	43654	4.317689734062668e-09	7.651109410864576e-06	0.0026855394032134663
K29	K58	18	1253	114	43654	4.611832721990032e-09	7.651109410864576e-06	0.002693190512624331
F19	J69	11	1020	45	43654	5.275868613307374e-09	7.651109410864576e-06	0.0027008416220351953
F33	F43	21	210	927	43654	5.507013181586336e-09	7.651109410864576e-06	0.00270849273144606
K50	M81	7	328	34	43654	5.731894786933824e-09	7.651109410864576e-06	0.0027161438408569247
M25	M65	13	272	245	43654	5.9065988661385625e-09	7.651109410864576e-06	0.0027237949502677892
K50	K52	28	328	1026	43654	5.931468521043751e-09	7.651109410864576e-06	0.0027314460596786537
F22	F23	9	72	345	43654	5.955083571463784e-09	7.651109410864576e-06	0.0027390971690895182
F31	F33	9	118	210	43654	6.601456683472545e-09	7.651109410864576e-06	0.0027467482785003827
F19	F25	18	1020	142	43654	6.8503287466050695e-09	7.651109410864576e-06	0.0027543993879112477
F13	F61	10	290	119	43654	8.063381098118358e-09	7.651109410864576e-06	0.002762050497322112
G47	J34	46	318	2503	43654	8.180817773721e-09	7.651109410864576e-06	0.0027697016067329766
F60	K70	10	522	68	43654	8.575156179034921e-09	7.651109410864576e-06	0.002777352716143841
F17	J45	28	897	381	43654	8.753899296782975e-09	7.651109410864576e-06	0.0027850038255547056
H83	H90	8	177	101	43654	9.133401237162203e-09	7.651109410864576e-06	0.00279265493496557
F11	F34	10	496	72	43654	9.360455090294693e-09	7.651109410864576e-06	0.002800306044376435
G47	I10	22	318	690	43654	1.0367968327557514e-08	7.651109410864576e-06	0.0028079571537872995
J01	J20	9	165	158	43654	1.0474753013090383e-08	7.651109410864576e-06	0.002815608263198164
F17	J93	25	897	313	43654	1.0542947467872112e-08	7.651109410864576e-06	0.0028232593726090285
E79	F17	21	225	897	43654	1.0637202469640484e-08	7.651109410864576e-06	0.002830910482019893
E10	E78	17	252	515	43654	1.0834054653907978e-08	7.651109410864576e-06	0.002838561591430758
M50	M51	10	51	731	43654	1.1223682809660161e-08	7.651109410864576e-06	0.0028462127008416225
K51	K62	9	179	149	43654	1.2755725833304843e-08	7.651109410864576e-06	0.002853863810252487
N04	I10	6	12	690	43654	1.3004402009636531e-08	7.651109410864576e-06	0.0028615149196633514
E78	I20	9	515	54	43654	1.3709896703630289e-08	7.651109410864576e-06	0.002869166029074216
H71	H90	6	69	101	43654	1.4057492375656347e-08	7.651109410864576e-06	0.0028768171384850804
B18	F60	20	354	522	43654	1.4281854599894978e-08	7.651109410864576e-06	0.0028844682478959454
M17	M21	6	81	87	43654	1.513753773506075e-08	7.651109410864576e-06	0.00289211935730681
K02	K10	6	175	41	43654	1.5240124527636532e-08	7.651109410864576e-06	0.0028997704667176744
F14	F32	14	104	849	43654	1.5727571525634656e-08	7.651109410864576e-06	0.002907421576128539
N05	I10	8	30	690	43654	1.6112034406823912e-08	7.651109410864576e-06	0.0029150726855394033
K21	K92	17	545	246	43654	1.7323031309885653e-08	7.651109410864576e-06	0.0029227237949502683
K26	K44	12	151	400	43654	1.7737236663451243e-08	7.651109410864576e-06	0.0029303749043611328
F43	K70	12	927	68	43654	1.9167965270270563e-08	7.651109410864576e-06	0.0029380260137719973
K02	K07	12	175	349	43654	2.062679369874696e-08	7.651109410864576e-06	0.0029456771231828618
F19	K73	10	1020	40	43654	2.0837698297115832e-08	7.651109410864576e-06	0.0029533282325937263
K08	K12	8	94	214	43654	2.2680327100059705e-08	7.651109410864576e-06	0.002960979342004591
F11	F33	15	496	210	43654	2.2741566165840485e-08	7.651109410864576e-06	0.0029686304514154557
N39	G82	7	239	56	43654	2.4921528320237434e-08	7.651109410864576e-06	0.00297628156082632
B96	K21	6	16	545	43654	2.653038590363771e-08	7.651109410864576e-06	0.0029839326702371847
F19	F33	21	1020	210	43654	2.8363202743761647e-08	7.651109410864576e-06	0.002991583779648049
K44	K80	16	400	305	43654	2.9772530113618704e-08	7.651109410864576e-06	0.002999234889058914
E86	K52	13	78	1026	43654	3.3302406144449227e-08	7.651109410864576e-06	0.0030068859984697786
K07	K10	7	349	41	43654	3.498826706403468e-08	7.651109410864576e-06	0.003014537107880643
K76	K80	15	353	305	43654	3.679611621284177e-08	7.651109410864576e-06	0.0030221882172915076
I84	K92	16	505	246	43654	3.718132887078687e-08	7.651109410864576e-06	0.003029839326702372
F12	F43	28	396	927	43654	3.994264654951089e-08	7.651109410864576e-06	0.0030374904361132366
D22	D48	9	142	215	43654	4.086521675234734e-08	7.651109410864576e-06	0.0030451415455241015
D50	K92	8	89	246	43654	4.3246057395190677e-08	7.651109410864576e-06	0.003052792654934966
G40	G41	6	767	13	43654	4.457050999367431e-08	7.651109410864576e-06	0.0030604437643458305
F10	F30	14	1929	53	43654	4.895543002927262e-08	7.651109410864576e-06	0.003068094873756695
M47	M51	10	60	731	43654	5.783289024849025e-08	7.651109410864576e-06	0.0030757459831675595
K25	K44	10	108	400	43654	6.50447795049419e-08	7.651109410864576e-06	0.0030833970925784244
J18	J69	8	532	45	43654	6.697754087427488e-08	7.651109410864576e-06	0.003091048201989289
M51	M53	14	731	135	43654	7.125378072980154e-08	7.651109410864576e-06	0.0030986993114001534
F41	F61	10	366	119	43654	7.187508950616163e-08	7.651109410864576e-06	0.003106350420811018
M24	M93	10	349	126	43654	7.953887467378901e-08	7.651109410864576e-06	0.0031140015302218824
A16	J18	12	131	532	43654	8.101088445382356e-08	7.651109410864576e-06	0.003121652639632747
F12	F16	6	396	25	43654	8.213143100966934e-08	7.651109410864576e-06	0.0031369548584544763
F12	F15	6	396	25	43654	8.213143100966934e-08	7.651109410864576e-06	0.003129303749043612
K36	K57	6	143	66	43654	8.592404953412996e-08	7.651109410864576e-06	0.003144605967865341
G35	H53	6	134	72	43654	9.887056491708292e-08	7.651109410864576e-06	0.0031522570772762053
F07	F61	6	81	119	43654	9.92342439562238e-08	7.651109410864576e-06	0.00315990818668707
G40	G93	10	767	61	43654	1.0633743565214792e-07	7.651109410864576e-06	0.0031675592960979347
F17	J40	13	897	98	43654	1.1498362099037276e-07	7.651109410864576e-06	0.003175210405508799
E79	G40	18	225	767	43654	1.2034357513903548e-07	7.651109410864576e-06	0.0031828615149196637
F60	F70	9	522	68	43654	1.2301321249179955e-07	7.651109410864576e-06	0.003190512624330528
N48	A63	16	324	418	43654	1.2455044783792988e-07	7.651109410864576e-06	0.0031981637337413927
E78	E83	7	515	34	43654	1.2469747796028655e-07	7.651109410864576e-06	0.0032058148431522576
K50	K51	11	328	179	43654	1.3155921854000403e-07	7.651109410864576e-06	0.003213465952563122
M54	M99	8	949	29	43654	1.3866660871233577e-07	7.651109410864576e-06	0.0032211170619739866
M25	M94	10	272	171	43654	1.396756431897495e-07	7.651109410864576e-06	0.003228768171384851
F32	F34	11	849	72	43654	1.4503834368929223e-07	7.651109410864576e-06	0.0032364192807957156
N19	I10	8	39	690	43654	1.494102950150413e-07	7.651109410864576e-06	0.0032440703902065805
B18	F10	39	354	1929	43654	1.866502627091338e-07	7.651109410864576e-06	0.003251721499617445
F14	B17	7	104	172	43654	2.00865452489431e-07	7.651109410864576e-06	0.0032593726090283095
F34	F60	9	72	522	43654	2.0366013999893736e-07	7.651109410864576e-06	0.003267023718439174
F22	F60	9	72	522	43654	2.0366013999893736e-07	7.651109410864576e-06	0.0032746748278500385
F23	F30	7	345	53	43654	2.0442959106836602e-07	7.651109410864576e-06	0.003282325937260903
F17	F41	25	897	366	43654	2.1889497276758976e-07	7.651109410864576e-06	0.003289977046671768
F33	F40	6	210	53	43654	2.1934935357384476e-07	7.651109410864576e-06	0.0032976281560826324
M24	M67	18	349	513	43654	2.254279245334348e-07	7.651109410864576e-06	0.003305279265493497
N44	N50	6	144	77	43654	2.2683378115657735e-07	7.651109410864576e-06	0.0033129303749043614
M23	M93	20	1797	126	43654	2.306619972369708e-07	7.651109410864576e-06	0.003320581484315226
H83	H91	11	177	351	43654	2.3092085789089117e-07	7.651109410864576e-06	0.003328232593726091
N50	I86	9	77	495	43654	2.3491629184374202e-07	7.651109410864576e-06	0.0033358837031369553
D50	K29	14	89	1253	43654	2.464614098863536e-07	7.651109410864576e-06	0.00334353481254782
J06	J40	8	281	98	43654	2.544254115585681e-07	7.651109410864576e-06	0.0033511859219586843
K70	K85	6	68	167	43654	2.575993816724763e-07	7.651109410864576e-06	0.003358837031369549
E66	K80	17	536	305	43654	3.02631967664574e-07	7.651109410864576e-06	0.0033664881407804133
K29	K62	18	1253	149	43654	3.145663814748805e-07	7.651109410864576e-06	0.0033741392501912782
M22	M24	10	146	349	43654	3.1730632676986426e-07	7.651109410864576e-06	0.0033817903596021427
D10	K01	7	57	343	43654	3.2820063275688615e-07	7.651109410864576e-06	0.0033894414690130072
E14	E78	8	57	515	43654	3.537253433643977e-07	7.651109410864576e-06	0.0033970925784238717
E78	G51	12	515	155	43654	3.6134520921998174e-07	7.651109410864576e-06	0.0034047436878347362
E66	E88	6	536	24	43654	3.7169163303839697e-07	7.651109410864576e-06	0.003412394797245601
F17	M47	10	897	60	43654	3.8026235788165967e-07	7.651109410864576e-06	0.0034200459066564656
E73	K29	11	55	1253	43654	3.9208885006506576e-07	7.651109410864576e-06	0.00342769701606733
N43	N45	8	160	185	43654	4.6039000615061657e-07	7.651109410864576e-06	0.0034353481254781946
B18	J18	18	354	532	43654	4.7027930839397607e-07	7.651109410864576e-06	0.003442999234889059
F17	K21	31	897	545	43654	4.7389329166219653e-07	7.651109410864576e-06	0.003450650344299924
M21	M23	16	87	1797	43654	4.7413566620124077e-07	7.651109410864576e-06	0.0034583014537107886
F41	I10	21	366	690	43654	5.140687973033741e-07	7.651109410864576e-06	0.003465952563121653
E87	K76	8	86	353	43654	5.177952041155259e-07	7.651109410864576e-06	0.0034736036725325175
G47	J30	10	318	169	43654	5.253573431143955e-07	7.651109410864576e-06	0.003481254781943382
F13	F34	7	290	72	43654	5.409259530677091e-07	7.651109410864576e-06	0.003488905891354247
G40	G82	9	767	56	43654	5.518159549878843e-07	7.651109410864576e-06	0.0034965570007651115
I10	I42	8	690	46	43654	5.74886386681028e-07	7.651109410864576e-06	0.003504208110175976
H65	H93	9	94	449	43654	5.844294340299058e-07	7.651109410864576e-06	0.0035118592195868405
K21	K76	18	545	353	43654	6.385125368001766e-07	7.651109410864576e-06	0.003519510328997705
F10	F14	18	1929	104	43654	6.758063788036299e-07	7.651109410864576e-06	0.0035271614384085694
D50	K26	6	89	151	43654	7.109371216465785e-07	7.651109410864576e-06	0.0035348125478194344
E10	E87	7	252	86	43654	7.162086401114708e-07	7.651109410864576e-06	0.003542463657230299
B27	J03	12	153	564	43654	8.163699658735602e-07	7.651109410864576e-06	0.0035501147666411634
B18	K73	6	354	40	43654	8.291416941747091e-07	7.651109410864576e-06	0.003557765876052028
F19	F34	11	1020	72	43654	8.843984676116083e-07	7.651109410864576e-06	0.0035654169854628923
F20	F79	7	632	37	43654	9.107400502336497e-07	7.651109410864576e-06	0.0035730680948737573
J06	J20	9	281	158	43654	9.699324501464763e-07	7.651109410864576e-06	0.0035807192042846218
F44	F60	7	46	522	43654	1.2007917973839118e-06	7.651109410864576e-06	0.0035883703136954863
F16	F19	7	25	1020	43654	1.2393766573808676e-06	7.651109410864576e-06	0.0035960214231063508
F60	B17	12	522	172	43654	1.2645085613165588e-06	7.651109410864576e-06	0.0036036725325172153
M24	M94	10	349	171	43654	1.354758219856446e-06	7.651109410864576e-06	0.0036113236419280798
M22	M67	11	146	513	43654	1.3954992312575906e-06	7.651109410864576e-06	0.0036189747513389447
M50	M54	9	51	949	43654	1.4014070947126606e-06	7.651109410864576e-06	0.003626625860749809
E78	F60	21	515	522	43654	1.4271477442818994e-06	7.651109410864576e-06	0.0036342769701606737
F17	I20	9	897	54	43654	1.4580063251596372e-06	7.651109410864576e-06	0.003641928079571538
F20	B17	13	632	172	43654	1.5484284169560808e-06	7.651109410864576e-06	0.0036495791889824027
B19	F19	6	17	1020	43654	1.5918397086053118e-06	7.651109410864576e-06	0.0036572302983932676
K21	K31	7	545	46	43654	1.597534492107904e-06	7.651109410864576e-06	0.003664881407804132
N23	N39	11	316	239	43654	1.6061715778849265e-06	7.651109410864576e-06	0.0036725325172149966
E88	I10	6	24	690	43654	1.6113608970287128e-06	7.651109410864576e-06	0.003680183626625861
F07	G40	10	81	767	43654	1.6156791965597545e-06	7.651109410864576e-06	0.0036878347360367256
E03	K76	8	100	353	43654	1.6462608709095488e-06	7.651109410864576e-06	0.0036954858454475905
F31	F60	10	118	522	43654	1.687129687419058e-06	7.651109410864576e-06	0.003703136954858455
D36	D48	6	73	215	43654	1.7207116314057828e-06	7.651109410864576e-06	0.0037107880642693195
F21	F60	6	32	522	43654	1.976999124315957e-06	7.651109410864576e-06	0.003718439173680184
F19	J96	9	1020	50	43654	2.1254915006973918e-06	7.651109410864576e-06	0.0037260902830910485
E78	F41	17	515	366	43654	2.1496066176639975e-06	7.651109410864576e-06	0.0037337413925019134
F23	F25	9	345	142	43654	2.1532913767845052e-06	7.651109410864576e-06	0.003741392501912778
B99	J02	6	149	110	43654	2.2850188957784866e-06	7.651109410864576e-06	0.0037490436113236424
M42	M54	9	54	949	43654	2.311074078850007e-06	7.651109410864576e-06	0.003756694720734507
E78	F20	23	515	632	43654	2.467951081028486e-06	7.651109410864576e-06	0.0037643458301453714
F10	F29	9	1929	29	43654	2.8260506257960706e-06	7.651109410864576e-06	0.003771996939556236
H66	H91	9	146	351	43654	3.116520486821082e-06	7.651109410864576e-06	0.003779648048967101
E14	I10	8	57	690	43654	3.1248473218827173e-06	7.651109410864576e-06	0.0037872991583779653
F20	F29	6	632	29	43654	3.217069581241554e-06	7.651109410864576e-06	0.00379495026778883
F11	G40	25	496	767	43654	3.265268531763616e-06	7.651109410864576e-06	0.0038026013771996943
B24	J18	9	98	532	43654	3.3370038340057184e-06	7.651109410864576e-06	0.003810252486610559
I10	I47	11	690	121	43654	3.767271602745099e-06	7.651109410864576e-06	0.0038179035960214237
K31	K44	6	46	400	43654	3.917856852602804e-06	7.651109410864576e-06	0.003825554705432288
B99	J03	11	149	564	43654	4.211901516264276e-06	7.651109410864576e-06	0.0038332058148431527
F12	F22	7	396	72	43654	4.253527573955303e-06	7.651109410864576e-06	0.003840856924254017
H65	J35	15	94	1736	43654	4.475236492834951e-06	7.651109410864576e-06	0.0038485080336648817
D10	J32	8	57	728	43654	4.628641263100582e-06	7.651109410864576e-06	0.003856159143075746
F14	F60	9	104	522	43654	4.689763183299139e-06	7.651109410864576e-06	0.003863810252486611
F10	F25	20	1929	142	43654	4.712030339148863e-06	7.651109410864576e-06	0.0038714613618974756
F23	F31	8	345	118	43654	4.826227743542959e-06	7.651109410864576e-06	0.00387911247130834
K50	M45	6	328	58	43654	5.007649550675131e-06	7.651109410864576e-06	0.0038867635807192046
N20	N28	7	871	35	43654	5.077321370020179e-06	7.651109410864576e-06	0.003894414690130069
F17	F45	17	897	226	43654	5.203334751610666e-06	7.651109410864576e-06	0.003902065799540934
M24	M75	8	349	118	43654	5.250311114166139e-06	7.651109410864576e-06	0.003909716908951798
G82	J18	7	56	532	43654	5.311512408714994e-06	7.651109410864576e-06	0.003917368018362663
H65	J34	18	94	2503	43654	5.782459061709413e-06	7.651109410864576e-06	0.003925019127773528
K51	K52	16	179	1026	43654	5.789075197651389e-06	7.651109410864576e-06	0.003932670237184392
E78	F10	46	515	1929	43654	6.020374680113838e-06	7.651109410864576e-06	0.003940321346595257
E66	J45	17	536	381	43654	6.212095141847485e-06	7.651109410864576e-06	0.003947972456006121
G40	I67	6	767	27	43654	6.23253574209043e-06	7.651109410864576e-06	0.003955623565416986
J15	J18	10	134	532	43654	6.284756697090428e-06	7.651109410864576e-06	0.003963274674827851
F45	K21	13	226	545	43654	6.2980820089310415e-06	7.651109410864576e-06	0.003970925784238715
M23	M83	6	1797	13	43654	6.450347070318299e-06	7.651109410864576e-06	0.00397857689364958
M67	M94	11	513	171	43654	6.468678701930136e-06	7.651109410864576e-06	0.003986228003060444
F32	F70	9	849	68	43654	6.744730136301853e-06	7.651109410864576e-06	0.003993879112471309
M00	M23	9	34	1797	43654	6.857249643298861e-06	7.651109410864576e-06	0.004001530221882174
F17	J06	19	897	281	43654	7.002690301382575e-06	7.651109410864576e-06	0.004009181331293038
F43	F63	8	927	48	43654	7.137876443282306e-06	7.651109410864576e-06	0.004016832440703903
K71	K76	6	58	353	43654	7.6098564131477445e-06	7.651109410864576e-06	0.004024483550114767
M65	M93	7	245	126	43654	7.70603804043715e-06	7.651109410864576e-06	0.004032134659525632
F60	G40	25	522	767	43654	7.890668148558211e-06	7.651109410864576e-06	0.004039785768936497
E11	K76	7	89	353	43654	8.313364521392576e-06	7.651109410864576e-06	0.004047436878347361
K21	K80	15	545	305	43654	8.361925018650543e-06	7.651109410864576e-06	0.004055087987758226
F32	F50	7	849	39	43654	9.182993919619889e-06	7.651109410864576e-06	0.00406273909716909
A41	F11	7	65	496	43654	9.237067297134816e-06	7.651109410864576e-06	0.004070390206579955
F12	L30	7	396	81	43654	9.362249140355425e-06	7.651109410864576e-06	0.004078041315990819
F45	K29	20	226	1253	43654	9.704828870047943e-06	7.651109410864576e-06	0.004093343534812549
K29	K59	20	1253	226	43654	9.704828870047943e-06	7.651109410864576e-06	0.004085692425401684
N13	N35	8	371	121	43654	9.854288946167119e-06	7.651109410864576e-06	0.004100994644223413
F17	K70	9	897	68	43654	1.0456441238225722e-05	7.651109410864576e-06	0.0041086457536342776
A04	A09	14	154	977	43654	1.0495469090983307e-05	7.651109410864576e-06	0.004116296863045142
H81	H91	9	170	351	43654	1.0742001240465697e-05	7.651109410864576e-06	0.0041239479724560065
F17	J44	10	897	86	43654	1.1047856381099218e-05	7.651109410864576e-06	0.0041315990818668715
K07	K08	7	349	94	43654	1.1085418305490421e-05	7.651109410864576e-06	0.0041392501912777355
L02	L74	7	751	45	43654	1.1149478102756647e-05	7.651109410864576e-06	0.0041469013006886005
F11	J69	6	496	45	43654	1.1679464624546029e-05	7.651109410864576e-06	0.0041545524100994645
K52	K62	14	1026	149	43654	1.2399269948149039e-05	7.651109410864576e-06	0.0041622035195103295
N17	I10	8	69	690	43654	1.3389601739936108e-05	7.651109410864576e-06	0.004169854628921194
F11	J18	19	496	532	43654	1.4119978572139883e-05	7.651109410864576e-06	0.0041775057383320584
F17	I40	9	897	71	43654	1.4959155279935974e-05	7.651109410864576e-06	0.004185156847742923
C62	D48	8	221	215	43654	1.5381259991531573e-05	7.651109410864576e-06	0.0041928079571537874
F17	K26	13	897	151	43654	1.5826121787670478e-05	7.651109410864576e-06	0.004200459066564652
D10	J34	13	57	2503	43654	1.5933342049105506e-05	7.651109410864576e-06	0.004208110175975517
N43	I86	10	160	495	43654	1.604625466795658e-05	7.651109410864576e-06	0.004215761285386381
F17	I26	10	897	90	43654	1.6580705683191187e-05	7.651109410864576e-06	0.004223412394797246
K61	L02	21	421	751	43654	1.6709765806865623e-05	7.651109410864576e-06	0.00423106350420811
F07	F13	6	81	290	43654	1.744076534639201e-05	7.651109410864576e-06	0.004238714613618975
F10	F31	17	1929	118	43654	1.7578263282146478e-05	7.651109410864576e-06	0.00424636572302984
E78	G43	12	515	226	43654	1.8077164653925758e-05	7.651109410864576e-06	0.004254016832440704
K52	K63	11	1026	97	43654	1.8087513152357563e-05	7.651109410864576e-06	0.004261667941851569
M21	M25	6	87	272	43654	1.8324296473478298e-05	7.651109410864576e-06	0.004269319051262433
D16	D48	9	298	215	43654	1.911043119475247e-05	7.651109410864576e-06	0.004276970160673298
K70	K76	6	68	353	43654	1.9228079073391853e-05	7.651109410864576e-06	0.004284621270084162
F15	F19	6	25	1020	43654	1.941246768939038e-05	7.651109410864576e-06	0.004292272379495027
N47	A63	25	1014	418	43654	1.9863810901089406e-05	7.651109410864576e-06	0.004299923488905892
B18	G40	19	354	767	43654	2.040223333076298e-05	7.651109410864576e-06	0.004307574598316756
M46	M54	6	27	949	43654	2.0807262717692896e-05	7.651109410864576e-06	0.004315225707727621
F34	F43	9	72	927	43654	2.1731464127747417e-05	7.651109410864576e-06	0.004322876817138485
L02	L73	9	751	89	43654	2.3475797746978622e-05	7.651109410864576e-06	0.00433052792654935
F13	F20	15	290	632	43654	2.5898025406919998e-05	7.651109410864576e-06	0.004338179035960215
A49	J03	6	46	564	43654	2.735847213865001e-05	7.651109410864576e-06	0.004345830145371079
F17	G40	34	897	767	43654	2.997826788937554e-05	7.651109410864576e-06	0.004353481254781944
E78	M54	27	515	949	43654	3.0010562079492687e-05	7.651109410864576e-06	0.004361132364192808
K58	K59	6	114	226	43654	3.0152743286702537e-05	7.651109410864576e-06	0.004368783473603673
F12	B17	9	396	172	43654	3.04133145191611e-05	7.651109410864576e-06	0.004376434583014538
J03	J31	6	564	47	43654	3.1021525494653326e-05	7.651109410864576e-06	0.004384085692425402
E78	K85	10	515	167	43654	3.2465414934241285e-05	7.651109410864576e-06	0.004391736801836267
L02	L72	20	751	407	43654	3.251466663806189e-05	7.651109410864576e-06	0.004399387911247131
F34	F41	6	72	366	43654	3.268257263875739e-05	7.651109410864576e-06	0.004407039020657996
E78	K21	19	515	545	43654	3.277362998204862e-05	7.651109410864576e-06	0.004414690130068861
F17	K44	22	897	400	43654	3.505130441233755e-05	7.651109410864576e-06	0.004422341239479725
B37	K29	7	33	1253	43654	3.5063838652663957e-05	7.651109410864576e-06	0.00442999234889059
K60	K63	6	274	97	43654	3.546052536494009e-05	7.651109410864576e-06	0.004437643458301454
K40	K42	16	1320	162	43654	3.5755529159325386e-05	7.651109410864576e-06	0.004445294567712319
F32	F48	7	849	48	43654	3.777082622045145e-05	7.651109410864576e-06	0.004452945677123184
L02	L98	7	751	54	43654	3.8059033519830435e-05	7.651109410864576e-06	0.004460596786534048
F10	F70	12	1929	68	43654	3.91109609245913e-05	7.651109410864576e-06	0.004468247895944913
F40	F60	6	53	522	43654	4.050419217828158e-05	7.651109410864576e-06	0.004475899005355777
M65	M79	7	245	163	43654	4.076513940820016e-05	7.651109410864576e-06	0.004483550114766642
E73	K52	8	55	1026	43654	4.147716568248604e-05	7.651109410864576e-06	0.004491201224177507
J30	J33	6	169	163	43654	4.425501122624948e-05	7.651109410864576e-06	0.004498852333588371
E66	K85	10	536	167	43654	4.537226980374018e-05	7.651109410864576e-06	0.004506503442999236
F19	F22	9	1020	72	43654	4.5657620121448895e-05	7.651109410864576e-06	0.0045141545524101
K92	A09	17	246	977	43654	4.6017533275685075e-05	7.651109410864576e-06	0.004521805661820965
G40	G62	6	767	38	43654	4.932010214819429e-05	7.651109410864576e-06	0.0045294567712318295
F17	L70	8	897	64	43654	4.934533088916535e-05	7.651109410864576e-06	0.004537107880642694
F43	F44	7	927	46	43654	4.951608278511369e-05	7.651109410864576e-06	0.0045447589900535585
F12	F34	6	396	72	43654	5.059642863641377e-05	7.651109410864576e-06	0.004552410099464423
E78	G58	7	515	82	43654	5.4118476017341646e-05	7.651109410864576e-06	0.0045600612088752875
K01	K12	9	343	214	43654	5.4940660533039336e-05	7.651109410864576e-06	0.004567712318286152
M54	M62	9	949	79	43654	5.513555852409822e-05	7.651109410864576e-06	0.0045753634276970165
D64	I10	7	62	690	43654	5.534458109461225e-05	7.651109410864576e-06	0.0045830145371078814
F07	F43	9	81	927	43654	5.621218247361831e-05	7.651109410864576e-06	0.0045906656465187455
E10	I10	14	252	690	43654	5.6328494641788094e-05	7.651109410864576e-06	0.0045983167559296104
D18	G40	8	76	767	43654	5.765527390832014e-05	7.651109410864576e-06	0.0046059678653404745
E05	E78	7	83	515	43654	5.850815644037433e-05	7.651109410864576e-06	0.004613618974751339
F19	K71	8	1020	58	43654	5.8908030920082025e-05	7.651109410864576e-06	0.004621270084162204
F17	H10	6	897	34	43654	6.089471271008054e-05	7.651109410864576e-06	0.004628921193573068
F17	F20	29	897	632	43654	6.190663681338923e-05	7.651109410864576e-06	0.004636572302983933
F60	K71	6	522	58	43654	6.790044451868252e-05	7.651109410864576e-06	0.004644223412394797
E14	E66	6	57	536	43654	7.112686995457827e-05	7.651109410864576e-06	0.004651874521805662
D86	J18	7	83	532	43654	7.166319231916386e-05	7.651109410864576e-06	0.004659525631216527
D22	A63	8	142	418	43654	7.2584987513239e-05	7.651109410864576e-06	0.004667176740627391
F32	F40	7	849	53	43654	7.269389115676381e-05	7.651109410864576e-06	0.004674827850038256
E80	K76	6	86	353	43654	7.311189276649356e-05	7.651109410864576e-06	0.00468247895944912
A04	K52	13	154	1026	43654	7.679989268957911e-05	7.651109410864576e-06	0.004690130068859985
F10	F16	7	1929	25	43654	7.74548444273749e-05	7.651109410864576e-06	0.00469778117827085
F10	F15	7	1929	25	43654	7.74548444273749e-05	7.651109410864576e-06	0.004705432287681714
J18	J45	15	532	381	43654	8.195595086616277e-05	7.651109410864576e-06	0.004713083397092579
J18	J98	7	532	85	43654	8.343205706876905e-05	7.651109410864576e-06	0.004720734506503443
K29	K50	23	1253	328	43654	8.926265064437758e-05	7.651109410864576e-06	0.004728385615914308
J18	J44	7	532	86	43654	8.988091505908818e-05	7.651109410864576e-06	0.004736036725325173
F11	F41	14	496	366	43654	9.140900700371406e-05	7.651109410864576e-06	0.004743687834736037
J03	B00	7	564	82	43654	9.534078434225962e-05	7.651109410864576e-06	0.004751338944146902
F19	M62	9	1020	79	43654	9.547155918362532e-05	7.651109410864576e-06	0.004758990053557766
I10	K70	7	690	68	43654	0.00010053959579064347	7.651109410864576e-06	0.004766641162968631
B18	D69	6	354	91	43654	0.00010176633005561111	7.651109410864576e-06	0.004774292272379495
K44	K92	10	400	246	43654	0.00010233268909968077	7.651109410864576e-06	0.00478194338179036
F11	B16	7	496	94	43654	0.00010237170199341122	7.651109410864576e-06	0.004789594491201225
K01	K08	6	343	94	43654	0.00010257193650066729	7.651109410864576e-06	0.004797245600612089
F19	F31	11	1020	118	43654	0.00010584525127408403	7.651109410864576e-06	0.004804896710022954
F43	F45	15	927	226	43654	0.000111355127864811	7.651109410864576e-06	0.004812547819433818
F25	F32	11	142	849	43654	0.00011196441669684906	7.651109410864576e-06	0.004820198928844683
K50	K92	9	328	246	43654	0.00011328387379147652	7.651109410864576e-06	0.004827850038255548
M24	M53	7	349	135	43654	0.00011340752760593746	7.651109410864576e-06	0.004835501147666412
F07	F19	9	81	1020	43654	0.00011610381822008051	7.651109410864576e-06	0.004843152257077277
B18	J15	7	354	134	43654	0.00011819448530735713	7.651109410864576e-06	0.004850803366488141
K50	L40	6	328	101	43654	0.00011964875304427305	7.651109410864576e-06	0.004858454475899006
F17	G47	18	897	318	43654	0.00012236343818063078	7.651109410864576e-06	0.004866105585309871
D36	L05	11	73	1716	43654	0.0001269013115326438	7.651109410864576e-06	0.004873756694720735
J32	M95	17	728	360	43654	0.00013789313371442147	7.651109410864576e-06	0.0048814078041316
K50	K62	7	328	149	43654	0.00014298049650652517	7.651109410864576e-06	0.004889058913542464
A41	J18	6	65	532	43654	0.00014312291754673518	7.651109410864576e-06	0.004896710022953329
D22	A46	6	142	242	43654	0.0001488779408032678	7.651109410864576e-06	0.004904361132364194
F32	B17	12	849	172	43654	0.00015055635619552868	7.651109410864576e-06	0.004912012241775058
J40	K76	6	98	353	43654	0.00015093349593154357	7.651109410864576e-06	0.004919663351185923
B18	J40	6	354	98	43654	0.0001532603883681502	7.651109410864576e-06	0.004927314460596787
I10	I48	8	690	97	43654	0.00015722556306845014	7.651109410864576e-06	0.004934965570007652
K44	K85	8	400	167	43654	0.00016543032573432685	7.651109410864576e-06	0.004942616679418517
F20	L30	7	632	81	43654	0.00017760821880644876	7.651109410864576e-06	0.004950267788829381
K50	A09	19	328	977	43654	0.00017765415221679233	7.651109410864576e-06	0.004957918898240246
E78	G44	10	515	205	43654	0.00017875162270846595	7.651109410864576e-06	0.00496557000765111
F17	I25	6	897	41	43654	0.00018018175467661793	7.651109410864576e-06	0.004973221117061975
F07	F32	8	81	849	43654	0.00018233846167018915	7.651109410864576e-06	0.0049808722264728395
N62	D22	6	252	142	43654	0.00018532028782419473	7.651109410864576e-06	0.004988523335883704
J15	J45	7	134	381	43654	0.00018546669989471075	7.651109410864576e-06	0.0049961744452945685
F11	K02	9	496	175	43654	0.00019160141661665332	7.651109410864576e-06	0.005003825554705433
E03	I10	8	100	690	43654	0.00019425800680091318	7.651109410864576e-06	0.0050114766641162975
K56	K59	6	161	226	43654	0.00020347577682337887	7.651109410864576e-06	0.005019127773527162
E05	F20	7	83	632	43654	0.00020686724358581063	7.651109410864576e-06	0.0050267788829380265
F19	F30	7	1020	53	43654	0.00022510041228482195	7.651109410864576e-06	0.005034429992348891
F19	G62	6	1020	38	43654	0.00023363436014503788	7.651109410864576e-06	0.0050420811017597555
E10	K76	9	252	353	43654	0.0002342198457670974	7.651109410864576e-06	0.00504973221117062
G40	B17	11	767	172	43654	0.00025120979061566366	7.651109410864576e-06	0.0050573833205814845
N18	J18	7	103	532	43654	0.0002775845814878142	7.651109410864576e-06	0.005065034429992349
D69	F19	9	91	1020	43654	0.0002835714135293088	7.651109410864576e-06	0.005072685539403214
F32	G40	30	849	767	43654	0.00028730061031378805	7.651109410864576e-06	0.005080336648814078
E79	K29	17	225	1253	43654	0.00030021143276520837	7.651109410864576e-06	0.005087987758224943
I10	K71	6	690	58	43654	0.0003073216603946368	7.651109410864576e-06	0.005095638867635807
M47	M54	7	60	949	43654	0.0003182420209844728	7.651109410864576e-06	0.005103289977046672
K35	K56	16	1608	161	43654	0.0003185263262095659	7.651109410864576e-06	0.005110941086457537
I40	J03	6	71	564	43654	0.00031862012019186615	7.651109410864576e-06	0.005118592195868401
M22	M25	6	146	272	43654	0.00032402039165038975	7.651109410864576e-06	0.005126243305279266
F20	L70	6	632	64	43654	0.0003307924468922178	7.651109410864576e-06	0.00513389441469013
E78	K44	14	515	400	43654	0.0003339676498283348	7.651109410864576e-06	0.005141545524100995
F43	B17	12	927	172	43654	0.0003343653319791251	7.651109410864576e-06	0.00514919663351186
F17	I31	6	897	46	43654	0.0003440679501091544	7.651109410864576e-06	0.005156847742922724
A02	A09	8	78	977	43654	0.000359923559764943	7.651109410864576e-06	0.005164498852333589
M51	M62	7	731	79	43654	0.00036620366598108463	7.651109410864576e-06	0.005172149961744453
D64	K29	8	62	1253	43654	0.0003855306522733751	7.651109410864576e-06	0.005179801071155318
F13	F25	6	290	142	43654	0.00039235454881543996	7.651109410864576e-06	0.005187452180566183
F19	J18	26	1020	532	43654	0.0003934882748180287	7.651109410864576e-06	0.005195103289977047
H81	H93	8	170	449	43654	0.00040440138674673	7.651109410864576e-06	0.005202754399387912
F07	F60	6	81	522	43654	0.0004320679213345178	7.651109410864576e-06	0.005210405508798776
F45	F60	10	226	522	43654	0.0004322729797648166	7.651109410864576e-06	0.005218056618209641
B18	F61	6	354	119	43654	0.0004383468336071522	7.651109410864576e-06	0.005225707727620506
J30	J35	17	169	1736	43654	0.00043851874389671316	7.651109410864576e-06	0.00523335883703137
F10	K85	18	1929	167	43654	0.00045383934119735714	7.651109410864576e-06	0.005241009946442235
F10	L70	10	1929	64	43654	0.00047476093332318573	7.651109410864576e-06	0.005248661055853099
I95	J06	6	152	281	43654	0.0004768514690730979	7.651109410864576e-06	0.005256312165263964
K29	K63	10	1253	97	43654	0.00048114154688899913	7.651109410864576e-06	0.005263963274674828
F23	F43	18	345	927	43654	0.0004862440095346316	7.651109410864576e-06	0.005271614384085693
F17	M53	10	897	135	43654	0.0005000419384788811	7.651109410864576e-06	0.005279265493496558
J20	J45	7	158	381	43654	0.0005041588154119771	7.651109410864576e-06	0.005286916602907422
E78	F32	22	515	849	43654	0.0005706994833844284	7.651109410864576e-06	0.005294567712318287
A15	J18	6	84	532	43654	0.0005798904155710481	7.651109410864576e-06	0.005302218821729151
K21	K58	7	545	114	43654	0.0005927569089435665	7.651109410864576e-06	0.005309869931140016
F43	F70	7	927	68	43654	0.0005991719285840755	7.651109410864576e-06	0.005317521040550881
I80	J18	7	119	532	43654	0.0006645213653811791	7.651109410864576e-06	0.005325172149961745
E66	F41	13	536	366	43654	0.0006793531989398798	7.651109410864576e-06	0.00533282325937261
I10	I51	7	690	93	43654	0.0006999633025127358	7.651109410864576e-06	0.005340474368783474
F10	F20	46	1929	632	43654	0.0007314096476794667	7.651109410864576e-06	0.005348125478194339
F45	G44	6	226	205	43654	0.0007334177444393457	7.651109410864576e-06	0.005355776587605204
E66	J20	8	536	158	43654	0.0007918002414393871	7.651109410864576e-06	0.005363427697016068
K52	K92	15	1026	246	43654	0.000795122590935005	7.651109410864576e-06	0.005371078806426933
E10	F17	14	252	897	43654	0.0008009909486643087	7.651109410864576e-06	0.005378729915837797
K35	K66	6	1608	31	43654	0.0008252214995896099	7.651109410864576e-06	0.005386381025248662
K76	M54	18	353	949	43654	0.0008288826131779258	7.651109410864576e-06	0.005394032134659527
F30	F43	6	53	927	43654	0.0008853996818493769	7.651109410864576e-06	0.005401683244070391
J32	J35	47	728	1736	43654	0.0008898152291805856	7.651109410864576e-06	0.005409334353481256
D14	J34	6	21	2503	43654	0.0009072567097890493	7.651109410864576e-06	0.00541698546289212
F17	B17	11	897	172	43654	0.0009176645377620823	7.651109410864576e-06	0.0054246365723029846
K21	K50	12	545	328	43654	0.0009648991102981996	7.651109410864576e-06	0.0054322876817138495
E66	M93	7	536	126	43654	0.0009726399724069195	7.651109410864576e-06	0.0054399387911247135
F19	K70	7	1020	68	43654	0.0010465713170136222	7.651109410864576e-06	0.0054475899005355785
F17	K02	11	897	175	43654	0.0010565088425984743	7.651109410864576e-06	0.0054552410099464425
B99	F17	10	149	897	43654	0.0010737772824738565	7.651109410864576e-06	0.0054628921193573075
F11	F43	22	496	927	43654	0.0010892611457673802	7.651109410864576e-06	0.005470543228768172
E79	K80	7	225	305	43654	0.0010959370632575307	7.651109410864576e-06	0.0054781943381790365
E14	F17	6	57	897	43654	0.0011014012276922068	7.651109410864576e-06	0.005485845447589901
F10	K76	29	1929	353	43654	0.0011129164230102525	7.651109410864576e-06	0.0054934965570007654
K29	K85	13	1253	167	43654	0.0011255014327329678	7.651109410864576e-06	0.00550114766641163
F12	K02	7	396	175	43654	0.0011510961025502583	7.651109410864576e-06	0.005508798775822495
J18	J30	8	532	169	43654	0.0011654540796153942	7.651109410864576e-06	0.005516449885233359
E79	G43	6	225	226	43654	0.001185260928530189	7.651109410864576e-06	0.005524100994644224
N43	K40	13	160	1320	43654	0.00121320647842329	7.651109410864576e-06	0.005531752104055088
K44	K59	8	400	226	43654	0.0012233430724453832	7.651109410864576e-06	0.005547054322876817
F45	K44	8	226	400	43654	0.0012233430724453832	7.651109410864576e-06	0.005539403213465953
J31	J34	9	47	2503	43654	0.0012380989235419226	7.651109410864576e-06	0.005554705432287682
K21	K85	8	545	167	43654	0.0012581857735922378	7.651109410864576e-06	0.005562356541698547
I10	K21	19	690	545	43654	0.001263448819527456	7.651109410864576e-06	0.005570007651109411
F60	K02	8	522	175	43654	0.0012915498057990784	7.651109410864576e-06	0.005577658760520276
J18	B17	8	532	172	43654	0.0013039280228586195	7.651109410864576e-06	0.00558530986993114
N48	I86	11	324	495	43654	0.0013104290065760423	7.651109410864576e-06	0.005592960979342005
E03	F60	6	100	522	43654	0.0013123283889463146	7.651109410864576e-06	0.00560061208875287
F23	F32	16	345	849	43654	0.001340699760548256	7.651109410864576e-06	0.005608263198163734
K44	K51	7	400	179	43654	0.0013885974417014405	7.651109410864576e-06	0.005615914307574599
K21	K63	6	545	97	43654	0.0013957621423548124	7.651109410864576e-06	0.005623565416985463
M23	M71	10	1797	79	43654	0.00147988816659689	7.651109410864576e-06	0.005631216526396328
E78	G47	11	515	318	43654	0.0015442040739386516	7.651109410864576e-06	0.005638867635807193
I10	I45	7	690	107	43654	0.0015949501758193152	7.651109410864576e-06	0.005646518745218057
B27	J36	6	153	353	43654	0.0015978960812559463	7.651109410864576e-06	0.005654169854628922
F17	J20	10	897	158	43654	0.0016685010854959235	7.651109410864576e-06	0.005661820964039786
F17	I45	8	897	107	43654	0.0016808012192524038	7.651109410864576e-06	0.005669472073450651
K44	K76	10	400	353	43654	0.001701196214892681	7.651109410864576e-06	0.005677123182861516
K50	K85	6	328	167	43654	0.001720284694973199	7.651109410864576e-06	0.00568477429227238
F14	F43	8	104	927	43654	0.001721649847168673	7.651109410864576e-06	0.005692425401683245
E78	I45	6	515	107	43654	0.0017340196743907057	7.651109410864576e-06	0.005700076511094109
B24	G40	7	98	767	43654	0.0017484842226698487	7.651109410864576e-06	0.005707727620504974
F14	J18	6	104	532	43654	0.0017657951298353533	7.651109410864576e-06	0.005715378729915839
F17	K25	8	897	108	43654	0.0017832068521776653	7.651109410864576e-06	0.005723029839326703
K22	K52	8	95	1026	43654	0.0018193845826340379	7.651109410864576e-06	0.005730680948737568
F17	J98	7	897	85	43654	0.001861420924219343	7.651109410864576e-06	0.005738332058148432
F17	K92	13	897	246	43654	0.0018931119175376984	7.651109410864576e-06	0.005745983167559297
D22	F12	6	142	396	43654	0.0019505579517332216	7.651109410864576e-06	0.005753634276970161
F13	G40	13	290	767	43654	0.0020554610467915123	7.651109410864576e-06	0.005761285386381026
L03	B17	6	330	172	43654	0.0020574113132485862	7.651109410864576e-06	0.005768936495791891
J33	K07	6	163	349	43654	0.0020772489392973004	7.651109410864576e-06	0.005776587605202755
E66	I45	6	536	107	43654	0.002117591671535183	7.651109410864576e-06	0.00578423871461362
J06	K76	8	281	353	43654	0.0021929844559352013	7.651109410864576e-06	0.005791889824024484
F41	K44	10	366	400	43654	0.0022121427292778662	7.651109410864576e-06	0.005799540933435349
F31	F32	8	118	849	43654	0.002217954372202113	7.651109410864576e-06	0.005807192042846214
G47	J35	24	318	1736	43654	0.0022182694309595538	7.651109410864576e-06	0.005814843152257078
N17	F32	6	69	849	43654	0.0022533602131708207	7.651109410864576e-06	0.005822494261667943
F17	J01	10	897	165	43654	0.0022954269941090305	7.651109410864576e-06	0.005830145371078807
I95	A09	10	152	977	43654	0.0023301706652230155	7.651109410864576e-06	0.005837796480489672
E87	F43	7	86	927	43654	0.00239304683803604	7.651109410864576e-06	0.0058454475899005365
F32	G44	11	849	205	43654	0.0024093391480858937	7.651109410864576e-06	0.005853098699311401
A04	J45	6	154	381	43654	0.002417639586367771	7.651109410864576e-06	0.0058607498087222655
F14	G40	7	104	767	43654	0.0024541140093459657	7.651109410864576e-06	0.00586840091813313
F11	F61	6	496	119	43654	0.0024593154900055753	7.651109410864576e-06	0.0058760520275439945
E05	K29	8	83	1253	43654	0.0026552306579906274	7.651109410864576e-06	0.0058837031369548595
F17	K59	12	897	226	43654	0.0026749281685254198	7.651109410864576e-06	0.0058913542463657235
F11	F20	16	496	632	43654	0.0026786597229526686	7.651109410864576e-06	0.0058990053557765884
K21	K62	7	545	149	43654	0.0027865893415017825	7.651109410864576e-06	0.0059066564651874525
K76	A09	17	353	977	43654	0.002809901961928464	7.651109410864576e-06	0.0059143075745983174
K76	B17	6	353	172	43654	0.0028720459241253654	7.651109410864576e-06	0.005921958684009182
E78	F61	6	515	119	43654	0.0029595311570650364	7.651109410864576e-06	0.005929609793420046
F07	F10	10	81	1929	43654	0.002994555519025134	7.651109410864576e-06	0.005937260902830911
E78	M51	18	515	731	43654	0.0030119055622781945	7.651109410864576e-06	0.005944912012241775
F41	M54	17	366	949	43654	0.0030260057897398105	7.651109410864576e-06	0.00595256312165264
I10	I26	6	690	90	43654	0.003093082923401002	7.651109410864576e-06	0.005960214231063505
F41	J30	6	366	169	43654	0.003144218976966176	7.651109410864576e-06	0.005967865340474369
L03	M70	6	330	188	43654	0.0031991377122512665	7.651109410864576e-06	0.005975516449885234
F17	F61	8	897	119	43654	0.0032667231788653466	7.651109410864576e-06	0.005983167559296098
E80	M51	6	86	731	43654	0.003270594461241285	7.651109410864576e-06	0.005990818668706963
K44	K52	19	400	1026	43654	0.003276531791389134	7.651109410864576e-06	0.005998469778117828
I10	J45	14	690	381	43654	0.003305397699086261	7.651109410864576e-06	0.006006120887528692
E87	K29	8	86	1253	43654	0.0033141521601335235	7.651109410864576e-06	0.006013771996939557
J32	K04	9	728	182	43654	0.0036647368892364757	7.651109410864576e-06	0.006021423106350421
E78	F33	8	515	210	43654	0.003677561680391739	7.651109410864576e-06	0.006029074215761286
F10	F44	7	1929	46	43654	0.0038402166115812622	7.651109410864576e-06	0.00603672532517215
E87	G40	6	86	767	43654	0.004131023005830031	7.651109410864576e-06	0.006044376434583015
F10	F34	9	1929	72	43654	0.004371090638447283	7.651109410864576e-06	0.00605202754399388
F60	J30	7	522	169	43654	0.0044034550145648005	7.651109410864576e-06	0.006059678653404744
E03	F17	7	100	897	43654	0.004641457111527352	7.651109410864576e-06	0.006067329762815609
L03	L60	6	330	203	43654	0.004646454120911612	7.651109410864576e-06	0.006074980872226473
F34	M54	6	72	949	43654	0.0048067766326962596	7.651109410864576e-06	0.006082631981637338
F32	G35	8	849	134	43654	0.004829477982367587	7.651109410864576e-06	0.006090283091048203
F10	F48	7	1929	48	43654	0.00489435678684319	7.651109410864576e-06	0.006097934200459067
F41	K29	20	366	1253	43654	0.0049543588924319286	7.651109410864576e-06	0.006105585309869932
D50	K52	7	89	1026	43654	0.005043977402887968	7.651109410864576e-06	0.006113236419280796
H90	J34	13	101	2503	43654	0.005115759002834567	7.651109410864576e-06	0.006120887528691661
M25	M67	9	272	513	43654	0.005207916333157636	7.651109410864576e-06	0.006128538638102526
I10	K85	8	690	167	43654	0.005289566989622179	7.651109410864576e-06	0.00613618974751339
J18	J93	10	532	313	43654	0.005439308880443983	7.651109410864576e-06	0.006143840856924255
E78	M53	6	515	135	43654	0.005478415540017749	7.651109410864576e-06	0.006151491966335119
K21	K52	23	545	1026	43654	0.005573007054444702	7.651109410864576e-06	0.006159143075745984
E78	F45	8	515	226	43654	0.005686334258320511	7.651109410864576e-06	0.006166794185156849
I10	M53	7	690	135	43654	0.005815371012890285	7.651109410864576e-06	0.006174445294567713
B18	L03	8	354	330	43654	0.00584775528552765	7.651109410864576e-06	0.006182096403978578
N20	E79	11	871	225	43654	0.0058650854942163275	7.651109410864576e-06	0.006189747513389442
F10	G62	6	1929	38	43654	0.006052432152072178	7.651109410864576e-06	0.006197398622800307
