ICD1	ICD2	val11	occ1	occ2	NN	pval	bonf_thresh	fdr_thresh
F11	F13	303	611	506	47142	0.0	5.882352941176471e-06	5.882352941176471e-06
J32	J34	502	846	2816	47142	0.0	5.882352941176471e-06	1.1764705882352942e-05
J34	M95	346	2816	478	47142	2.26901308e-315	5.882352941176471e-06	1.7647058823529414e-05
N13	N20	236	403	924	47142	1.569292772111679e-301	5.882352941176471e-06	2.3529411764705884e-05
N20	N23	175	924	323	47142	9.85609177978129e-213	5.882352941176471e-06	2.9411764705882354e-05
F12	F13	201	947	506	47142	1.6460539115067013e-207	5.882352941176471e-06	3.529411764705883e-05
F11	F12	211	611	947	47142	8.414130762130594e-203	5.882352941176471e-06	4.11764705882353e-05
F11	F19	217	611	1120	47142	7.381565263578487e-195	5.882352941176471e-06	4.705882352941177e-05
K21	K44	144	572	327	47142	9.326730127610193e-190	5.882352941176471e-06	5.294117647058824e-05
K21	K29	213	572	1245	47142	5.724914846277096e-186	5.882352941176471e-06	5.882352941176471e-05
F13	F19	189	506	1120	47142	8.048928524671753e-174	5.882352941176471e-06	6.470588235294118e-05
B18	F11	130	310	611	47142	5.130203264503619e-163	5.882352941176471e-06	7.058823529411765e-05
M51	M54	195	730	1009	47142	2.2601876338635087e-156	5.882352941176471e-06	7.647058823529412e-05
F11	F17	197	611	1304	47142	3.318468303562477e-153	5.882352941176471e-06	8.23529411764706e-05
K29	K44	153	1245	327	47142	2.658410521928943e-151	5.882352941176471e-06	8.823529411764706e-05
F12	F17	229	947	1304	47142	8.130168514269114e-148	5.882352941176471e-06	9.411764705882353e-05
B18	F19	139	310	1120	47142	1.3953106071982471e-140	5.882352941176471e-06	0.0001
F12	F19	208	947	1120	47142	1.4036808324626285e-138	5.882352941176471e-06	0.00010588235294117647
F10	F12	291	2562	947	47142	7.088235103043181e-138	5.882352941176471e-06	0.00011176470588235294
E66	I10	159	726	737	47142	1.6447430548062842e-134	5.882352941176471e-06	0.00011764705882352942
F13	F17	164	506	1304	47142	2.0312473855062446e-127	5.882352941176471e-06	0.0001235294117647059
N13	N23	98	403	323	47142	8.316141753916296e-125	5.882352941176471e-06	0.00012941176470588237
G55	M51	71	78	730	47142	2.2808297772480096e-121	5.882352941176471e-06	0.00013529411764705884
B18	F13	99	310	506	47142	7.105400214147834e-118	5.882352941176471e-06	0.0001411764705882353
F10	F43	316	2562	1346	47142	6.1452654755118835e-114	5.882352941176471e-06	0.00014705882352941178
F11	F14	83	611	161	47142	4.971178816206147e-113	5.882352941176471e-06	0.00015294117647058825
F17	F19	205	1304	1120	47142	9.130796072012238e-107	5.882352941176471e-06	0.00015882352941176472
F12	F14	87	947	161	47142	1.1764141289053737e-103	5.882352941176471e-06	0.0001647058823529412
F43	F60	159	1346	666	47142	1.754788433510932e-98	5.882352941176471e-06	0.00017058823529411766
F13	F14	72	506	161	47142	2.8451078421197705e-98	5.882352941176471e-06	0.00017647058823529413
F19	F60	146	1120	666	47142	4.344016388509049e-96	5.882352941176471e-06	0.0001823529411764706
F12	F15	83	947	171	47142	1.2492469458524417e-93	5.882352941176471e-06	0.00018823529411764707
F12	F20	142	947	774	47142	2.0347591550995705e-92	5.882352941176471e-06	0.00019411764705882354
C62	D40	47	221	101	47142	2.334781686462131e-83	5.882352941176471e-06	0.0002
F33	F60	102	540	666	47142	6.602814013806468e-83	5.882352941176471e-06	0.00020588235294117648
F10	F60	188	2562	666	47142	1.6473199764823572e-81	5.882352941176471e-06	0.00021176470588235295
F12	F32	146	947	1093	47142	1.8846165061926626e-75	5.882352941176471e-06	0.00021764705882352942
F32	F33	115	1093	540	47142	3.691795132938449e-75	5.882352941176471e-06	0.0002235294117647059
F17	F32	168	1304	1093	47142	6.478157046363719e-75	5.882352941176471e-06	0.00022941176470588236
E78	F17	112	439	1304	47142	5.042167644385195e-74	5.882352941176471e-06	0.00023529411764705883
K10	K12	42	95	225	47142	7.757331046277278e-73	5.882352941176471e-06	0.0002411764705882353
F32	F60	122	1093	666	47142	9.852782785950277e-72	5.882352941176471e-06	0.0002470588235294118
F12	F23	98	947	445	47142	1.961079175211695e-71	5.882352941176471e-06	0.00025294117647058827
F13	F32	108	506	1093	47142	1.136722674023839e-70	5.882352941176471e-06	0.00025882352941176474
F12	F60	114	947	666	47142	1.7962863295248236e-70	5.882352941176471e-06	0.0002647058823529412
K60	K61	75	379	544	47142	4.458317803694242e-69	5.882352941176471e-06	0.0002705882352941177
F10	F13	150	2562	506	47142	3.0685249193123176e-68	5.882352941176471e-06	0.00027647058823529415
F14	F19	69	161	1120	47142	4.853751720935987e-68	5.882352941176471e-06	0.0002823529411764706
F11	F32	114	611	1093	47142	6.7582570538302006e-68	5.882352941176471e-06	0.0002882352941176471
F10	F17	246	2562	1304	47142	1.3020837123371419e-67	5.882352941176471e-06	0.00029411764705882356
N18	I10	57	134	737	47142	1.4525464857795428e-66	5.882352941176471e-06	0.00030000000000000003
F19	F32	147	1120	1093	47142	2.1852838539553843e-66	5.882352941176471e-06	0.0003058823529411765
F10	F19	223	2562	1120	47142	1.2776077595504791e-65	5.882352941176471e-06	0.00031176470588235297
F19	F61	85	1120	303	47142	1.8686467323324432e-65	5.882352941176471e-06	0.00031764705882352944
C62	C77	34	221	62	47142	1.4204945992181804e-63	5.882352941176471e-06	0.0003235294117647059
M23	M94	70	1905	126	47142	2.572344645331569e-63	5.882352941176471e-06	0.0003294117647058824
F10	F32	215	2562	1093	47142	2.7842293855497475e-62	5.882352941176471e-06	0.00033529411764705885
H91	H93	49	234	271	47142	6.375486921662909e-62	5.882352941176471e-06	0.0003411764705882353
J32	J33	57	846	140	47142	9.521317708481894e-62	5.882352941176471e-06	0.0003470588235294118
F14	F17	66	161	1304	47142	3.1853297451561416e-59	5.882352941176471e-06	0.00035294117647058826
H50	H52	31	130	94	47142	5.46581624502018e-57	5.882352941176471e-06	0.00035882352941176473
F20	F23	79	774	445	47142	9.417842535157552e-57	5.882352941176471e-06	0.0003647058823529412
C62	C78	31	221	66	47142	3.9165848790723364e-55	5.882352941176471e-06	0.00037058823529411767
K02	K04	37	191	158	47142	8.323944700847547e-55	5.882352941176471e-06	0.00037647058823529414
E78	I10	75	439	737	47142	3.505085770270839e-54	5.882352941176471e-06	0.0003823529411764706
F32	F43	144	1093	1346	47142	1.2273955492573364e-53	5.882352941176471e-06	0.0003882352941176471
F13	F60	74	506	666	47142	1.2464745891581191e-51	5.882352941176471e-06	0.00039411764705882355
F11	F15	49	611	171	47142	2.302253007366133e-51	5.882352941176471e-06	0.0004
F12	F43	131	947	1346	47142	3.3070824009791404e-51	5.882352941176471e-06	0.0004058823529411765
E78	E79	43	439	152	47142	3.469315945677651e-51	5.882352941176471e-06	0.00041176470588235296
E66	K76	65	726	341	47142	1.3530395713989891e-50	5.882352941176471e-06	0.00041764705882352943
E66	E78	71	726	439	47142	4.659129577768826e-50	5.882352941176471e-06	0.0004235294117647059
E66	G47	78	726	574	47142	3.872602551238829e-49	5.882352941176471e-06	0.00042941176470588237
C77	C78	22	62	66	47142	1.0432371868386366e-48	5.882352941176471e-06	0.00043529411764705884
F10	F33	131	2562	540	47142	1.1544095636833988e-48	5.882352941176471e-06	0.0004411764705882353
F10	K70	44	2562	52	47142	7.672970399660384e-48	5.882352941176471e-06	0.0004470588235294118
F13	F15	44	506	171	47142	1.5249297298451015e-47	5.882352941176471e-06	0.00045294117647058825
F17	F61	73	1304	303	47142	1.441383487033768e-46	5.882352941176471e-06	0.0004588235294117647
B18	F12	65	310	947	47142	4.270704602860889e-46	5.882352941176471e-06	0.0004647058823529412
F12	F33	80	947	540	47142	1.4118484038788708e-44	5.882352941176471e-06	0.00047058823529411766
F12	F61	63	947	303	47142	1.8120479021381536e-44	5.882352941176471e-06	0.00047647058823529413
M24	M65	49	415	339	47142	4.600446976689257e-44	5.882352941176471e-06	0.0004823529411764706
F33	F61	51	540	303	47142	1.831696190362964e-43	5.882352941176471e-06	0.00048823529411764707
B18	F17	70	310	1304	47142	1.115943990911149e-42	5.882352941176471e-06	0.0004941176470588236
F19	F20	99	1120	774	47142	1.1833984424042233e-42	5.882352941176471e-06	0.0005
F15	F19	52	171	1120	47142	2.0377726885158634e-42	5.882352941176471e-06	0.0005058823529411765
F43	F61	69	1346	303	47142	1.8541081251183532e-41	5.882352941176471e-06	0.000511764705882353
B94	F11	27	42	611	47142	5.093491346029985e-41	5.882352941176471e-06	0.0005176470588235295
F13	F33	59	506	540	47142	9.40926699884315e-41	5.882352941176471e-06	0.0005235294117647059
N47	N48	65	1132	323	47142	3.779296605626609e-40	5.882352941176471e-06	0.0005294117647058824
M22	M23	58	156	1905	47142	4.6146951198380694e-40	5.882352941176471e-06	0.0005352941176470588
C71	D43	20	82	71	47142	1.0910144380968058e-39	5.882352941176471e-06	0.0005411764705882354
B18	F14	33	310	161	47142	1.850539928309673e-39	5.882352941176471e-06	0.0005470588235294118
E78	K76	46	439	341	47142	7.189709497176988e-39	5.882352941176471e-06	0.0005529411764705883
E66	F17	98	726	1304	47142	1.2295054525741785e-38	5.882352941176471e-06	0.0005588235294117647
N18	D64	24	134	117	47142	3.9036107547590037e-38	5.882352941176471e-06	0.0005647058823529412
B94	F17	30	42	1304	47142	1.0461690952236612e-37	5.882352941176471e-06	0.0005705882352941177
F19	F43	123	1120	1346	47142	1.3611706481603555e-37	5.882352941176471e-06	0.0005764705882352942
I21	I25	15	33	51	47142	3.390011165369584e-37	5.882352941176471e-06	0.0005823529411764706
F17	F33	83	1304	540	47142	4.767384406504553e-37	5.882352941176471e-06	0.0005882352941176471
K01	K02	35	381	191	47142	9.164380244200382e-37	5.882352941176471e-06	0.0005941176470588235
K01	K04	33	381	158	47142	9.923987005341048e-37	5.882352941176471e-06	0.0006000000000000001
E66	E79	39	726	152	47142	4.220692112239451e-36	5.882352941176471e-06	0.0006058823529411765
B94	F32	28	42	1093	47142	4.644267199682227e-36	5.882352941176471e-06	0.000611764705882353
J43	J93	19	25	358	47142	5.621329163913514e-36	5.882352941176471e-06	0.0006176470588235294
H83	H93	24	74	271	47142	8.138030395485908e-36	5.882352941176471e-06	0.0006235294117647059
C40	C41	12	17	33	47142	8.72390178365458e-36	5.882352941176471e-06	0.0006294117647058824
F41	F45	41	472	268	47142	9.863804815302419e-36	5.882352941176471e-06	0.0006352941176470589
M23	M65	77	1905	339	47142	1.5475090677946167e-35	5.882352941176471e-06	0.0006411764705882353
F60	F61	48	666	303	47142	2.1429368969715716e-35	5.882352941176471e-06	0.0006470588235294118
F19	F23	69	1120	445	47142	2.9191382854700577e-35	5.882352941176471e-06	0.0006529411764705882
I85	K74	12	20	31	47142	7.056885604620122e-35	5.882352941176471e-06	0.0006588235294117648
K02	K08	23	191	94	47142	9.269345455502663e-35	5.882352941176471e-06	0.0006647058823529412
G54	M51	30	76	730	47142	1.823580859189551e-34	5.882352941176471e-06	0.0006705882352941177
F19	F33	74	1120	540	47142	4.557644040905646e-34	5.882352941176471e-06	0.0006764705882352941
J33	J34	58	140	2816	47142	5.600297194663032e-34	5.882352941176471e-06	0.0006823529411764706
F14	F15	25	161	171	47142	1.3840141375079929e-33	5.882352941176471e-06	0.000688235294117647
F19	F90	38	1120	114	47142	4.7401592772274414e-33	5.882352941176471e-06	0.0006941176470588236
D50	K50	29	118	441	47142	8.571197519892276e-33	5.882352941176471e-06	0.0007
N18	E21	14	134	19	47142	1.2810486060508122e-32	5.882352941176471e-06	0.0007058823529411765
M24	M25	42	415	408	47142	1.155997499719079e-31	5.882352941176471e-06	0.0007117647058823529
B98	K29	23	29	1245	47142	1.6795226172553037e-31	5.882352941176471e-06	0.0007176470588235295
F12	F25	43	947	200	47142	2.337048272119386e-31	5.882352941176471e-06	0.0007235294117647059
D69	D70	16	113	49	47142	1.2273688977767799e-30	5.882352941176471e-06	0.0007294117647058824
N18	I15	14	134	24	47142	2.135147466600461e-30	5.882352941176471e-06	0.0007352941176470588
I26	I80	19	101	125	47142	3.616456539894466e-30	5.882352941176471e-06	0.0007411764705882353
K80	K83	19	394	39	47142	1.2652970995152633e-29	5.882352941176471e-06	0.0007470588235294118
M23	M67	92	1905	575	47142	1.3551431088736343e-29	5.882352941176471e-06	0.0007529411764705883
C71	G40	30	82	976	47142	1.5605675901484653e-29	5.882352941176471e-06	0.0007588235294117648
F10	F14	55	2562	161	47142	2.7488957938603124e-29	5.882352941176471e-06	0.0007647058823529412
K21	K22	28	572	109	47142	3.8117383381538016e-29	5.882352941176471e-06	0.0007705882352941177
M25	M66	19	408	40	47142	4.687406193578117e-29	5.882352941176471e-06	0.0007764705882352942
F10	F61	75	2562	303	47142	5.524027531678628e-29	5.882352941176471e-06	0.0007823529411764707
F17	F60	81	1304	666	47142	6.524349879551655e-29	5.882352941176471e-06	0.0007882352941176471
F32	F41	62	1093	472	47142	2.9450696917507325e-28	5.882352941176471e-06	0.0007941176470588236
I42	I50	11	59	22	47142	3.055810363661569e-27	5.882352941176471e-06	0.0008
F11	B17	23	611	65	47142	3.5279656893438725e-27	5.882352941176471e-06	0.0008058823529411766
K01	K09	20	381	61	47142	3.947030151614402e-27	5.882352941176471e-06	0.000811764705882353
C83	C85	10	21	35	47142	4.3156115172093365e-27	5.882352941176471e-06	0.0008176470588235295
G55	M54	28	78	1009	47142	5.4784837910454876e-27	5.882352941176471e-06	0.0008235294117647059
N18	N19	15	134	50	47142	5.880844915127275e-27	5.882352941176471e-06	0.0008294117647058824
F23	F25	30	445	200	47142	6.281955913758604e-27	5.882352941176471e-06	0.0008352941176470589
K01	K07	34	381	335	47142	7.75163000125484e-27	5.882352941176471e-06	0.0008411764705882354
K04	K10	18	158	95	47142	9.342022005174553e-27	5.882352941176471e-06	0.0008470588235294118
B94	F13	19	42	506	47142	9.741694894260228e-27	5.882352941176471e-06	0.0008529411764705883
F13	G40	59	506	976	47142	9.836477876655766e-27	5.882352941176471e-06	0.0008588235294117647
F33	F40	25	540	98	47142	1.0734656215314335e-26	5.882352941176471e-06	0.0008647058823529413
F10	F63	49	2562	142	47142	1.7691110559219807e-26	5.882352941176471e-06	0.0008705882352941177
F60	F63	30	666	142	47142	1.9483950628377643e-26	5.882352941176471e-06	0.0008764705882352942
M22	M94	19	156	126	47142	2.837148720316527e-26	5.882352941176471e-06	0.0008823529411764706
B18	F32	49	310	1093	47142	3.091952339685906e-26	5.882352941176471e-06	0.0008882352941176471
J03	J35	73	598	1318	47142	5.522230520082257e-26	5.882352941176471e-06	0.0008941176470588236
F14	F60	31	161	666	47142	5.761466407033742e-26	5.882352941176471e-06	0.0009000000000000001
K26	K29	30	85	1245	47142	6.649066512650975e-26	5.882352941176471e-06	0.0009058823529411765
E11	E66	27	102	726	47142	8.627658416705103e-26	5.882352941176471e-06	0.000911764705882353
F13	B17	21	506	65	47142	1.1468886621847391e-25	5.882352941176471e-06	0.0009176470588235294
F19	B17	26	1120	65	47142	1.8419067171452734e-25	5.882352941176471e-06	0.000923529411764706
N05	N18	13	33	134	47142	2.3728882508224154e-25	5.882352941176471e-06	0.0009294117647058824
B94	F19	22	42	1120	47142	4.952645040233985e-25	5.882352941176471e-06	0.0009352941176470589
K04	K08	17	158	94	47142	5.910805745732214e-25	5.882352941176471e-06	0.0009411764705882353
F31	F60	34	222	666	47142	6.484284318903999e-25	5.882352941176471e-06	0.0009470588235294118
F13	F41	41	506	472	47142	1.1383620660191256e-24	5.882352941176471e-06	0.0009529411764705883
F11	F33	47	611	540	47142	1.2427899184387306e-24	5.882352941176471e-06	0.0009588235294117648
C78	C79	10	66	19	47142	1.293255156398731e-24	5.882352941176471e-06	0.0009647058823529412
M47	M51	23	70	730	47142	1.4994317419295646e-24	5.882352941176471e-06	0.0009705882352941177
E10	E16	16	319	42	47142	1.8795267481392123e-24	5.882352941176471e-06	0.0009764705882352941
I35	I71	9	48	15	47142	2.639040971319948e-24	5.882352941176471e-06	0.0009823529411764707
K04	K12	21	158	225	47142	2.8241105637478316e-24	5.882352941176471e-06	0.0009882352941176472
E11	I10	26	102	737	47142	2.9751923709866236e-24	5.882352941176471e-06	0.0009941176470588235
F13	F61	34	506	303	47142	2.9977242137509896e-24	5.882352941176471e-06	0.001
F32	F40	29	1093	98	47142	3.675732585329264e-24	5.882352941176471e-06	0.0010058823529411765
K50	K60	35	441	379	47142	4.6157441386596916e-24	5.882352941176471e-06	0.001011764705882353
D64	D69	16	117	113	47142	6.466928616564846e-24	5.882352941176471e-06	0.0010176470588235294
F17	F20	80	1304	774	47142	6.658635562170657e-24	5.882352941176471e-06	0.001023529411764706
C73	E89	9	46	17	47142	8.410499162279208e-24	5.882352941176471e-06	0.0010294117647058824
I85	K76	13	20	341	47142	8.736737480400433e-24	5.882352941176471e-06	0.001035294117647059
G40	G41	18	976	29	47142	1.1690280113391494e-23	5.882352941176471e-06	0.0010411764705882353
J35	J36	55	1318	379	47142	1.7528522142820782e-23	5.882352941176471e-06	0.0010470588235294118
F12	F31	37	947	222	47142	4.7256818145036245e-23	5.882352941176471e-06	0.0010529411764705883
B35	A46	14	42	215	47142	5.177259393068224e-23	5.882352941176471e-06	0.0010588235294117648
M42	M51	18	38	730	47142	5.357596297600577e-23	5.882352941176471e-06	0.0010647058823529411
D50	K51	19	118	254	47142	1.0238217071343998e-22	5.882352941176471e-06	0.0010705882352941177
F12	F90	28	947	114	47142	1.3733586939369891e-22	5.882352941176471e-06	0.0010764705882352942
F17	J44	24	1304	58	47142	1.7107747751842977e-22	5.882352941176471e-06	0.0010823529411764707
E84	K74	9	32	31	47142	1.7686070873244255e-22	5.882352941176471e-06	0.001088235294117647
K74	K76	14	31	341	47142	1.9489976223915375e-22	5.882352941176471e-06	0.0010941176470588235
J30	J45	22	129	408	47142	3.656019889532584e-22	5.882352941176471e-06	0.0011
F40	F41	21	98	472	47142	4.1138067793570477e-22	5.882352941176471e-06	0.0011058823529411766
K62	K64	20	167	238	47142	9.551992025769937e-22	5.882352941176471e-06	0.001111764705882353
F33	F41	39	540	472	47142	1.0081229863410186e-21	5.882352941176471e-06	0.0011176470588235294
F10	F15	48	2562	171	47142	1.4234315785461878e-21	5.882352941176471e-06	0.001123529411764706
F17	J18	56	1304	435	47142	1.5213181490293023e-21	5.882352941176471e-06	0.0011294117647058825
K61	L02	50	544	821	47142	1.5882090743586225e-21	5.882352941176471e-06	0.001135294117647059
K29	K92	48	1245	334	47142	1.6780233181560887e-21	5.882352941176471e-06	0.0011411764705882353
F15	F17	36	171	1304	47142	1.733006121505896e-21	5.882352941176471e-06	0.0011470588235294118
F17	F43	105	1304	1346	47142	2.195988974932415e-21	5.882352941176471e-06	0.0011529411764705884
F32	F61	43	1093	303	47142	2.632777726601504e-21	5.882352941176471e-06	0.0011588235294117649
K80	K81	16	394	52	47142	3.2923486446448518e-21	5.882352941176471e-06	0.0011647058823529412
F19	G40	79	1120	976	47142	4.266600482447931e-21	5.882352941176471e-06	0.0011705882352941177
I10	K76	38	737	341	47142	4.322825656580891e-21	5.882352941176471e-06	0.0011764705882352942
J18	J90	17	435	60	47142	5.023246113889487e-21	5.882352941176471e-06	0.0011823529411764708
C43	D22	12	65	92	47142	5.3544513413011845e-21	5.882352941176471e-06	0.001188235294117647
N03	N18	9	13	134	47142	6.524290836138722e-21	5.882352941176471e-06	0.0011941176470588236
I47	I48	16	161	129	47142	1.2200250398685225e-20	5.882352941176471e-06	0.0012000000000000001
K50	K63	23	441	160	47142	1.3653529808345356e-20	5.882352941176471e-06	0.0012058823529411766
I84	K62	19	230	167	47142	1.4387460199853225e-20	5.882352941176471e-06	0.001211764705882353
M23	M25	64	1905	408	47142	1.6026015603424652e-20	5.882352941176471e-06	0.0012176470588235295
J15	J18	23	164	435	47142	1.7892525065132614e-20	5.882352941176471e-06	0.001223529411764706
G54	M54	23	76	1009	47142	1.8182422967178235e-20	5.882352941176471e-06	0.0012294117647058825
E78	I21	14	439	33	47142	2.0898547963483678e-20	5.882352941176471e-06	0.0012352941176470588
M19	M75	18	160	204	47142	2.1050437006759327e-20	5.882352941176471e-06	0.0012411764705882353
K29	K76	47	1245	341	47142	2.564864095543985e-20	5.882352941176471e-06	0.0012470588235294119
K85	K86	13	219	46	47142	2.9093463759345814e-20	5.882352941176471e-06	0.0012529411764705884
E73	E74	9	63	27	47142	3.438681083374634e-20	5.882352941176471e-06	0.0012588235294117647
M25	M65	29	408	339	47142	3.8236827121690084e-20	5.882352941176471e-06	0.0012647058823529412
B18	G40	40	310	976	47142	3.975341931548828e-20	5.882352941176471e-06	0.0012705882352941178
D64	I10	24	117	737	47142	4.440977419947982e-20	5.882352941176471e-06	0.0012764705882352943
H52	H53	12	94	75	47142	4.488570729656035e-20	5.882352941176471e-06	0.0012823529411764706
F20	F25	30	774	200	47142	4.91849839867556e-20	5.882352941176471e-06	0.0012882352941176471
F13	F90	21	506	114	47142	5.010571591144516e-20	5.882352941176471e-06	0.0012941176470588236
F17	G40	84	1304	976	47142	6.739132488624087e-20	5.882352941176471e-06	0.0013000000000000002
N17	A41	12	113	68	47142	1.2823553431797311e-19	5.882352941176471e-06	0.0013058823529411765
E11	E78	19	102	439	47142	1.7269895253892036e-19	5.882352941176471e-06	0.001311764705882353
E79	K76	20	152	341	47142	1.7854287386637254e-19	5.882352941176471e-06	0.0013176470588235295
F20	F61	35	774	303	47142	2.299209354814704e-19	5.882352941176471e-06	0.001323529411764706
N17	N18	14	113	134	47142	2.415497691224377e-19	5.882352941176471e-06	0.0013294117647058823
I26	I82	11	101	56	47142	3.4203010177861153e-19	5.882352941176471e-06	0.0013352941176470589
F13	F43	58	506	1346	47142	3.7762637604715796e-19	5.882352941176471e-06	0.0013411764705882354
F17	I10	70	1304	737	47142	4.84726710081951e-19	5.882352941176471e-06	0.001347058823529412
K60	K62	21	379	167	47142	5.0556897846608075e-19	5.882352941176471e-06	0.0013529411764705882
H43	H35	8	18	68	47142	5.28953395238965e-19	5.882352941176471e-06	0.0013588235294117647
F11	G40	54	611	976	47142	5.650138531451348e-19	5.882352941176471e-06	0.0013647058823529413
N05	I10	15	33	737	47142	5.654124589675423e-19	5.882352941176471e-06	0.0013705882352941178
M23	M24	62	1905	415	47142	7.720794202229007e-19	5.882352941176471e-06	0.001376470588235294
M16	M65	17	99	339	47142	7.960422741688754e-19	5.882352941176471e-06	0.0013823529411764706
K01	K05	13	381	36	47142	9.991396340488068e-19	5.882352941176471e-06	0.0013882352941176472
F14	F32	30	161	1093	47142	1.1453029837379605e-18	5.882352941176471e-06	0.0013941176470588237
K80	K85	23	394	219	47142	1.5092164921486067e-18	5.882352941176471e-06	0.0014
K04	K09	12	158	61	47142	1.9848810679076186e-18	5.882352941176471e-06	0.0014058823529411765
E79	I10	25	152	737	47142	2.0721814027862195e-18	5.882352941176471e-06	0.001411764705882353
F17	I21	17	1304	33	47142	2.254513406843838e-18	5.882352941176471e-06	0.0014176470588235296
H50	H53	12	130	75	47142	2.59095136070959e-18	5.882352941176471e-06	0.0014235294117647059
I26	J18	18	101	435	47142	3.065470950047305e-18	5.882352941176471e-06	0.0014294117647058824
D64	I15	9	117	24	47142	3.306281010261871e-18	5.882352941176471e-06	0.001435294117647059
F17	F63	30	1304	142	47142	3.4388871973664138e-18	5.882352941176471e-06	0.0014411764705882354
N31	G82	10	46	99	47142	3.999925216029079e-18	5.882352941176471e-06	0.0014470588235294117
N62	D24	10	330	17	47142	4.589127153538606e-18	5.882352941176471e-06	0.0014529411764705883
N17	I10	22	113	737	47142	5.286531583641878e-18	5.882352941176471e-06	0.0014588235294117648
N31	N39	12	46	234	47142	5.642654525202667e-18	5.882352941176471e-06	0.0014647058823529413
K50	K56	25	441	260	47142	5.92462246556679e-18	5.882352941176471e-06	0.0014705882352941176
C73	C77	9	46	62	47142	6.798740329462828e-18	5.882352941176471e-06	0.0014764705882352942
K22	K29	26	109	1245	47142	8.009746569932687e-18	5.882352941176471e-06	0.0014823529411764707
F43	F63	30	1346	142	47142	8.147480776391243e-18	5.882352941176471e-06	0.0014882352941176472
E21	I10	12	19	737	47142	8.893741264600197e-18	5.882352941176471e-06	0.0014941176470588235
K00	K01	11	23	381	47142	1.0310628626372647e-17	5.882352941176471e-06	0.0015
I45	I47	13	93	161	47142	1.0760726120807054e-17	5.882352941176471e-06	0.0015058823529411766
F32	F42	24	1093	102	47142	1.116646099453957e-17	5.882352941176471e-06	0.001511764705882353
F60	F90	21	666	114	47142	1.3116065070298097e-17	5.882352941176471e-06	0.0015176470588235296
D43	G40	20	71	976	47142	1.4404693450383898e-17	5.882352941176471e-06	0.001523529411764706
F20	F60	48	774	666	47142	1.8970042471280158e-17	5.882352941176471e-06	0.0015294117647058824
H33	H35	10	77	68	47142	1.9826395400342206e-17	5.882352941176471e-06	0.001535294117647059
M16	M24	17	99	415	47142	2.3586384408959352e-17	5.882352941176471e-06	0.0015411764705882355
M42	M54	16	38	1009	47142	2.4704265117204182e-17	5.882352941176471e-06	0.0015470588235294118
B18	F60	31	310	666	47142	2.4979894365985284e-17	5.882352941176471e-06	0.0015529411764705883
F32	F63	27	1093	142	47142	3.546161132358479e-17	5.882352941176471e-06	0.0015588235294117648
K21	K76	30	572	341	47142	4.5895114007423003e-17	5.882352941176471e-06	0.0015647058823529414
B20	B24	7	17	57	47142	4.964186745735517e-17	5.882352941176471e-06	0.0015705882352941177
F06	F07	9	59	60	47142	5.587445249868929e-17	5.882352941176471e-06	0.0015764705882352942
D61	D69	8	19	113	47142	6.258863623435814e-17	5.882352941176471e-06	0.0015823529411764707
B18	B24	13	310	57	47142	6.31080273091248e-17	5.882352941176471e-06	0.0015882352941176472
B94	F12	16	42	947	47142	6.345705657367287e-17	5.882352941176471e-06	0.0015941176470588236
F16	F19	18	51	1120	47142	6.778281514094482e-17	5.882352941176471e-06	0.0016
F61	F63	17	303	142	47142	6.79133169984605e-17	5.882352941176471e-06	0.0016058823529411766
D61	I85	6	19	20	47142	6.877817030750946e-17	5.882352941176471e-06	0.0016117647058823531
K42	K43	16	282	130	47142	1.156576020074078e-16	5.882352941176471e-06	0.0016176470588235294
K29	K58	24	1245	101	47142	1.6066844652452248e-16	5.882352941176471e-06	0.001623529411764706
E10	E14	13	319	60	47142	1.8963189836396896e-16	5.882352941176471e-06	0.0016294117647058825
K74	M81	7	31	38	47142	3.189488943386829e-16	5.882352941176471e-06	0.001635294117647059
G82	G95	8	99	26	47142	4.288950204897217e-16	5.882352941176471e-06	0.0016411764705882353
I30	I40	10	50	143	47142	4.4355249748238796e-16	5.882352941176471e-06	0.0016470588235294118
E10	H36	8	319	11	47142	6.527059542391703e-16	5.882352941176471e-06	0.0016529411764705884
M53	M54	21	94	1009	47142	7.733662890667678e-16	5.882352941176471e-06	0.0016588235294117649
K29	K50	47	1245	441	47142	7.941723208325834e-16	5.882352941176471e-06	0.0016647058823529412
K74	K90	7	31	43	47142	8.125795279098285e-16	5.882352941176471e-06	0.0016705882352941177
F17	K76	42	1304	341	47142	8.21918006481147e-16	5.882352941176471e-06	0.0016764705882352942
I42	I48	10	59	129	47142	9.24967079277416e-16	5.882352941176471e-06	0.0016823529411764708
E84	K90	7	32	43	47142	1.039406565574602e-15	5.882352941176471e-06	0.001688235294117647
E11	K76	15	102	341	47142	1.1280804255780872e-15	5.882352941176471e-06	0.0016941176470588236
M48	M51	13	33	730	47142	1.1421055475822393e-15	5.882352941176471e-06	0.0017000000000000001
M43	M54	15	39	1009	47142	1.2739754103874073e-15	5.882352941176471e-06	0.0017058823529411766
K40	K42	38	1314	282	47142	1.291463622764351e-15	5.882352941176471e-06	0.001711764705882353
E14	H36	6	60	11	47142	1.5102736108574976e-15	5.882352941176471e-06	0.0017176470588235295
F11	F60	40	611	666	47142	1.6094660543847276e-15	5.882352941176471e-06	0.001723529411764706
M16	M87	11	99	119	47142	1.727025390323446e-15	5.882352941176471e-06	0.0017294117647058825
E86	A09	19	83	911	47142	1.8165665227634023e-15	5.882352941176471e-06	0.0017352941176470588
N13	N39	21	403	234	47142	1.845822667319007e-15	5.882352941176471e-06	0.0017411764705882354
F12	F16	16	947	51	47142	2.3098280744442024e-15	5.882352941176471e-06	0.0017470588235294119
K22	K92	15	109	334	47142	2.3137973449865854e-15	5.882352941176471e-06	0.0017529411764705884
F33	F43	54	540	1346	47142	2.3264664019585984e-15	5.882352941176471e-06	0.0017588235294117647
F10	F11	85	2562	611	47142	2.335031997449446e-15	5.882352941176471e-06	0.0017647058823529412
B94	G40	15	42	976	47142	2.9018093478118594e-15	5.882352941176471e-06	0.0017705882352941178
F20	F70	20	774	113	47142	3.0220130581095025e-15	5.882352941176471e-06	0.0017764705882352943
F83	G40	11	17	976	47142	3.1306035108370214e-15	5.882352941176471e-06	0.0017823529411764706
J45	L20	15	408	92	47142	3.166906947170044e-15	5.882352941176471e-06	0.0017882352941176471
H35	H36	6	68	11	47142	3.2994695397448343e-15	5.882352941176471e-06	0.0017941176470588236
B27	J03	21	165	598	47142	3.659849175827021e-15	5.882352941176471e-06	0.0018000000000000002
K90	M81	7	43	38	47142	3.8816439469344934e-15	5.882352941176471e-06	0.0018058823529411765
C41	C49	6	33	21	47142	3.914762753445201e-15	5.882352941176471e-06	0.001811764705882353
H25	H33	8	42	77	47142	3.9297809160911685e-15	5.882352941176471e-06	0.0018176470588235295
K20	K22	8	31	109	47142	4.7441409869534204e-15	5.882352941176471e-06	0.001823529411764706
D86	L52	6	46	16	47142	4.886283916666869e-15	5.882352941176471e-06	0.0018294117647058824
K29	K80	43	1245	394	47142	5.8018903872411326e-15	5.882352941176471e-06	0.0018352941176470589
F42	F60	18	102	666	47142	6.027502865112597e-15	5.882352941176471e-06	0.0018411764705882354
D63	D69	7	17	113	47142	7.176369234019255e-15	5.882352941176471e-06	0.001847058823529412
F32	F45	33	1093	268	47142	7.742619297857808e-15	5.882352941176471e-06	0.0018529411764705882
D63	D64	7	17	117	47142	9.208768075409638e-15	5.882352941176471e-06	0.0018588235294117648
K60	K64	20	379	238	47142	9.638162682640704e-15	5.882352941176471e-06	0.0018647058823529413
M24	M67	30	415	575	47142	1.0560983578550406e-14	5.882352941176471e-06	0.0018705882352941178
F41	F43	49	472	1346	47142	1.0869078299081369e-14	5.882352941176471e-06	0.0018764705882352941
K29	K52	67	1245	873	47142	1.1508446643058826e-14	5.882352941176471e-06	0.0018823529411764706
F43	F70	24	1346	113	47142	1.3560758899044708e-14	5.882352941176471e-06	0.0018882352941176472
F17	F41	48	1304	472	47142	1.3735713573180307e-14	5.882352941176471e-06	0.0018941176470588237
J69	J96	7	37	53	47142	1.507325195387654e-14	5.882352941176471e-06	0.0019000000000000002
B18	B17	12	310	65	47142	1.5588768771784828e-14	5.882352941176471e-06	0.0019058823529411765
H71	H90	8	70	55	47142	1.799336713144022e-14	5.882352941176471e-06	0.001911764705882353
C81	C85	7	59	35	47142	2.1758516612350005e-14	5.882352941176471e-06	0.0019176470588235296
F17	J45	44	1304	408	47142	2.1763978142516167e-14	5.882352941176471e-06	0.001923529411764706
M65	M67	27	339	575	47142	2.2391207305908745e-14	5.882352941176471e-06	0.0019294117647058824
N18	D63	7	134	17	47142	2.429444504668625e-14	5.882352941176471e-06	0.001935294117647059
D61	D70	6	19	49	47142	2.464414396980403e-14	5.882352941176471e-06	0.0019411764705882354
F43	F44	24	1346	116	47142	2.5222655444646738e-14	5.882352941176471e-06	0.001947058823529412
K29	K59	39	1245	342	47142	2.543884223631463e-14	5.882352941176471e-06	0.0019529411764705883
M65	M94	15	339	126	47142	2.613154020959478e-14	5.882352941176471e-06	0.001958823529411765
L90	L91	9	155	45	47142	2.842846232403486e-14	5.882352941176471e-06	0.0019647058823529413
N18	E87	12	134	154	47142	2.8579275292931425e-14	5.882352941176471e-06	0.0019705882352941176
I31	I51	10	99	107	47142	3.1046899498304944e-14	5.882352941176471e-06	0.0019764705882352944
F13	K02	20	506	191	47142	3.2030198331346937e-14	5.882352941176471e-06	0.0019823529411764707
K08	K12	12	94	225	47142	3.5192625690244836e-14	5.882352941176471e-06	0.001988235294117647
C41	D48	9	33	227	47142	4.1389618763269715e-14	5.882352941176471e-06	0.0019941176470588237
E78	I25	12	439	51	47142	4.187722307784194e-14	5.882352941176471e-06	0.002
F11	F61	26	611	303	47142	4.809474335353658e-14	5.882352941176471e-06	0.0020058823529411768
F14	F33	19	161	540	47142	4.976680489123708e-14	5.882352941176471e-06	0.002011764705882353
I10	I21	12	737	33	47142	5.127279326568228e-14	5.882352941176471e-06	0.0020176470588235294
E78	K71	11	439	39	47142	5.345308691855567e-14	5.882352941176471e-06	0.002023529411764706
F13	F20	37	506	774	47142	6.161112360031695e-14	5.882352941176471e-06	0.0020294117647058824
I84	K60	19	230	379	47142	6.166306897524323e-14	5.882352941176471e-06	0.0020352941176470588
J18	J96	12	435	53	47142	6.211804609686358e-14	5.882352941176471e-06	0.0020411764705882355
K25	K29	21	96	1245	47142	7.277004914814443e-14	5.882352941176471e-06	0.002047058823529412
F72	F84	6	20	57	47142	9.110267846385245e-14	5.882352941176471e-06	0.0020529411764705885
N25	D64	6	11	117	47142	9.386158199875501e-14	5.882352941176471e-06	0.002058823529411765
K21	K92	26	572	334	47142	1.0286958892739031e-13	5.882352941176471e-06	0.002064705882352941
F17	J93	40	1304	358	47142	1.0350233422846874e-13	5.882352941176471e-06	0.002070588235294118
F11	K02	21	611	191	47142	1.0637071968703391e-13	5.882352941176471e-06	0.002076470588235294
F17	K02	29	1304	191	47142	1.119878799077183e-13	5.882352941176471e-06	0.0020823529411764705
J34	J35	148	2816	1318	47142	1.2218713182085178e-13	5.882352941176471e-06	0.0020882352941176473
J03	J36	28	598	379	47142	1.252860447492134e-13	5.882352941176471e-06	0.0020941176470588236
K29	K63	26	1245	160	47142	1.4337454590022588e-13	5.882352941176471e-06	0.0021000000000000003
F14	K02	13	161	191	47142	1.4826520418209178e-13	5.882352941176471e-06	0.0021058823529411766
F43	F90	23	1346	114	47142	1.532480292467685e-13	5.882352941176471e-06	0.002111764705882353
E84	M81	6	32	38	47142	1.61691068586547e-13	5.882352941176471e-06	0.0021176470588235297
K02	K10	11	191	95	47142	2.097103538386471e-13	5.882352941176471e-06	0.002123529411764706
N18	N25	6	134	11	47142	2.150834258387348e-13	5.882352941176471e-06	0.0021294117647058823
F32	F90	21	1093	114	47142	2.16616089895934e-13	5.882352941176471e-06	0.002135294117647059
B18	K02	16	310	191	47142	2.3185854989075087e-13	5.882352941176471e-06	0.0021411764705882353
F10	F41	68	2562	472	47142	2.7050139155268195e-13	5.882352941176471e-06	0.002147058823529412
F15	F32	25	171	1093	47142	2.8208926225584903e-13	5.882352941176471e-06	0.0021529411764705884
F17	I25	16	1304	51	47142	3.097963324711563e-13	5.882352941176471e-06	0.0021588235294117647
M67	M94	17	575	126	47142	3.1377318402823563e-13	5.882352941176471e-06	0.0021647058823529414
I10	I42	14	737	59	47142	3.2059694805073523e-13	5.882352941176471e-06	0.0021705882352941177
C71	G81	7	82	37	47142	3.6580283301808304e-13	5.882352941176471e-06	0.002176470588235294
E14	I10	14	60	737	47142	4.1219517345912387e-13	5.882352941176471e-06	0.0021823529411764708
D12	K63	9	58	160	47142	4.396601256605802e-13	5.882352941176471e-06	0.002188235294117647
C34	C62	7	16	221	47142	4.992007220024627e-13	5.882352941176471e-06	0.002194117647058824
E78	F13	27	439	506	47142	5.206842052011494e-13	5.882352941176471e-06	0.0022
E84	K86	6	32	46	47142	5.465354993635541e-13	5.882352941176471e-06	0.0022058823529411764
K50	K51	20	441	254	47142	5.509494474476838e-13	5.882352941176471e-06	0.002211764705882353
I31	I40	10	99	143	47142	5.931604592320971e-13	5.882352941176471e-06	0.0022176470588235295
C73	E04	7	46	70	47142	5.973644264702897e-13	5.882352941176471e-06	0.002223529411764706
D50	K29	22	118	1245	47142	5.981248030131792e-13	5.882352941176471e-06	0.0022294117647058825
F61	F90	13	303	114	47142	5.989916916283926e-13	5.882352941176471e-06	0.002235294117647059
N19	I10	13	50	737	47142	6.261644346098649e-13	5.882352941176471e-06	0.0022411764705882356
I63	I67	6	59	26	47142	6.676921239950601e-13	5.882352941176471e-06	0.002247058823529412
F40	F60	16	98	666	47142	6.842534060958066e-13	5.882352941176471e-06	0.002252941176470588
J34	J39	29	2816	101	47142	7.1542743020388e-13	5.882352941176471e-06	0.002258823529411765
A15	A16	7	69	48	47142	7.383996724926718e-13	5.882352941176471e-06	0.0022647058823529412
I10	I25	13	737	51	47142	8.284159696899654e-13	5.882352941176471e-06	0.002270588235294118
E11	E14	8	102	60	47142	8.462195808571605e-13	5.882352941176471e-06	0.0022764705882352943
G51	A69	8	142	44	47142	8.976546213208292e-13	5.882352941176471e-06	0.0022823529411764706
K35	K65	17	1671	51	47142	9.568700154750602e-13	5.882352941176471e-06	0.0022882352941176473
C41	D70	6	33	49	47142	9.950525570806803e-13	5.882352941176471e-06	0.0022941176470588237
C77	D40	8	62	101	47142	1.027932355814859e-12	5.882352941176471e-06	0.0023
F12	K02	24	947	191	47142	1.167332553128061e-12	5.882352941176471e-06	0.0023058823529411767
M23	M66	16	1905	40	47142	1.1899227092521533e-12	5.882352941176471e-06	0.002311764705882353
F11	F43	53	611	1346	47142	1.241157566842194e-12	5.882352941176471e-06	0.0023176470588235298
G80	G82	7	37	99	47142	1.4189092271407808e-12	5.882352941176471e-06	0.002323529411764706
G40	G93	17	976	84	47142	1.4341476590460752e-12	5.882352941176471e-06	0.0023294117647058824
M47	M54	16	70	1009	47142	1.4530717507616378e-12	5.882352941176471e-06	0.002335294117647059
C85	D70	6	35	49	47142	1.4559869007818185e-12	5.882352941176471e-06	0.0023411764705882354
A41	J18	12	68	435	47142	1.4969189432649125e-12	5.882352941176471e-06	0.0023470588235294117
C62	D70	9	221	49	47142	1.6209962676059508e-12	5.882352941176471e-06	0.0023529411764705885
F06	F70	8	59	113	47142	1.6963213708831483e-12	5.882352941176471e-06	0.0023588235294117648
G35	H46	8	191	36	47142	1.7202552844105887e-12	5.882352941176471e-06	0.0023647058823529415
G82	L89	6	99	19	47142	1.9515181086993146e-12	5.882352941176471e-06	0.002370588235294118
F23	F61	21	445	303	47142	2.0187300515508355e-12	5.882352941176471e-06	0.002376470588235294
F11	F90	16	611	114	47142	2.086736265397792e-12	5.882352941176471e-06	0.002382352941176471
D33	D43	6	26	71	47142	2.113066216156399e-12	5.882352941176471e-06	0.002388235294117647
F50	F60	11	37	666	47142	2.5263945983078263e-12	5.882352941176471e-06	0.0023941176470588235
F12	B17	15	947	65	47142	2.556492098270384e-12	5.882352941176471e-06	0.0024000000000000002
H18	H52	9	120	94	47142	2.932951972002806e-12	5.882352941176471e-06	0.0024058823529411765
N39	G82	11	234	99	47142	3.056763003756252e-12	5.882352941176471e-06	0.0024117647058823533
C43	C77	7	65	62	47142	3.144474536501701e-12	5.882352941176471e-06	0.0024176470588235296
F13	F40	14	506	98	47142	3.22984437450293e-12	5.882352941176471e-06	0.002423529411764706
E78	F20	32	439	774	47142	3.3577110750153005e-12	5.882352941176471e-06	0.0024294117647058826
M25	M75	17	408	204	47142	3.666024206807602e-12	5.882352941176471e-06	0.002435294117647059
E66	E88	13	726	58	47142	4.117053210065247e-12	5.882352941176471e-06	0.0024411764705882352
E61	K50	9	29	441	47142	4.2921350281611825e-12	5.882352941176471e-06	0.002447058823529412
D62	K26	6	25	85	47142	4.945527057179858e-12	5.882352941176471e-06	0.0024529411764705883
K44	K76	19	327	341	47142	4.961392185676036e-12	5.882352941176471e-06	0.002458823529411765
I45	I48	9	93	129	47142	5.133855454286397e-12	5.882352941176471e-06	0.0024647058823529413
D64	E21	6	117	19	47142	5.423868187064909e-12	5.882352941176471e-06	0.0024705882352941176
E10	E11	12	319	102	47142	5.8796332730768656e-12	5.882352941176471e-06	0.0024764705882352944
F19	K02	25	1120	191	47142	5.966233331980499e-12	5.882352941176471e-06	0.0024823529411764707
K01	K12	17	381	225	47142	5.99054724913753e-12	5.882352941176471e-06	0.002488235294117647
K57	K63	10	113	160	47142	7.019958625259044e-12	5.882352941176471e-06	0.0024941176470588237
E78	F12	35	439	947	47142	7.299685922538178e-12	5.882352941176471e-06	0.0025
C62	C80	6	221	12	47142	8.949219917282922e-12	5.882352941176471e-06	0.002505882352941177
F33	F63	16	540	142	47142	1.0168906417573172e-11	5.882352941176471e-06	0.002511764705882353
L02	L73	17	821	111	47142	1.050503077007686e-11	5.882352941176471e-06	0.0025176470588235294
F12	F63	20	947	142	47142	1.0527190414792319e-11	5.882352941176471e-06	0.002523529411764706
F10	F90	28	2562	114	47142	1.1851073559120446e-11	5.882352941176471e-06	0.0025294117647058825
K21	K25	14	572	96	47142	1.2323814951332087e-11	5.882352941176471e-06	0.0025352941176470588
N35	N39	11	113	234	47142	1.3267063970994451e-11	5.882352941176471e-06	0.0025411764705882355
B18	K73	7	310	18	47142	1.4861377753980125e-11	5.882352941176471e-06	0.002547058823529412
K56	K91	7	260	21	47142	1.5583661486604275e-11	5.882352941176471e-06	0.0025529411764705886
F70	F71	7	113	45	47142	1.584695646987327e-11	5.882352941176471e-06	0.002558823529411765
F25	F31	13	200	222	47142	1.6014343599625644e-11	5.882352941176471e-06	0.002564705882352941
F32	F70	19	1093	113	47142	1.611974179375539e-11	5.882352941176471e-06	0.002570588235294118
K08	K10	8	94	95	47142	1.9431268446961486e-11	5.882352941176471e-06	0.0025764705882352942
J30	J34	31	129	2816	47142	1.9883695196595054e-11	5.882352941176471e-06	0.0025823529411764705
I10	I50	9	737	22	47142	2.204550165800266e-11	5.882352941176471e-06	0.0025882352941176473
H71	H74	6	70	38	47142	2.288298462649161e-11	5.882352941176471e-06	0.0025941176470588236
B18	F61	17	310	303	47142	2.604777892294489e-11	5.882352941176471e-06	0.0026000000000000003
N39	N45	12	234	158	47142	2.931987029265306e-11	5.882352941176471e-06	0.0026058823529411766
I42	I47	8	59	161	47142	2.9699945082841846e-11	5.882352941176471e-06	0.002611764705882353
N44	N45	10	133	158	47142	3.178173641596404e-11	5.882352941176471e-06	0.0026176470588235297
K51	K83	8	254	39	47142	3.3867746752894126e-11	5.882352941176471e-06	0.002623529411764706
F32	G40	59	1093	976	47142	3.8264150934863815e-11	5.882352941176471e-06	0.0026294117647058823
J15	J90	8	164	60	47142	3.9622292162380485e-11	5.882352941176471e-06	0.002635294117647059
C81	D70	6	59	49	47142	3.966513489591821e-11	5.882352941176471e-06	0.0026411764705882353
J93	J94	7	358	18	47142	4.0684237652882425e-11	5.882352941176471e-06	0.002647058823529412
E79	F17	23	152	1304	47142	4.102090523491339e-11	5.882352941176471e-06	0.0026529411764705884
N19	D64	7	50	117	47142	4.4211923227072627e-11	5.882352941176471e-06	0.0026588235294117647
L20	B00	7	92	64	47142	4.8468272452267016e-11	5.882352941176471e-06	0.0026647058823529414
F14	F61	13	161	303	47142	5.036953461724345e-11	5.882352941176471e-06	0.0026705882352941177
I31	J90	7	99	60	47142	5.1175294309801256e-11	5.882352941176471e-06	0.0026764705882352945
G54	G55	7	76	78	47142	5.138698656715588e-11	5.882352941176471e-06	0.002682352941176471
N13	N26	7	403	17	47142	5.722223111564253e-11	5.882352941176471e-06	0.002688235294117647
F25	F61	14	200	303	47142	6.156824201551707e-11	5.882352941176471e-06	0.002694117647058824
G45	I63	6	54	59	47142	7.290650904942088e-11	5.882352941176471e-06	0.0027
D63	I10	8	17	737	47142	7.377136814092006e-11	5.882352941176471e-06	0.0027058823529411765
F17	F25	26	1304	200	47142	7.406702643270196e-11	5.882352941176471e-06	0.002711764705882353
F60	F70	15	666	113	47142	7.705472533867275e-11	5.882352941176471e-06	0.0027176470588235295
H35	H52	7	68	94	47142	8.76201762927523e-11	5.882352941176471e-06	0.0027235294117647062
N39	N41	8	234	48	47142	1.0394064771697999e-10	5.882352941176471e-06	0.0027294117647058825
H26	H33	6	44	77	47142	1.0456144344433862e-10	5.882352941176471e-06	0.002735294117647059
F15	F23	15	171	445	47142	1.1071877038172427e-10	5.882352941176471e-06	0.0027411764705882356
M70	M71	8	184	61	47142	1.1405426567335956e-10	5.882352941176471e-06	0.002747058823529412
B19	F19	8	13	1120	47142	1.1466638351387815e-10	5.882352941176471e-06	0.002752941176470588
K02	K05	7	191	36	47142	1.212731772608086e-10	5.882352941176471e-06	0.002758823529411765
F12	F40	16	947	98	47142	1.2662762942503637e-10	5.882352941176471e-06	0.0027647058823529413
I83	I87	8	495	25	47142	1.29161792455117e-10	5.882352941176471e-06	0.002770588235294118
H83	H91	9	74	234	47142	1.3091058062684733e-10	5.882352941176471e-06	0.0027764705882352943
I10	I20	12	737	60	47142	1.3756527116288046e-10	5.882352941176471e-06	0.0027823529411764706
C40	D48	6	17	227	47142	1.3812178650389384e-10	5.882352941176471e-06	0.0027882352941176474
M22	M24	14	156	415	47142	1.382867613038334e-10	5.882352941176471e-06	0.0027941176470588237
K63	K92	13	160	334	47142	1.5473833053370097e-10	5.882352941176471e-06	0.0028
D64	E84	6	117	32	47142	1.7645956925840012e-10	5.882352941176471e-06	0.0028058823529411767
H66	H74	6	98	38	47142	1.8073670046447489e-10	5.882352941176471e-06	0.002811764705882353
F33	F42	13	540	102	47142	1.8727115762940522e-10	5.882352941176471e-06	0.0028176470588235298
M19	M24	14	160	415	47142	1.9391930485629634e-10	5.882352941176471e-06	0.002823529411764706
F19	F63	20	1120	142	47142	2.0192032266460618e-10	5.882352941176471e-06	0.0028294117647058824
F79	G40	11	38	976	47142	2.0462424538547126e-10	5.882352941176471e-06	0.002835294117647059
H33	H52	7	77	94	47142	2.142136269950589e-10	5.882352941176471e-06	0.0028411764705882354
D16	D48	13	242	227	47142	2.2671906816185813e-10	5.882352941176471e-06	0.0028470588235294117
C85	D69	6	35	113	47142	2.5432671592119107e-10	5.882352941176471e-06	0.0028529411764705885
C62	C79	6	221	19	47142	2.5567775072219154e-10	5.882352941176471e-06	0.0028588235294117648
N46	I86	11	106	330	47142	2.57677307728301e-10	5.882352941176471e-06	0.0028647058823529415
F41	F60	28	472	666	47142	2.8039090669995056e-10	5.882352941176471e-06	0.002870588235294118
F44	G40	17	116	976	47142	3.09086276473179e-10	5.882352941176471e-06	0.002876470588235294
B18	B94	8	310	42	47142	3.1050613902201063e-10	5.882352941176471e-06	0.002882352941176471
M43	M51	10	39	730	47142	3.162817028589874e-10	5.882352941176471e-06	0.002888235294117647
K22	K44	11	109	327	47142	3.1705620286648137e-10	5.882352941176471e-06	0.0028941176470588235
F10	F31	38	2562	222	47142	3.3913085610200096e-10	5.882352941176471e-06	0.0029000000000000002
M84	M96	7	188	42	47142	3.437541645182665e-10	5.882352941176471e-06	0.0029058823529411765
K01	K10	11	381	95	47142	3.542905091610084e-10	5.882352941176471e-06	0.0029117647058823533
H26	H52	6	44	94	47142	3.548839218628834e-10	5.882352941176471e-06	0.0029176470588235296
D17	D48	13	255	227	47142	4.3098252707931733e-10	5.882352941176471e-06	0.002923529411764706
E78	F33	24	439	540	47142	4.325334390900419e-10	5.882352941176471e-06	0.0029294117647058826
F15	F60	17	171	666	47142	4.3824168075848354e-10	5.882352941176471e-06	0.002935294117647059
F22	F23	10	64	445	47142	4.883306862347478e-10	5.882352941176471e-06	0.0029411764705882353
K31	K44	9	62	327	47142	4.892518349252195e-10	5.882352941176471e-06	0.002947058823529412
F41	F42	12	472	102	47142	5.287780560381065e-10	5.882352941176471e-06	0.0029529411764705883
D50	M81	6	118	38	47142	5.592304663473827e-10	5.882352941176471e-06	0.002958823529411765
G62	G82	6	45	99	47142	5.606362952229371e-10	5.882352941176471e-06	0.0029647058823529414
F17	J43	10	1304	25	47142	5.676019448341523e-10	5.882352941176471e-06	0.0029705882352941177
G82	G93	7	99	84	47142	5.7606468221416e-10	5.882352941176471e-06	0.0029764705882352944
D16	L05	34	242	1957	47142	5.934234394535971e-10	5.882352941176471e-06	0.0029823529411764707
B24	F19	13	57	1120	47142	6.672122723827017e-10	5.882352941176471e-06	0.002988235294117647
J15	J96	7	164	53	47142	7.303569183908014e-10	5.882352941176471e-06	0.0029941176470588238
F25	G25	7	200	44	47142	7.468641363857252e-10	5.882352941176471e-06	0.003
F12	G40	51	947	976	47142	8.9439070241623e-10	5.882352941176471e-06	0.003005882352941177
F11	F41	26	611	472	47142	9.526332994436493e-10	5.882352941176471e-06	0.003011764705882353
E87	F10	30	154	2562	47142	1.012582511803176e-09	5.882352941176471e-06	0.0030176470588235294
B18	K74	7	310	31	47142	1.141254531884014e-09	5.882352941176471e-06	0.003023529411764706
E66	J44	11	726	58	47142	1.2656305263650057e-09	5.882352941176471e-06	0.0030294117647058825
M17	M23	15	52	1905	47142	1.2926247093226757e-09	5.882352941176471e-06	0.003035294117647059
E84	J15	6	32	164	47142	1.359338353235512e-09	5.882352941176471e-06	0.0030411764705882355
G04	G35	6	28	191	47142	1.4299276617253912e-09	5.882352941176471e-06	0.003047058823529412
E88	I10	11	58	737	47142	1.4799011063548572e-09	5.882352941176471e-06	0.0030529411764705886
K25	K44	10	96	327	47142	1.4963115934172846e-09	5.882352941176471e-06	0.003058823529411765
F17	F40	17	1304	98	47142	1.6252219482000441e-09	5.882352941176471e-06	0.003064705882352941
J18	J86	7	435	24	47142	1.6407982102481915e-09	5.882352941176471e-06	0.003070588235294118
F84	G40	12	57	976	47142	1.7439019745251662e-09	5.882352941176471e-06	0.0030764705882352942
M19	M25	13	160	408	47142	1.7577510643386792e-09	5.882352941176471e-06	0.003082352941176471
F10	F40	23	2562	98	47142	2.0610580139851626e-09	5.882352941176471e-06	0.0030882352941176473
M24	M93	12	415	130	47142	2.093504807252179e-09	5.882352941176471e-06	0.0030941176470588236
F89	G40	6	8	976	47142	2.0960661684787663e-09	5.882352941176471e-06	0.0031000000000000003
G40	G82	15	976	99	47142	2.1154432308632473e-09	5.882352941176471e-06	0.0031058823529411766
G82	J18	11	99	435	47142	2.2165468481548917e-09	5.882352941176471e-06	0.003111764705882353
N17	N19	6	113	50	47142	2.4182222795613686e-09	5.882352941176471e-06	0.0031176470588235297
E78	F19	34	439	1120	47142	2.4255322525239897e-09	5.882352941176471e-06	0.003123529411764706
D64	D70	6	117	49	47142	2.6311484503562124e-09	5.882352941176471e-06	0.0031294117647058827
E65	L90	7	67	155	47142	2.6710780211811437e-09	5.882352941176471e-06	0.003135294117647059
K50	K61	23	441	544	47142	2.8211935445067086e-09	5.882352941176471e-06	0.0031411764705882353
G40	G80	10	976	37	47142	2.9013721617837906e-09	5.882352941176471e-06	0.003147058823529412
E03	E06	6	156	38	47142	3.0148023795549047e-09	5.882352941176471e-06	0.0031529411764705884
E03	E66	16	156	726	47142	3.0665038799857804e-09	5.882352941176471e-06	0.0031588235294117647
F19	F25	22	1120	200	47142	3.1111117282776343e-09	5.882352941176471e-06	0.0031647058823529414
J18	J44	9	435	58	47142	3.188967634362085e-09	5.882352941176471e-06	0.0031705882352941177
E78	F10	56	439	2562	47142	3.349502344545762e-09	5.882352941176471e-06	0.0031764705882352945
E66	K80	25	726	394	47142	3.6410645293511425e-09	5.882352941176471e-06	0.003182352941176471
J15	M81	6	164	38	47142	4.070380754499461e-09	5.882352941176471e-06	0.003188235294117647
K20	K29	10	31	1245	47142	4.2632855949467775e-09	5.882352941176471e-06	0.003194117647058824
A41	J15	7	68	164	47142	4.396917634424248e-09	5.882352941176471e-06	0.0032
J02	J03	11	78	598	47142	4.508750395195528e-09	5.882352941176471e-06	0.0032058823529411765
B18	F33	19	310	540	47142	4.537816293934009e-09	5.882352941176471e-06	0.003211764705882353
J32	M95	30	846	478	47142	4.613995097274441e-09	5.882352941176471e-06	0.0032176470588235295
N17	M62	7	113	99	47142	4.674536487751808e-09	5.882352941176471e-06	0.0032235294117647063
E78	I20	9	439	60	47142	4.7146802403252825e-09	5.882352941176471e-06	0.0032294117647058826
F45	M54	24	268	1009	47142	4.923137495173093e-09	5.882352941176471e-06	0.003235294117647059
E73	K58	6	63	101	47142	5.120312311355444e-09	5.882352941176471e-06	0.0032411764705882356
K01	K08	10	381	94	47142	5.2306842937037106e-09	5.882352941176471e-06	0.003247058823529412
C81	D69	6	59	113	47142	6.737761559585391e-09	5.882352941176471e-06	0.0032529411764705882
B94	F14	6	42	161	47142	6.845840700519951e-09	5.882352941176471e-06	0.003258823529411765
K29	K31	13	1245	62	47142	7.15065645102341e-09	5.882352941176471e-06	0.0032647058823529413
F20	F22	11	774	64	47142	7.3480977825361795e-09	5.882352941176471e-06	0.003270588235294118
H66	H71	6	98	70	47142	8.136446444443758e-09	5.882352941176471e-06	0.0032764705882352943
F32	F50	10	1093	37	47142	8.503265225416079e-09	5.882352941176471e-06	0.0032823529411764706
E73	K29	13	63	1245	47142	8.792383166199011e-09	5.882352941176471e-06	0.0032882352941176474
I80	I82	6	125	56	47142	8.968202451656651e-09	5.882352941176471e-06	0.0032941176470588237
N17	J18	11	113	435	47142	9.108376660113055e-09	5.882352941176471e-06	0.0033
E10	E87	11	319	154	47142	9.75708073256711e-09	5.882352941176471e-06	0.0033058823529411767
E78	K29	35	439	1245	47142	9.797712659841216e-09	5.882352941176471e-06	0.003311764705882353
J36	J39	10	379	101	47142	1.0059122546075133e-08	5.882352941176471e-06	0.0033176470588235298
H65	H66	6	73	98	47142	1.0510835824635546e-08	5.882352941176471e-06	0.003323529411764706
F32	F44	16	1093	116	47142	1.2450476649336184e-08	5.882352941176471e-06	0.0033294117647058824
M23	M93	22	1905	130	47142	1.2829031327091548e-08	5.882352941176471e-06	0.003335294117647059
C62	D29	6	221	35	47142	1.4367719784284012e-08	5.882352941176471e-06	0.0033411764705882354
D64	K50	11	117	441	47142	1.5129158987785282e-08	5.882352941176471e-06	0.0033470588235294117
F40	F61	9	98	303	47142	1.5857811009227823e-08	5.882352941176471e-06	0.0033529411764705885
D69	A41	6	113	68	47142	1.6083294593671768e-08	5.882352941176471e-06	0.003358823529411765
E78	F32	32	439	1093	47142	1.6931082970616875e-08	5.882352941176471e-06	0.0033647058823529415
K29	A09	55	1245	911	47142	1.7727273109936322e-08	5.882352941176471e-06	0.003370588235294118
F33	F45	17	540	268	47142	1.775681964093141e-08	5.882352941176471e-06	0.003376470588235294
F11	F16	9	611	51	47142	1.8242152778292453e-08	5.882352941176471e-06	0.003382352941176471
E74	K29	9	27	1245	47142	1.854105661891596e-08	5.882352941176471e-06	0.003388235294117647
J90	J93	8	60	358	47142	1.8558864921903768e-08	5.882352941176471e-06	0.003394117647058824
K44	K63	11	327	160	47142	1.8729540038158082e-08	5.882352941176471e-06	0.0034000000000000002
D50	D64	7	118	117	47142	2.0311200413361263e-08	5.882352941176471e-06	0.0034058823529411766
M22	M65	11	156	339	47142	2.0813340035863933e-08	5.882352941176471e-06	0.0034117647058823533
N03	I10	6	13	737	47142	2.236153017652583e-08	5.882352941176471e-06	0.0034176470588235296
B24	A63	9	57	556	47142	2.252813524117666e-08	5.882352941176471e-06	0.003423529411764706
E87	I10	15	154	737	47142	2.3400654052604506e-08	5.882352941176471e-06	0.0034294117647058826
F32	K70	11	1093	52	47142	2.507914399100429e-08	5.882352941176471e-06	0.003435294117647059
E78	F60	24	439	666	47142	2.508879636758295e-08	5.882352941176471e-06	0.0034411764705882357
M51	M53	12	730	94	47142	2.607378635597521e-08	5.882352941176471e-06	0.003447058823529412
K83	K85	6	39	219	47142	2.6937729916611885e-08	5.882352941176471e-06	0.0034529411764705883
E03	I10	15	156	737	47142	2.7851551519793073e-08	5.882352941176471e-06	0.003458823529411765
M54	M99	9	1009	34	47142	2.9514367344896705e-08	5.882352941176471e-06	0.0034647058823529414
D17	E88	7	255	58	47142	2.9653703145526468e-08	5.882352941176471e-06	0.0034705882352941177
F23	F43	36	445	1346	47142	2.982627997841214e-08	5.882352941176471e-06	0.0034764705882352944
I47	I49	7	161	91	47142	3.0236683478341266e-08	5.882352941176471e-06	0.0034823529411764707
K25	K92	9	96	334	47142	3.049340934875003e-08	5.882352941176471e-06	0.0034882352941176475
E03	E78	12	156	439	47142	3.0774183006901886e-08	5.882352941176471e-06	0.0034941176470588238
M20	M21	7	131	112	47142	3.093783676870255e-08	5.882352941176471e-06	0.0035
E78	K21	22	439	572	47142	3.1032967222952105e-08	5.882352941176471e-06	0.003505882352941177
A46	I89	6	215	41	47142	3.302208785424667e-08	5.882352941176471e-06	0.003511764705882353
K02	K12	10	191	225	47142	3.314319943949334e-08	5.882352941176471e-06	0.0035176470588235294
E79	E88	6	152	58	47142	3.5857375259830234e-08	5.882352941176471e-06	0.003523529411764706
K62	K92	11	167	334	47142	3.6181325121277045e-08	5.882352941176471e-06	0.0035294117647058825
F07	G40	11	60	976	47142	3.8484857068062235e-08	5.882352941176471e-06	0.0035352941176470592
N02	I10	6	14	737	47142	3.861345577900184e-08	5.882352941176471e-06	0.0035411764705882355
M24	M75	13	415	204	47142	3.997803690218863e-08	5.882352941176471e-06	0.003547058823529412
M51	M99	8	730	34	47142	4.049376459995769e-08	5.882352941176471e-06	0.0035529411764705886
F12	F41	30	947	472	47142	4.257913562357093e-08	5.882352941176471e-06	0.003558823529411765
L05	L68	10	1957	26	47142	4.286836868682177e-08	5.882352941176471e-06	0.003564705882352941
E78	F14	12	439	161	47142	4.369751350451989e-08	5.882352941176471e-06	0.003570588235294118
N39	J18	14	234	435	47142	4.768774566791084e-08	5.882352941176471e-06	0.0035764705882352942
N20	N39	20	924	234	47142	4.827695831507821e-08	5.882352941176471e-06	0.003582352941176471
G40	J69	9	976	37	47142	4.9817574925095517e-08	5.882352941176471e-06	0.0035882352941176473
N17	E86	6	113	83	47142	5.3868428887298366e-08	5.882352941176471e-06	0.0035941176470588236
E86	G44	8	83	295	47142	5.617266224000174e-08	5.882352941176471e-06	0.0036000000000000003
I10	I15	7	737	24	47142	6.09304127233703e-08	5.882352941176471e-06	0.0036058823529411766
D38	D48	6	43	227	47142	6.128586458047691e-08	5.882352941176471e-06	0.003611764705882353
K21	K31	9	572	62	47142	6.134572726064096e-08	5.882352941176471e-06	0.0036176470588235297
G82	J15	7	99	164	47142	6.169126799104489e-08	5.882352941176471e-06	0.003623529411764706
F17	I63	12	1304	59	47142	6.435635741769087e-08	5.882352941176471e-06	0.0036294117647058827
J03	J39	11	598	101	47142	7.084126854632448e-08	5.882352941176471e-06	0.003635294117647059
K51	K52	20	254	873	47142	7.474645884179109e-08	5.882352941176471e-06	0.0036411764705882354
D16	M96	6	242	42	47142	7.728796674629566e-08	5.882352941176471e-06	0.003647058823529412
B18	K76	14	310	341	47142	7.757964442294175e-08	5.882352941176471e-06	0.0036529411764705884
D50	K26	6	118	85	47142	8.050986287243266e-08	5.882352941176471e-06	0.0036588235294117647
K56	K66	6	260	40	47142	8.713118488836423e-08	5.882352941176471e-06	0.0036647058823529415
F17	F70	16	1304	113	47142	9.597041229205556e-08	5.882352941176471e-06	0.0036705882352941178
F19	F31	21	1120	222	47142	9.870581031392985e-08	5.882352941176471e-06	0.0036764705882352945
F14	B17	6	161	65	47142	1.0103015081048165e-07	5.882352941176471e-06	0.003682352941176471
F05	F19	7	18	1120	47142	1.0614079156798901e-07	5.882352941176471e-06	0.003688235294117647
F33	F44	11	540	116	47142	1.0717222343985953e-07	5.882352941176471e-06	0.003694117647058824
D69	J18	10	113	435	47142	1.0758853685822816e-07	5.882352941176471e-06	0.0037
L02	L72	26	821	445	47142	1.1095095138457638e-07	5.882352941176471e-06	0.0037058823529411765
I10	M81	8	737	38	47142	1.1106390943624995e-07	5.882352941176471e-06	0.003711764705882353
F15	F43	20	171	1346	47142	1.1222118765926954e-07	5.882352941176471e-06	0.0037176470588235295
K62	K63	8	167	160	47142	1.1832341926327296e-07	5.882352941176471e-06	0.0037235294117647063
J03	B00	9	598	64	47142	1.1864104152267311e-07	5.882352941176471e-06	0.0037294117647058826
F17	I26	15	1304	101	47142	1.2620379863694177e-07	5.882352941176471e-06	0.003735294117647059
F50	F61	6	37	303	47142	1.3191496406059017e-07	5.882352941176471e-06	0.0037411764705882356
F17	F23	34	1304	445	47142	1.3260968093169182e-07	5.882352941176471e-06	0.003747058823529412
F23	F60	23	445	666	47142	1.3378880215316275e-07	5.882352941176471e-06	0.0037529411764705882
F14	F90	7	161	114	47142	1.439419047453677e-07	5.882352941176471e-06	0.003758823529411765
F43	F62	8	1346	23	47142	1.4476253358337548e-07	5.882352941176471e-06	0.0037647058823529413
E55	E78	8	64	439	47142	1.488888812346736e-07	5.882352941176471e-06	0.003770588235294118
B18	F10	41	310	2562	47142	1.5023134451087145e-07	5.882352941176471e-06	0.0037764705882352943
F17	F45	25	1304	268	47142	1.5065118243147487e-07	5.882352941176471e-06	0.0037823529411764706
E55	K50	8	64	441	47142	1.541210727462002e-07	5.882352941176471e-06	0.0037882352941176474
F19	F41	32	1120	472	47142	1.558779611544962e-07	5.882352941176471e-06	0.0037941176470588237
F19	J69	9	1120	37	47142	1.5975146340235343e-07	5.882352941176471e-06	0.0038000000000000004
F41	I10	25	472	737	47142	1.639217386449308e-07	5.882352941176471e-06	0.0038058823529411767
F17	F98	6	1304	11	47142	1.8162571189494817e-07	5.882352941176471e-06	0.003811764705882353
F33	F62	6	540	23	47142	1.8797794621576397e-07	5.882352941176471e-06	0.0038176470588235298
F33	F50	7	540	37	47142	1.9032527909156414e-07	5.882352941176471e-06	0.003823529411764706
N43	N44	7	144	133	47142	1.9329883969645202e-07	5.882352941176471e-06	0.0038294117647058824
F17	B17	12	1304	65	47142	1.987695432177676e-07	5.882352941176471e-06	0.003835294117647059
E78	F61	15	439	303	47142	2.123578570321478e-07	5.882352941176471e-06	0.0038411764705882354
F15	F90	7	171	114	47142	2.1685259737331742e-07	5.882352941176471e-06	0.003847058823529412
J18	J40	8	435	68	47142	2.2459580981577722e-07	5.882352941176471e-06	0.0038529411764705885
N47	L90	17	1132	155	47142	2.272786534589147e-07	5.882352941176471e-06	0.003858823529411765
B18	F15	10	310	171	47142	2.318675132386171e-07	5.882352941176471e-06	0.0038647058823529415
E66	K44	20	726	327	47142	2.365858688864252e-07	5.882352941176471e-06	0.003870588235294118
F31	F61	11	222	303	47142	2.442710610416172e-07	5.882352941176471e-06	0.003876470588235294
N43	N50	6	144	84	47142	2.443873664367764e-07	5.882352941176471e-06	0.003882352941176471
F17	F31	22	1304	222	47142	2.925532910103771e-07	5.882352941176471e-06	0.003888235294117647
K56	K63	9	260	160	47142	3.0000269722202325e-07	5.882352941176471e-06	0.003894117647058824
F71	G40	9	45	976	47142	3.059706978789927e-07	5.882352941176471e-06	0.0039000000000000003
F13	F25	13	506	200	47142	3.081807763741887e-07	5.882352941176471e-06	0.0039058823529411766
I40	J03	12	143	598	47142	3.27428883212873e-07	5.882352941176471e-06	0.003911764705882353
N17	D69	6	113	113	47142	3.401620493644588e-07	5.882352941176471e-06	0.00391764705882353
E14	E66	9	60	726	47142	3.4030374251402906e-07	5.882352941176471e-06	0.003923529411764706
F42	F61	8	102	303	47142	3.4507125356916596e-07	5.882352941176471e-06	0.003929411764705883
F41	I49	9	472	91	47142	3.553955660619898e-07	5.882352941176471e-06	0.003935294117647059
K56	K65	6	260	51	47142	3.8857865072776073e-07	5.882352941176471e-06	0.003941176470588235
E78	F11	21	439	611	47142	4.073736868858902e-07	5.882352941176471e-06	0.003947058823529412
F06	F10	15	59	2562	47142	4.19347214946547e-07	5.882352941176471e-06	0.003952941176470589
F13	F63	11	506	142	47142	4.407012030592854e-07	5.882352941176471e-06	0.003958823529411765
I85	K29	7	20	1245	47142	5.053818644204116e-07	5.882352941176471e-06	0.003964705882352941
B18	K75	6	310	45	47142	5.057086677161639e-07	5.882352941176471e-06	0.003970588235294118
E66	J45	22	726	408	47142	5.179500715795017e-07	5.882352941176471e-06	0.003976470588235294
F41	F61	15	472	303	47142	5.303235255739138e-07	5.882352941176471e-06	0.003982352941176471
K44	A09	22	327	911	47142	5.451103755301574e-07	5.882352941176471e-06	0.0039882352941176475
E78	K44	15	439	327	47142	5.588004162378749e-07	5.882352941176471e-06	0.003994117647058823
G47	J30	11	574	129	47142	5.780214890560856e-07	5.882352941176471e-06	0.004
F25	F70	7	200	113	47142	5.879950258015605e-07	5.882352941176471e-06	0.004005882352941177
B37	K29	8	29	1245	47142	6.061529380143627e-07	5.882352941176471e-06	0.0040117647058823536
F10	K71	12	2562	39	47142	6.389210393697526e-07	5.882352941176471e-06	0.0040176470588235294
K58	K92	8	101	334	47142	6.659771248067953e-07	5.882352941176471e-06	0.004023529411764706
E78	G45	7	439	54	47142	7.03079323345683e-07	5.882352941176471e-06	0.004029411764705883
K44	K92	13	327	334	47142	7.572723765411621e-07	5.882352941176471e-06	0.004035294117647059
K92	A09	22	334	911	47142	7.773867889391519e-07	5.882352941176471e-06	0.0040411764705882355
F19	G25	9	1120	44	47142	7.842587233766364e-07	5.882352941176471e-06	0.004047058823529412
F44	F60	11	116	666	47142	8.47853369735762e-07	5.882352941176471e-06	0.004052941176470588
K75	K76	6	45	341	47142	8.802929436020473e-07	5.882352941176471e-06	0.004058823529411765
E03	E87	7	156	154	47142	8.965430645379652e-07	5.882352941176471e-06	0.004064705882352942
F17	K71	9	1304	39	47142	9.252478331010427e-07	5.882352941176471e-06	0.0040705882352941175
G43	G44	11	261	295	47142	9.300479888180583e-07	5.882352941176471e-06	0.004076470588235294
B24	J18	7	57	435	47142	9.64240491801287e-07	5.882352941176471e-06	0.004082352941176471
F43	F45	24	1346	268	47142	9.731319937393579e-07	5.882352941176471e-06	0.004088235294117647
F20	F42	11	774	102	47142	1.001296010771285e-06	5.882352941176471e-06	0.004094117647058824
K76	K86	6	341	46	47142	1.0061969136789409e-06	5.882352941176471e-06	0.0041
M25	M87	9	408	119	47142	1.0433146721980434e-06	5.882352941176471e-06	0.004105882352941177
M87	M93	6	119	130	47142	1.052591108203439e-06	5.882352941176471e-06	0.004111764705882353
J18	J69	6	435	37	47142	1.0883390721412037e-06	5.882352941176471e-06	0.00411764705882353
J32	K04	14	846	158	47142	1.1434001744526272e-06	5.882352941176471e-06	0.0041235294117647064
E78	E88	7	439	58	47142	1.1560340465292125e-06	5.882352941176471e-06	0.004129411764705882
F45	M53	7	268	94	47142	1.1914174371184126e-06	5.882352941176471e-06	0.004135294117647059
N18	D50	6	134	118	47142	1.196038785307675e-06	5.882352941176471e-06	0.004141176470588236
F13	F16	7	506	51	47142	1.2122140695277542e-06	5.882352941176471e-06	0.004147058823529412
K64	K92	11	238	334	47142	1.264611526597204e-06	5.882352941176471e-06	0.004152941176470588
F42	F43	14	102	1346	47142	1.2820048940358601e-06	5.882352941176471e-06	0.004158823529411765
D21	D48	6	71	227	47142	1.2867163543839324e-06	5.882352941176471e-06	0.004164705882352941
F63	F70	6	142	113	47142	1.302005122606995e-06	5.882352941176471e-06	0.004170588235294118
E55	F17	11	64	1304	47142	1.3503550238572018e-06	5.882352941176471e-06	0.0041764705882352945
F63	F90	6	142	114	47142	1.3709524694016545e-06	5.882352941176471e-06	0.004182352941176471
K76	K80	14	341	394	47142	1.3791610869936253e-06	5.882352941176471e-06	0.004188235294117647
E14	E78	7	60	439	47142	1.4613098114391084e-06	5.882352941176471e-06	0.004194117647058824
F14	G40	15	161	976	47142	1.4801800369375103e-06	5.882352941176471e-06	0.004200000000000001
I26	J15	6	101	164	47142	1.5595533914780197e-06	5.882352941176471e-06	0.0042058823529411765
J18	J45	16	435	408	47142	1.6399344385858511e-06	5.882352941176471e-06	0.004211764705882353
E87	A09	14	154	911	47142	1.9892396647729403e-06	5.882352941176471e-06	0.00421764705882353
D64	K92	8	117	334	47142	2.0373186637749246e-06	5.882352941176471e-06	0.004223529411764706
M19	M54	15	160	1009	47142	2.054215905142337e-06	5.882352941176471e-06	0.004229411764705883
F31	F33	13	222	540	47142	2.058628307557538e-06	5.882352941176471e-06	0.004235294117647059
N17	E87	6	113	154	47142	2.0871630249496648e-06	5.882352941176471e-06	0.004241176470588235
K70	K76	6	52	341	47142	2.108584651717691e-06	5.882352941176471e-06	0.004247058823529412
F10	F20	74	2562	774	47142	2.1332500675717644e-06	5.882352941176471e-06	0.004252941176470589
D16	M89	6	242	73	47142	2.1961084157258418e-06	5.882352941176471e-06	0.0042588235294117645
K80	K86	6	394	46	47142	2.3172023766303646e-06	5.882352941176471e-06	0.004264705882352941
F41	F90	9	472	114	47142	2.399682736688709e-06	5.882352941176471e-06	0.004270588235294118
M16	M25	8	99	408	47142	2.532880035642124e-06	5.882352941176471e-06	0.004276470588235295
F20	F79	7	774	38	47142	2.537091694166719e-06	5.882352941176471e-06	0.004282352941176471
D64	E87	6	117	154	47142	2.5560862523758794e-06	5.882352941176471e-06	0.004288235294117647
F32	F48	8	1093	39	47142	2.645870965468005e-06	5.882352941176471e-06	0.004294117647058824
M19	M65	9	160	339	47142	2.6898942801789296e-06	5.882352941176471e-06	0.0043
F13	J44	7	506	58	47142	2.9508628547400405e-06	5.882352941176471e-06	0.004305882352941177
K36	K56	8	160	260	47142	3.329182528776255e-06	5.882352941176471e-06	0.0043117647058823535
N62	E88	6	330	58	47142	3.349891539898844e-06	5.882352941176471e-06	0.004317647058823529
F17	F90	14	1304	114	47142	3.418840985097594e-06	5.882352941176471e-06	0.004323529411764706
A04	A09	17	234	911	47142	3.7275800820566814e-06	5.882352941176471e-06	0.004329411764705883
F19	F40	12	1120	98	47142	3.7956476340774242e-06	5.882352941176471e-06	0.004335294117647059
M22	M67	11	156	575	47142	3.825977971168706e-06	5.882352941176471e-06	0.0043411764705882355
E66	K21	25	726	572	47142	4.032734441460376e-06	5.882352941176471e-06	0.004347058823529412
I31	J18	8	99	435	47142	4.055199347032561e-06	5.882352941176471e-06	0.004352941176470588
K21	K52	28	572	873	47142	4.145794598495429e-06	5.882352941176471e-06	0.004358823529411765
N13	N28	6	403	50	47142	4.348892993951869e-06	5.882352941176471e-06	0.0043647058823529416
F10	G40	87	2562	976	47142	4.88768663939069e-06	5.882352941176471e-06	0.004370588235294118
F15	F33	11	171	540	47142	5.113874519673055e-06	5.882352941176471e-06	0.004376470588235294
A16	J18	6	48	435	47142	5.2731272230639795e-06	5.882352941176471e-06	0.004382352941176471
J18	J22	6	435	48	47142	5.2731272230639795e-06	5.882352941176471e-06	0.004388235294117648
F31	F63	7	222	142	47142	5.4193441447492675e-06	5.882352941176471e-06	0.0043941176470588235
F17	I20	10	1304	60	47142	5.4373601740633585e-06	5.882352941176471e-06	0.0044
N20	N28	8	924	50	47142	5.477434403798907e-06	5.882352941176471e-06	0.004405882352941177
F06	F43	10	59	1346	47142	6.133690972863489e-06	5.882352941176471e-06	0.004411764705882353
I84	K92	10	230	334	47142	6.599809257445442e-06	5.882352941176471e-06	0.00441764705882353
E55	K29	10	64	1245	47142	6.61004901037768e-06	5.882352941176471e-06	0.004423529411764706
E78	G40	25	439	976	47142	6.696595702928069e-06	5.882352941176471e-06	0.004429411764705882
F31	F40	6	222	98	47142	7.476764453375256e-06	5.882352941176471e-06	0.004435294117647059
G40	I60	6	976	24	47142	7.586597914139897e-06	5.882352941176471e-06	0.004441176470588236
F43	F50	8	1346	37	47142	7.990091084449743e-06	5.882352941176471e-06	0.004447058823529412
B94	F33	6	42	540	47142	8.122823152561275e-06	5.882352941176471e-06	0.004452941176470588
K50	K65	6	441	51	47142	8.171486594461266e-06	5.882352941176471e-06	0.004458823529411765
F20	F71	7	774	45	47142	8.25774418029099e-06	5.882352941176471e-06	0.004464705882352942
E78	J45	15	439	408	47142	8.346996266130814e-06	5.882352941176471e-06	0.004470588235294118
E79	F10	23	152	2562	47142	8.408044746342546e-06	5.882352941176471e-06	0.004476470588235294
E78	K70	6	439	52	47142	8.931741259201902e-06	5.882352941176471e-06	0.004482352941176471
F61	F70	7	303	113	47142	9.125209480466322e-06	5.882352941176471e-06	0.004488235294117647
I10	I61	6	737	32	47142	9.167671398142676e-06	5.882352941176471e-06	0.004494117647058824
J39	M95	8	101	478	47142	9.341935447207094e-06	5.882352941176471e-06	0.0045000000000000005
K58	K76	7	101	341	47142	9.360660221506665e-06	5.882352941176471e-06	0.004505882352941176
F17	M45	8	1304	39	47142	9.62336461469727e-06	5.882352941176471e-06	0.004511764705882353
F17	I45	12	1304	93	47142	1.0104714890576793e-05	5.882352941176471e-06	0.00451764705882353
B18	N17	7	310	113	47142	1.05780033245969e-05	5.882352941176471e-06	0.004523529411764706
F10	F70	19	2562	113	47142	1.0803328553422458e-05	5.882352941176471e-06	0.0045294117647058825
E78	M41	6	439	54	47142	1.1154482418872785e-05	5.882352941176471e-06	0.004535294117647059
K61	L05	45	544	1957	47142	1.1244543385080417e-05	5.882352941176471e-06	0.004541176470588236
E10	E78	13	319	439	47142	1.1291426971631099e-05	5.882352941176471e-06	0.004547058823529412
E78	F41	16	439	472	47142	1.1536394121747919e-05	5.882352941176471e-06	0.004552941176470589
D69	I10	10	113	737	47142	1.200023534986411e-05	5.882352941176471e-06	0.004558823529411765
E79	K44	8	152	327	47142	1.213535367639196e-05	5.882352941176471e-06	0.004564705882352941
E66	I25	7	726	51	47142	1.2831244181835962e-05	5.882352941176471e-06	0.004570588235294118
F17	K21	35	1304	572	47142	1.3419837570056573e-05	5.882352941176471e-06	0.004576470588235295
M25	M67	17	408	575	47142	1.3981641095584055e-05	5.882352941176471e-06	0.0045823529411764706
F10	F16	12	2562	51	47142	1.4119591937631054e-05	5.882352941176471e-06	0.004588235294117647
F43	K70	9	1346	52	47142	1.4958428602651e-05	5.882352941176471e-06	0.004594117647058824
F17	K29	61	1304	1245	47142	1.537940239999655e-05	5.882352941176471e-06	0.0046
F60	F84	7	666	57	47142	1.559875974432968e-05	5.882352941176471e-06	0.004605882352941177
F07	F10	13	60	2562	47142	1.633354827327403e-05	5.882352941176471e-06	0.004611764705882353
F14	F43	16	161	1346	47142	1.667781752271688e-05	5.882352941176471e-06	0.004617647058823529
N17	F19	12	113	1120	47142	1.668288279227412e-05	5.882352941176471e-06	0.004623529411764706
M45	M54	7	39	1009	47142	1.7051224918994687e-05	5.882352941176471e-06	0.004629411764705883
A63	B07	7	556	69	47142	1.753166147280454e-05	5.882352941176471e-06	0.0046352941176470595
B18	F41	13	310	472	47142	1.7858058192397404e-05	5.882352941176471e-06	0.004641176470588235
G47	J35	35	574	1318	47142	1.8006837075861548e-05	5.882352941176471e-06	0.004647058823529412
B18	F20	17	310	774	47142	1.811832981780129e-05	5.882352941176471e-06	0.004652941176470589
E79	G40	13	152	976	47142	1.8441794881872836e-05	5.882352941176471e-06	0.004658823529411765
E78	I63	6	439	59	47142	1.8711389744316984e-05	5.882352941176471e-06	0.0046647058823529415
D48	D69	6	227	113	47142	1.918635160592223e-05	5.882352941176471e-06	0.004670588235294118
F20	F90	10	774	114	47142	1.9712399677045475e-05	5.882352941176471e-06	0.004676470588235294
F13	K70	6	506	52	47142	1.98920719346303e-05	5.882352941176471e-06	0.004682352941176471
G45	I10	7	54	737	47142	2.076127977769624e-05	5.882352941176471e-06	0.004688235294117648
E73	K52	8	63	873	47142	2.110736850037393e-05	5.882352941176471e-06	0.0046941176470588234
F17	L70	9	1304	56	47142	2.1701866569769424e-05	5.882352941176471e-06	0.0047
I10	J18	20	737	435	47142	2.1947206073631655e-05	5.882352941176471e-06	0.004705882352941177
F32	G44	20	1093	295	47142	2.2416049363546976e-05	5.882352941176471e-06	0.004711764705882353
J31	J34	9	28	2816	47142	2.333182882282818e-05	5.882352941176471e-06	0.0047176470588235295
F40	F43	12	98	1346	47142	2.3685185179728452e-05	5.882352941176471e-06	0.004723529411764706
E03	G40	13	156	976	47142	2.4304406005406537e-05	5.882352941176471e-06	0.004729411764705883
E66	K83	6	726	39	47142	2.765707520764881e-05	5.882352941176471e-06	0.004735294117647059
E73	K50	6	63	441	47142	2.8047645779095957e-05	5.882352941176471e-06	0.004741176470588236
J40	J45	6	68	408	47142	2.8192035554033147e-05	5.882352941176471e-06	0.004747058823529412
E73	A09	8	63	911	47142	2.856621553563562e-05	5.882352941176471e-06	0.004752941176470588
F06	G40	8	59	976	47142	2.858956951009942e-05	5.882352941176471e-06	0.004758823529411765
K29	K30	6	1245	24	47142	2.9997160345845577e-05	5.882352941176471e-06	0.004764705882352942
F41	I20	6	472	60	47142	3.0924935498145214e-05	5.882352941176471e-06	0.004770588235294118
E03	F17	15	156	1304	47142	3.11103279303857e-05	5.882352941176471e-06	0.004776470588235294
F13	F31	11	506	222	47142	3.230157146693132e-05	5.882352941176471e-06	0.004782352941176471
K26	K92	6	85	334	47142	3.303888818345874e-05	5.882352941176471e-06	0.004788235294117647
I10	J44	7	737	58	47142	3.339440599577367e-05	5.882352941176471e-06	0.004794117647058824
K21	K58	8	572	101	47142	3.3645484084886814e-05	5.882352941176471e-06	0.0048000000000000004
F22	F60	7	64	666	47142	3.3655266567242186e-05	5.882352941176471e-06	0.004805882352941176
B24	F13	6	57	506	47142	3.3887461150893536e-05	5.882352941176471e-06	0.004811764705882353
E66	I42	7	726	59	47142	3.399210749508448e-05	5.882352941176471e-06	0.00481764705882353
F10	F42	17	2562	102	47142	3.467574673487768e-05	5.882352941176471e-06	0.0048235294117647065
E80	K29	9	62	1245	47142	3.503753504211506e-05	5.882352941176471e-06	0.004829411764705882
I10	I63	7	737	59	47142	3.738192488252736e-05	5.882352941176471e-06	0.004835294117647059
I10	I48	10	737	129	47142	3.802480093104846e-05	5.882352941176471e-06	0.004841176470588236
D13	K29	6	25	1245	47142	3.858834915241676e-05	5.882352941176471e-06	0.004847058823529412
L02	L03	13	821	194	47142	4.046249804224726e-05	5.882352941176471e-06	0.0048529411764705885
K29	K62	15	1245	167	47142	4.0731086354052205e-05	5.882352941176471e-06	0.004858823529411765
F10	F34	11	2562	48	47142	4.1690731399326604e-05	5.882352941176471e-06	0.004864705882352941
F11	F40	8	611	98	47142	4.3041279692401045e-05	5.882352941176471e-06	0.004870588235294118
D64	K51	6	117	254	47142	4.3764999195136295e-05	5.882352941176471e-06	0.004876470588235295
E78	K85	10	439	219	47142	4.4722062548710504e-05	5.882352941176471e-06	0.0048823529411764705
K44	K52	18	327	873	47142	4.7581130692518443e-05	5.882352941176471e-06	0.004888235294117647
D64	K60	7	117	379	47142	4.772565792000162e-05	5.882352941176471e-06	0.004894117647058824
I10	I51	9	737	107	47142	4.877667489575208e-05	5.882352941176471e-06	0.004900000000000001
F07	F43	9	60	1346	47142	4.900150971596058e-05	5.882352941176471e-06	0.004905882352941177
F33	F70	8	540	113	47142	5.029290639995105e-05	5.882352941176471e-06	0.004911764705882353
K29	K51	19	1245	254	47142	5.310202882916367e-05	5.882352941176471e-06	0.00491764705882353
F33	F90	8	540	114	47142	5.355275026396549e-05	5.882352941176471e-06	0.004923529411764706
F23	F32	25	445	1093	47142	5.4008143851527677e-05	5.882352941176471e-06	0.004929411764705883
F17	J15	15	1304	164	47142	5.5597838349280394e-05	5.882352941176471e-06	0.004935294117647059
F34	F43	8	48	1346	47142	5.914346500755634e-05	5.882352941176471e-06	0.004941176470588235
K29	K70	8	1245	52	47142	6.207813466570418e-05	5.882352941176471e-06	0.004947058823529412
E55	I10	7	64	737	47142	6.363215072416763e-05	5.882352941176471e-06	0.004952941176470589
K29	K71	7	1245	39	47142	6.470358403994483e-05	5.882352941176471e-06	0.004958823529411765
F07	F33	6	60	540	47142	6.513337515629333e-05	5.882352941176471e-06	0.004964705882352941
F13	F22	6	506	64	47142	6.571924263053652e-05	5.882352941176471e-06	0.004970588235294118
E03	J45	8	156	408	47142	6.99497333687999e-05	5.882352941176471e-06	0.004976470588235294
F07	F32	8	60	1093	47142	7.16179167399678e-05	5.882352941176471e-06	0.004982352941176471
G43	I10	14	261	737	47142	7.340116025982472e-05	5.882352941176471e-06	0.0049882352941176475
E65	E66	7	67	726	47142	7.791858825832723e-05	5.882352941176471e-06	0.004994117647058824
F12	K70	7	947	52	47142	7.86342212650699e-05	5.882352941176471e-06	0.005
D50	J45	7	118	408	47142	7.98731843952502e-05	5.882352941176471e-06	0.005005882352941177
B18	E03	7	310	156	47142	8.383726667859975e-05	5.882352941176471e-06	0.005011764705882354
F07	F19	8	60	1120	47142	8.482076840897229e-05	5.882352941176471e-06	0.0050176470588235295
F12	F50	6	947	37	47142	8.834109825757559e-05	5.882352941176471e-06	0.005023529411764706
L03	M65	8	194	339	47142	8.893452222057707e-05	5.882352941176471e-06	0.005029411764705883
K21	K59	14	572	342	47142	8.97222036103444e-05	5.882352941176471e-06	0.005035294117647059
F60	K70	6	666	52	47142	9.111433002335807e-05	5.882352941176471e-06	0.0050411764705882356
G40	K70	7	976	52	47142	9.48483233152269e-05	5.882352941176471e-06	0.005047058823529412
F20	B17	7	774	65	47142	9.539100716173233e-05	5.882352941176471e-06	0.005052941176470588
F12	J45	21	947	408	47142	9.783875683619118e-05	5.882352941176471e-06	0.005058823529411765
D14	J34	9	33	2816	47142	9.927005864741749e-05	5.882352941176471e-06	0.005064705882352942
N47	A63	29	1132	556	47142	9.955975298521265e-05	5.882352941176471e-06	0.0050705882352941175
I10	I35	6	737	48	47142	0.00010041766197721328	5.882352941176471e-06	0.005076470588235294
D50	K21	8	118	572	47142	0.00010178353932514152	5.882352941176471e-06	0.005082352941176471
G40	G81	6	976	37	47142	0.00010418973724223433	5.882352941176471e-06	0.005088235294117648
J35	K13	6	1318	28	47142	0.00010490660704843969	5.882352941176471e-06	0.005094117647058824
F11	J44	6	611	58	47142	0.00010568787471559743	5.882352941176471e-06	0.0051
E79	K21	9	152	572	47142	0.00010821320407927911	5.882352941176471e-06	0.005105882352941177
B18	F90	6	310	114	47142	0.00011327838829900754	5.882352941176471e-06	0.005111764705882353
F32	F34	7	1093	48	47142	0.00011352648663045102	5.882352941176471e-06	0.00511764705882353
D10	J35	9	68	1318	47142	0.0001137715492194716	5.882352941176471e-06	0.0051235294117647065
N62	L90	7	330	155	47142	0.00011860769755927584	5.882352941176471e-06	0.005129411764705882
M25	M94	7	408	126	47142	0.00012058079002061502	5.882352941176471e-06	0.005135294117647059
N28	I10	6	50	737	47142	0.00012663965365230986	5.882352941176471e-06	0.005141176470588236
J06	J20	6	280	130	47142	0.00013403454968544316	5.882352941176471e-06	0.005147058823529412
F19	F22	8	1120	64	47142	0.00013497509195533935	5.882352941176471e-06	0.0051529411764705884
E16	F17	7	42	1304	47142	0.0001410365556087714	5.882352941176471e-06	0.005158823529411765
D68	I10	6	51	737	47142	0.00014164044767398876	5.882352941176471e-06	0.005164705882352941
A46	E66	12	215	726	47142	0.00014206721188704324	5.882352941176471e-06	0.005170588235294118
H81	H91	7	225	234	47142	0.00014318580709310477	5.882352941176471e-06	0.0051764705882352945
F25	F60	11	200	666	47142	0.00014438827616450553	5.882352941176471e-06	0.005182352941176471
E86	K52	8	83	873	47142	0.0001553958060895337	5.882352941176471e-06	0.005188235294117647
I10	K70	6	737	52	47142	0.00015801359261772682	5.882352941176471e-06	0.005194117647058824
K63	K64	6	160	238	47142	0.00017242804139497086	5.882352941176471e-06	0.005200000000000001
F41	F44	7	472	116	47142	0.0001760349583312697	5.882352941176471e-06	0.0052058823529411765
D69	K76	6	113	341	47142	0.00018085202833612987	5.882352941176471e-06	0.005211764705882353
D50	K44	6	118	327	47142	0.00018272101605753104	5.882352941176471e-06	0.00521764705882353
F11	F22	6	611	64	47142	0.00018334940183179144	5.882352941176471e-06	0.005223529411764706
M41	M51	6	54	730	47142	0.00018546112157736446	5.882352941176471e-06	0.005229411764705883
D36	L05	10	61	1957	47142	0.00019356024549964607	5.882352941176471e-06	0.005235294117647059
K52	K92	17	873	334	47142	0.00019517094574379382	5.882352941176471e-06	0.005241176470588235
H65	J35	9	73	1318	47142	0.00019790691708938384	5.882352941176471e-06	0.005247058823529412
A41	F19	8	68	1120	47142	0.00020737852172007218	5.882352941176471e-06	0.005252941176470589
K52	K63	11	873	160	47142	0.00021061412798714085	5.882352941176471e-06	0.005258823529411765
M19	M51	10	160	730	47142	0.00021184855575705284	5.882352941176471e-06	0.005264705882352941
K76	K85	8	341	219	47142	0.0002126738676162561	5.882352941176471e-06	0.005270588235294118
G40	I63	7	976	59	47142	0.00021339009834548962	5.882352941176471e-06	0.005276470588235295
F41	G44	11	472	295	47142	0.0002176196461606699	5.882352941176471e-06	0.005282352941176471
E78	J30	7	439	129	47142	0.00021823079098334583	5.882352941176471e-06	0.005288235294117647
F17	L23	7	1304	45	47142	0.00022074523969974427	5.882352941176471e-06	0.0053
F17	G62	7	1304	45	47142	0.00022074523969974427	5.882352941176471e-06	0.005294117647058824
F19	K70	7	1120	52	47142	0.00022086391925497457	5.882352941176471e-06	0.005305882352941177
E79	F20	10	152	774	47142	0.00022280478453654123	5.882352941176471e-06	0.0053117647058823535
F61	G40	17	303	976	47142	0.00022714179088732412	5.882352941176471e-06	0.005317647058823529
K56	K85	7	260	219	47142	0.00023107410120188948	5.882352941176471e-06	0.005323529411764706
F41	I47	8	472	161	47142	0.00023520580953892667	5.882352941176471e-06	0.005329411764705883
I10	I47	10	737	161	47142	0.00024032991492677617	5.882352941176471e-06	0.005335294117647059
E03	K56	6	156	260	47142	0.00024195202107716232	5.882352941176471e-06	0.0053411764705882355
K50	K85	9	441	219	47142	0.00024332039843076632	5.882352941176471e-06	0.005347058823529412
G44	M54	17	295	1009	47142	0.0002439162314532214	5.882352941176471e-06	0.005352941176470589
E66	J15	10	726	164	47142	0.00024752989297525594	5.882352941176471e-06	0.005358823529411765
F19	J96	7	1120	53	47142	0.00024929747259575295	5.882352941176471e-06	0.005364705882352942
M50	M54	6	42	1009	47142	0.00025736010581709466	5.882352941176471e-06	0.005370588235294118
B18	F43	21	310	1346	47142	0.00026483535716660656	5.882352941176471e-06	0.005376470588235294
F43	F71	7	1346	45	47142	0.00026761075868009726	5.882352941176471e-06	0.005382352941176471
F17	J20	12	1304	130	47142	0.0002750558698199401	5.882352941176471e-06	0.005388235294117648
J01	J32	10	143	846	47142	0.00027539303305987393	5.882352941176471e-06	0.0053941176470588235
F19	K71	6	1120	39	47142	0.0002961235047205575	5.882352941176471e-06	0.0054
F12	F22	7	947	64	47142	0.00029651238165909265	5.882352941176471e-06	0.005405882352941177
E03	F32	12	156	1093	47142	0.0003017530094227058	5.882352941176471e-06	0.005411764705882353
K51	K62	6	254	167	47142	0.000307881167863789	5.882352941176471e-06	0.00541764705882353
F20	L70	6	774	56	47142	0.00031041718914378007	5.882352941176471e-06	0.005423529411764706
F11	J15	9	611	164	47142	0.00031151385995653374	5.882352941176471e-06	0.005429411764705882
F45	G44	8	268	295	47142	0.00031282774312901184	5.882352941176471e-06	0.005435294117647059
N18	E10	6	134	319	47142	0.00031823406972760545	5.882352941176471e-06	0.005441176470588236
B18	L03	7	310	194	47142	0.00032068346438251377	5.882352941176471e-06	0.0054470588235294125
D23	L72	6	97	445	47142	0.00032769801575675714	5.882352941176471e-06	0.005452941176470588
N39	K59	8	234	342	47142	0.0003385084808810012	5.882352941176471e-06	0.005458823529411765
K50	K92	11	441	334	47142	0.0003515923249523249	5.882352941176471e-06	0.005464705882352942
N17	A09	9	113	911	47142	0.0003601842606782611	5.882352941176471e-06	0.005470588235294118
B99	G44	6	149	295	47142	0.0003706344160664997	5.882352941176471e-06	0.0054764705882352945
M65	M93	6	339	130	47142	0.00037349862859565794	5.882352941176471e-06	0.005482352941176471
F45	F61	8	268	303	47142	0.0003737261553649568	5.882352941176471e-06	0.005488235294117647
E66	L40	7	726	86	47142	0.00037437403021174334	5.882352941176471e-06	0.005494117647058824
E66	K31	6	726	62	47142	0.0003862661416056582	5.882352941176471e-06	0.0055000000000000005
J01	J18	7	143	435	47142	0.00038675011051948554	5.882352941176471e-06	0.005505882352941176
D50	K60	6	118	379	47142	0.00040132640705075766	5.882352941176471e-06	0.005511764705882353
F10	F23	42	2562	445	47142	0.00040489073647659264	5.882352941176471e-06	0.00551764705882353
I10	L40	7	737	86	47142	0.0004094841244832102	5.882352941176471e-06	0.005523529411764706
B34	M54	8	83	1009	47142	0.0004100561172940532	5.882352941176471e-06	0.0055294117647058825
F60	K02	10	666	191	47142	0.0004229131562508134	5.882352941176471e-06	0.005535294117647059
F23	F63	7	445	142	47142	0.0004244592592618442	5.882352941176471e-06	0.005541176470588236
F17	K85	16	1304	219	47142	0.00043417317951979914	5.882352941176471e-06	0.005547058823529412
E03	F33	8	156	540	47142	0.0004648721974127237	5.882352941176471e-06	0.005552941176470589
F45	F60	12	268	666	47142	0.0004858254460119393	5.882352941176471e-06	0.005558823529411765
F20	L30	6	774	61	47142	0.000495350260426154	5.882352941176471e-06	0.005564705882352941
K51	K92	8	254	334	47142	0.0004983457399443508	5.882352941176471e-06	0.005570588235294118
E87	F43	13	154	1346	47142	0.0005043766963399067	5.882352941176471e-06	0.005576470588235295
F32	G25	6	1093	44	47142	0.0005096878180376593	5.882352941176471e-06	0.005582352941176471
F32	L30	7	1093	61	47142	0.0005183919149370417	5.882352941176471e-06	0.005588235294117647
E03	F61	6	156	303	47142	0.0005441874494448769	5.882352941176471e-06	0.005594117647058824
A04	K29	16	234	1245	47142	0.0005444674208619453	5.882352941176471e-06	0.0056
F10	F44	16	2562	116	47142	0.0005503795630362609	5.882352941176471e-06	0.005605882352941177
E10	I10	14	319	737	47142	0.0005719499255268436	5.882352941176471e-06	0.005611764705882353
G44	H81	7	295	225	47142	0.0005785860899613061	5.882352941176471e-06	0.005617647058823529
F45	K44	8	268	327	47142	0.0006165485101196563	5.882352941176471e-06	0.005623529411764706
F10	F22	11	2562	64	47142	0.000617066114744027	5.882352941176471e-06	0.005629411764705883
E78	F25	8	439	200	47142	0.0006187887733231645	5.882352941176471e-06	0.0056352941176470595
E66	K85	11	726	219	47142	0.000646387162663448	5.882352941176471e-06	0.005641176470588235
F11	J18	15	611	435	47142	0.0006483542895212714	5.882352941176471e-06	0.005647058823529412
B18	K04	6	310	158	47142	0.0006554797000757766	5.882352941176471e-06	0.005652941176470589
F17	M47	8	1304	70	47142	0.0006937326769200892	5.882352941176471e-06	0.005658823529411765
F22	F32	7	64	1093	47142	0.0006952068683240878	5.882352941176471e-06	0.0056647058823529415
N17	F11	7	113	611	47142	0.0007017175197060133	5.882352941176471e-06	0.005670588235294118
F10	F50	8	2562	37	47142	0.0007042816613016224	5.882352941176471e-06	0.005676470588235294
K44	K59	9	327	342	47142	0.0007066693556742759	5.882352941176471e-06	0.005682352941176471
B18	E78	10	310	439	47142	0.0007301876807488395	5.882352941176471e-06	0.005688235294117648
F23	F70	6	445	113	47142	0.0007385386213379958	5.882352941176471e-06	0.0056941176470588235
F19	F42	9	1120	102	47142	0.0007438543953683181	5.882352941176471e-06	0.0057
F31	F32	14	222	1093	47142	0.0007463335642585745	5.882352941176471e-06	0.005705882352941177
F23	F90	6	445	114	47142	0.0007734544333804822	5.882352941176471e-06	0.005711764705882354
D17	L72	9	255	445	47142	0.0007794226162399447	5.882352941176471e-06	0.0057176470588235296
K29	K85	15	1245	219	47142	0.0007862809739546062	5.882352941176471e-06	0.005723529411764706
E66	F60	22	726	666	47142	0.0007894308002639534	5.882352941176471e-06	0.005729411764705883
K21	K63	8	572	160	47142	0.0007980231971639716	5.882352941176471e-06	0.005735294117647059
E78	I47	7	439	161	47142	0.0008261683427469445	5.882352941176471e-06	0.005741176470588236
A04	K85	6	234	219	47142	0.0008335650992220296	5.882352941176471e-06	0.005747058823529412
F13	F42	6	506	102	47142	0.0008383474886114206	5.882352941176471e-06	0.005752941176470588
F60	G40	27	666	976	47142	0.0008452331167658235	5.882352941176471e-06	0.005758823529411765
G40	M41	6	976	54	47142	0.0008592099606470167	5.882352941176471e-06	0.005764705882352942
J45	K76	10	408	341	47142	0.0008644842841061206	5.882352941176471e-06	0.005770588235294118
N20	E79	10	924	152	47142	0.000878991914698803	5.882352941176471e-06	0.005776470588235294
K29	K90	6	1245	43	47142	0.0008863544583614133	5.882352941176471e-06	0.005782352941176471
A49	K29	6	43	1245	47142	0.0008863544583614133	5.882352941176471e-06	0.005788235294117647
F12	L70	6	947	56	47142	0.0008931864676646782	5.882352941176471e-06	0.005794117647058824
N18	K29	11	134	1245	47142	0.0008935493047446379	5.882352941176471e-06	0.0058000000000000005
F14	F23	7	161	445	47142	0.0008938539256317787	5.882352941176471e-06	0.005805882352941177
K44	K85	7	327	219	47142	0.0009016033907412684	5.882352941176471e-06	0.005811764705882353
E66	F61	13	726	303	47142	0.0009516681088093343	5.882352941176471e-06	0.00581764705882353
B24	F17	7	57	1304	47142	0.0009650602349275128	5.882352941176471e-06	0.0058235294117647066
G44	K29	18	295	1245	47142	0.0009651494463201608	5.882352941176471e-06	0.0058294117647058824
E78	F43	25	439	1346	47142	0.0009736514558962518	5.882352941176471e-06	0.005835294117647059
M25	M93	6	408	130	47142	0.0009806440814069737	5.882352941176471e-06	0.005841176470588236
B24	F12	6	57	947	47142	0.0009815056866010652	5.882352941176471e-06	0.005847058823529412
E66	I26	7	726	101	47142	0.0009833770502663515	5.882352941176471e-06	0.0058529411764705885
F11	J45	14	611	408	47142	0.0010151305656692143	5.882352941176471e-06	0.005858823529411765
M41	M54	6	54	1009	47142	0.001019703808984177	5.882352941176471e-06	0.005864705882352941
F19	L40	8	1120	86	47142	0.0010240991560472978	5.882352941176471e-06	0.005870588235294118
K52	A09	31	873	911	47142	0.0010252643957919072	5.882352941176471e-06	0.005876470588235295
D64	K29	10	117	1245	47142	0.0011091858872202028	5.882352941176471e-06	0.0058823529411764705
G57	M54	6	55	1009	47142	0.0011240928495080842	5.882352941176471e-06	0.005888235294117647
K63	K76	6	160	341	47142	0.001143447239428411	5.882352941176471e-06	0.005894117647058824
N19	F19	6	50	1120	47142	0.0011559813639482502	5.882352941176471e-06	0.005900000000000001
N62	D48	7	330	227	47142	0.001169667844642323	5.882352941176471e-06	0.005905882352941177
I84	K64	6	230	238	47142	0.0011701663659779143	5.882352941176471e-06	0.005911764705882353
F06	F12	6	59	947	47142	0.0011781345922982375	5.882352941176471e-06	0.00591764705882353
K21	K51	10	572	254	47142	0.0011848572064379202	5.882352941176471e-06	0.005923529411764706
K35	K37	14	1671	154	47142	0.0012195109234879934	5.882352941176471e-06	0.005929411764705883
F14	F41	7	161	472	47142	0.0012544585057508916	5.882352941176471e-06	0.0059352941176470594
F07	F12	6	60	947	47142	0.001287086423748696	5.882352941176471e-06	0.005941176470588235
K22	A09	8	109	911	47142	0.0012893352244319565	5.882352941176471e-06	0.005947058823529412
N18	K21	7	134	572	47142	0.0013022512501868373	5.882352941176471e-06	0.005952941176470589
F17	J90	7	1304	60	47142	0.0013124061454476417	5.882352941176471e-06	0.005958823529411765
F23	F31	8	445	222	47142	0.0013215613391055704	5.882352941176471e-06	0.005964705882352941
E66	J18	16	726	435	47142	0.0013428112822445229	5.882352941176471e-06	0.005970588235294118
F10	F25	22	2562	200	47142	0.0013770453422373844	5.882352941176471e-06	0.005976470588235294
J18	K76	10	435	341	47142	0.0013944828459260766	5.882352941176471e-06	0.005982352941176471
F17	L30	7	1304	61	47142	0.0014476326863582854	5.882352941176471e-06	0.0059882352941176475
D48	L72	8	227	445	47142	0.001521017225137979	5.882352941176471e-06	0.005994117647058824
K21	K85	9	572	219	47142	0.001533746194406876	5.882352941176471e-06	0.006
N18	J18	6	134	435	47142	0.0015869632049075877	5.882352941176471e-06	0.006005882352941177
J01	J45	6	143	408	47142	0.001599328637442065	5.882352941176471e-06	0.006011764705882354
G40	I10	28	976	737	47142	0.0017828629372837839	5.882352941176471e-06	0.0060176470588235295
K44	K80	9	327	394	47142	0.0018782524469038561	5.882352941176471e-06	0.006023529411764706
I10	K21	19	737	572	47142	0.0019384234515855696	5.882352941176471e-06	0.006029411764705883
F19	J18	21	1120	435	47142	0.0019390739790675034	5.882352941176471e-06	0.006035294117647059
F17	I35	6	1304	48	47142	0.0020147722325290535	5.882352941176471e-06	0.006041176470588236
F70	I10	7	113	737	47142	0.002051979611410848	5.882352941176471e-06	0.006047058823529412
E66	F33	18	726	540	47142	0.0020645961181392975	5.882352941176471e-06	0.006052941176470588
F12	F70	8	947	113	47142	0.002065758348151697	5.882352941176471e-06	0.006058823529411765
F19	L70	6	1120	56	47142	0.002094474346862189	5.882352941176471e-06	0.006064705882352942
F15	F20	9	171	774	47142	0.002185891336415373	5.882352941176471e-06	0.006070588235294118
F41	G47	14	472	574	47142	0.002198510305862995	5.882352941176471e-06	0.006076470588235294
F32	J44	6	1093	58	47142	0.002222055338394463	5.882352941176471e-06	0.006082352941176471
E78	G51	6	439	142	47142	0.0022264767585539326	5.882352941176471e-06	0.006088235294117648
J30	J32	8	129	846	47142	0.0023650689278403433	5.882352941176471e-06	0.006094117647058824
J45	L50	6	408	155	47142	0.0023995000645753153	5.882352941176471e-06	0.0061
E10	K76	8	319	341	47142	0.0024200953146113393	5.882352941176471e-06	0.006105882352941177
F33	I10	18	540	737	47142	0.0024226291745619404	5.882352941176471e-06	0.006111764705882353
M22	M25	6	156	408	47142	0.002477652434800625	5.882352941176471e-06	0.00611764705882353
F19	M62	8	1120	99	47142	0.002525726991277817	5.882352941176471e-06	0.0061235294117647065
G44	I10	12	295	737	47142	0.002585089756248624	5.882352941176471e-06	0.006129411764705882
F11	F63	7	611	142	47142	0.0026233859242509633	5.882352941176471e-06	0.006135294117647059
E87	K29	11	154	1245	47142	0.002720249186295512	5.882352941176471e-06	0.006141176470588236
F06	F19	6	59	1120	47142	0.002737436675909214	5.882352941176471e-06	0.006147058823529412
F16	F17	6	51	1304	47142	0.002756978005059803	5.882352941176471e-06	0.0061529411764705885
F41	J45	11	472	408	47142	0.0029984897298883997	5.882352941176471e-06	0.006158823529411765
F17	K70	6	1304	52	47142	0.0030448052332162174	5.882352941176471e-06	0.006164705882352942
F17	G47	28	1304	574	47142	0.003066911680691902	5.882352941176471e-06	0.006170588235294118
K56	K59	7	260	342	47142	0.003069962631267656	5.882352941176471e-06	0.0061764705882352946
F19	I80	9	1120	125	47142	0.003070854220106612	5.882352941176471e-06	0.006182352941176471
K76	M54	16	341	1009	47142	0.0030933510102487366	5.882352941176471e-06	0.006188235294117647
E78	G47	13	439	574	47142	0.003153668738001351	5.882352941176471e-06	0.006194117647058824
F41	F63	6	472	142	47142	0.0031818401989606743	5.882352941176471e-06	0.006200000000000001
K21	K50	13	572	441	47142	0.0031819898448692575	5.882352941176471e-06	0.0062058823529411765
F17	J30	10	1304	129	47142	0.003209271604757595	5.882352941176471e-06	0.006211764705882353
F19	L30	6	1120	61	47142	0.003241409323758924	5.882352941176471e-06	0.00621764705882353
J06	J45	8	280	408	47142	0.003254349262770051	5.882352941176471e-06	0.006223529411764706
E78	M54	19	439	1009	47142	0.0032898214027658815	5.882352941176471e-06	0.006229411764705883
E78	E87	6	439	154	47142	0.0033300751840874983	5.882352941176471e-06	0.006235294117647059
E78	F23	11	439	445	47142	0.0033407819353187614	5.882352941176471e-06	0.006241176470588235
F17	J96	6	1304	53	47142	0.003354474626117272	5.882352941176471e-06	0.006247058823529412
F17	M41	6	1304	54	47142	0.003686976100288349	5.882352941176471e-06	0.006252941176470589
E10	F17	18	319	1304	47142	0.0037138097317796505	5.882352941176471e-06	0.0062588235294117655
N39	G40	12	234	976	47142	0.0037674520712441375	5.882352941176471e-06	0.006264705882352941
B24	K29	6	57	1245	47142	0.003862280416893383	5.882352941176471e-06	0.006270588235294118
F32	L40	7	1093	86	47142	0.0038830284020029736	5.882352941176471e-06	0.006276470588235295
H65	J34	11	73	2816	47142	0.0039147175782936585	5.882352941176471e-06	0.006282352941176471
F20	F31	10	774	222	47142	0.003930250644410216	5.882352941176471e-06	0.006288235294117647
B18	K29	17	310	1245	47142	0.003975189272962355	5.882352941176471e-06	0.006294117647058824
K50	K52	17	441	873	47142	0.003977483550627142	5.882352941176471e-06	0.0063
E66	I31	6	726	99	47142	0.004368628466878536	5.882352941176471e-06	0.006305882352941177
E79	F41	6	152	472	47142	0.004437060261997506	5.882352941176471e-06	0.0063117647058823535
J06	K76	7	280	341	47142	0.004522150193389182	5.882352941176471e-06	0.006317647058823529
F60	I10	20	666	737	47142	0.004650960041120051	5.882352941176471e-06	0.006323529411764706
G40	J18	18	976	435	47142	0.004684227541374163	5.882352941176471e-06	0.006329411764705883
I10	I31	6	737	99	47142	0.00469580074124965	5.882352941176471e-06	0.006335294117647059
K35	K63	13	1671	160	47142	0.004750894021279201	5.882352941176471e-06	0.0063411764705882355
F17	K44	18	1304	327	47142	0.00479033322755322	5.882352941176471e-06	0.006347058823529412
E66	F20	22	726	774	47142	0.00491230903270077	5.882352941176471e-06	0.006352941176470589
I10	I26	6	737	101	47142	0.005174667238465486	5.882352941176471e-06	0.006358823529411765
G47	J34	50	574	2816	47142	0.005189296824380126	5.882352941176471e-06	0.006364705882352942
E03	F43	11	156	1346	47142	0.005360802962979596	5.882352941176471e-06	0.006370588235294118
F45	K29	15	268	1245	47142	0.005468607660068541	5.882352941176471e-06	0.006376470588235294
E78	F15	6	439	171	47142	0.005530773688533309	5.882352941176471e-06	0.006382352941176471
M20	M67	6	131	575	47142	0.00556219360584479	5.882352941176471e-06	0.006388235294117648
D50	F17	9	118	1304	47142	0.005612387738292388	5.882352941176471e-06	0.0063941176470588236
F43	F84	6	1346	57	47142	0.005623512643126439	5.882352941176471e-06	0.006405882352941177
B24	F43	6	57	1346	47142	0.005623512643126439	5.882352941176471e-06	0.0064
E66	F13	16	726	506	47142	0.0058377910992847976	5.882352941176471e-06	0.006411764705882353
B18	J45	8	310	408	47142	0.005949004847172195	5.882352941176471e-06	0.00641764705882353
F07	F17	6	60	1304	47142	0.006217441583933663	5.882352941176471e-06	0.006423529411764706
F17	K50	22	1304	441	47142	0.006245049361405354	5.882352941176471e-06	0.006429411764705883
E86	K29	7	83	1245	47142	0.006420183082814985	5.882352941176471e-06	0.006435294117647059
